40
0.000000	7.973325	7.791432	10.496900	1.614848	22.921774	2.038459	204.867403	3.835060	7.017089	56.128803	63.104570	17.977409	45.392594	10.651615	60.329973	2.528674	11.786630	74.297865	80.337718	2.617453	58.972370	9.004343	28.528655	14.868499	25.100254	2.962265	7.717199	7.778682	4.792486	22.583750	29.305588	32.159477	46.521555	49.586204	26.265839	27.916233	4.862651	10.436461	17.456678	7.162732	 
102.713005	3.143974	21.081672	68.906322	9.382207	8.062584	79.044469	15.867850	123.761933	18.446325	1.515681	11.543752	8.194437	1.107581	30.406120	41.417562	47.317971	19.443942	22.778519	1.114714	32.199069	84.031432	5.826699	5.691847	93.878158	61.715465	83.909326	25.658033	12.824587	3.809110	7.923678	107.296819	49.759978	2.823808	20.487135	33.642637	20.034192	42.247105	13.492741	17.148520	1.540548	 
88.350916	35.643326	0.132411	5.644217	47.707583	14.841556	37.618892	17.653388	17.757337	21.973958	32.413535	32.740587	36.103226	1.892955	61.649843	7.997137	84.748968	36.201942	92.514899	18.990246	2.086706	70.227991	11.665937	106.911219	35.225652	54.126570	9.311377	5.953341	20.143011	40.269417	31.753407	41.371976	16.365963	4.532199	6.542532	20.188485	21.245338	17.155197	5.577961	31.404633	21.176593	 
13.597144	68.367549	44.242105	17.343015	59.863744	9.841062	22.117261	23.103508	10.745964	0.633737	63.798148	41.165470	37.838584	59.760553	23.067239	15.643222	28.404784	15.914605	19.615666	113.890544	50.743630	3.355222	74.076868	43.437608	18.428980	18.214279	13.832488	1.076386	127.213094	22.591569	69.308312	1.289347	14.016227	184.800342	40.749550	68.248509	128.988485	31.031412	38.753570	26.631808	24.730790	 
8.881670	7.793238	22.548645	10.916964	13.633006	26.824641	54.654461	65.872794	4.985213	41.591459	4.313597	7.005336	16.494772	25.372883	51.564578	45.538889	15.975519	35.563159	24.305839	42.706343	37.213304	26.698809	3.715160	21.915551	74.106469	20.536894	137.359405	41.266452	16.273072	4.633488	23.842865	33.940516	16.158347	60.122658	15.274123	64.214832	0.461165	0.383465	9.013207	30.808741	42.975719	 
5.005829	5.932531	7.536742	5.221528	6.441376	5.645012	16.404116	12.012571	44.672188	29.275534	5.103174	32.121044	61.917853	6.556004	69.580341	23.052668	13.471016	5.350602	18.349585	82.996999	165.130684	1.055519	24.388936	39.466772	2.152414	16.604237	23.793053	2.810855	15.786015	4.029655	42.535866	140.792570	26.650854	78.518015	29.335041	72.436946	4.934441	43.537823	143.815950	6.618264	10.683884	 
19.634887	96.015625	54.192768	9.546340	5.013966	43.563420	8.945067	10.871660	20.834012	36.489684	110.155827	1.687376	16.195904	21.953598	18.798639	4.722822	6.540160	47.144132	53.044115	0.701621	6.084144	19.339301	53.851204	22.390418	3.964987	32.837250	30.050822	6.942866	129.157377	7.637543	47.487195	18.884815	20.068384	34.868277	164.639893	9.069538	13.323182	18.061457	42.179848	24.054353	31.558998	 
29.348607	44.281742	19.303532	16.169789	7.975653	2.515778	15.688280	1.763138	1.676674	180.053417	16.358154	16.794238	16.237897	16.934306	40.131395	0.735681	52.254456	42.529221	45.082958	7.461967	38.393658	86.498491	56.542557	57.110209	22.090551	22.990994	108.053254	15.073798	54.344098	16.707299	51.806609	28.545136	0.915274	65.963568	3.626034	101.897388	1.654051	41.560843	7.802175	26.846210	29.369301	 
30.095806	86.085719	80.529940	30.425102	8.522796	135.848073	46.219189	48.788330	8.561005	34.444207	37.174522	23.151313	32.230093	10.284109	8.107633	8.572088	17.116493	13.701105	17.758541	5.094599	42.170423	20.648160	68.980456	16.776582	24.196741	7.822542	14.603103	3.421656	24.168606	96.991362	18.087349	0.731745	37.326186	21.318269	28.803015	117.953313	45.591327	12.138843	41.459818	0.482813	1.430758	 
58.835685	95.141287	11.877135	60.000530	47.037894	173.124158	3.343821	36.235459	38.905573	0.544890	2.781769	3.712993	1.781922	41.335626	19.220440	0.557538	9.977123	27.278841	45.515351	57.364362	122.909415	33.011058	15.583848	23.259993	3.133031	11.307810	28.496317	110.537940	4.388231	3.459908	67.319364	34.447167	7.727482	3.120246	60.595148	9.398235	12.342758	19.469196	152.056406	5.228894	19.514139	 
41.276756	27.516329	17.213908	4.561252	11.065103	0.534788	37.384983	15.011185	35.758433	44.638757	0.919167	5.403242	14.392266	8.893700	21.741304	74.085178	28.777261	4.034984	32.520872	65.516472	53.128083	19.404083	49.228960	9.335709	61.790527	22.712814	16.864573	53.231968	21.293597	0.245757	16.798705	59.122341	5.327196	26.073164	19.336673	16.112444	24.133333	4.837191	6.333131	21.754820	5.016353	 
52.707289	2.426554	38.270979	16.682851	74.601036	12.488483	99.994613	20.097194	13.525526	2.753475	76.595281	17.764125	8.021940	5.921539	22.712041	43.050092	44.206095	33.861186	30.178563	19.624668	11.554472	70.499363	9.285504	20.183069	24.962764	67.759875	60.330621	19.977142	2.713541	73.141263	14.623983	97.595081	15.369519	22.814494	27.106060	31.364985	3.835059	7.037240	29.236005	55.874529	6.568163	 
3.835285	33.391845	40.190720	49.031396	12.195799	21.459376	4.664278	25.531306	44.565257	56.391390	36.736475	11.384576	9.250607	14.794868	94.327187	10.262689	10.266384	70.422759	34.420511	0.594675	39.063741	102.796971	177.552986	5.079496	35.851700	63.923181	101.183443	7.304932	28.097221	13.630059	6.459760	15.128655	2.246524	29.696720	1.667005	8.836776	210.281560	97.073886	3.272652	19.559843	59.722194	 
1.180359	2.903360	5.610709	27.958934	12.794234	23.769081	16.567994	23.325609	19.609692	94.948547	36.046671	24.293127	11.393171	0.906546	10.358562	60.217073	58.158898	14.619345	13.867760	46.365788	0.909475	8.698333	51.437451	31.036879	11.026287	8.811603	75.985245	17.092757	127.221227	1.529834	0.880636	21.622741	11.141123	9.270333	109.854477	19.350160	25.794343	26.448467	12.876521	13.549148	63.243084	 
50.282181	28.834705	89.252442	16.451449	12.067965	2.778500	3.888429	12.442735	18.804773	3.025138	97.150925	16.177435	49.101074	26.228053	3.819810	67.577843	85.325362	95.320275	77.166697	0.856997	16.992301	1.666525	6.480084	9.524838	2.282970	38.738692	20.162881	68.620717	71.076284	22.162220	50.655042	13.959294	11.706584	35.657929	46.437062	64.623525	46.032733	80.330141	71.353208	35.809049	12.850515	 
2.572442	15.089328	3.735923	21.991059	52.956319	46.940155	5.549890	54.092533	17.122262	26.130591	7.616102	77.392581	43.381967	3.235316	61.052608	5.799407	9.710961	36.909616	32.696868	0.455976	4.218761	2.713987	61.801276	24.903685	32.885551	25.416779	3.599898	37.660502	13.047783	1.387100	29.908134	38.015712	43.908424	28.388542	35.315544	54.921024	5.318864	36.064620	68.054818	7.699845	12.951914	 
2.381387	14.470865	53.362121	136.548847	13.108617	24.616084	86.292036	10.544753	1.077212	16.832372	87.747066	19.706505	7.334454	48.598762	13.213949	69.661907	4.819311	16.761322	18.148414	4.185432	192.464444	57.795959	9.292482	1.263397	26.872619	11.957373	26.156491	3.693185	86.131354	4.445104	0.672104	32.814906	10.471188	11.215223	14.988786	3.403482	7.500464	14.160765	17.470225	41.420786	3.821564	 
27.889898	13.764875	14.593070	49.558774	85.542236	2.019648	28.119663	10.908767	6.661469	18.005501	136.401344	6.465232	29.339091	34.833473	105.050279	19.846521	23.580660	0.503155	35.673258	16.155944	67.748817	54.192141	44.616120	3.075046	3.419072	2.757439	33.111811	15.797991	20.983544	49.127943	11.282707	54.319770	21.785654	58.926002	15.633005	50.211948	19.665219	24.765596	86.129549	6.122078	55.109079	 
28.723961	114.338277	17.778462	10.252702	9.855821	4.207540	62.373006	42.170486	13.945192	0.922928	15.753379	9.186107	51.058507	51.778876	6.343004	3.431268	22.359175	101.857921	13.155174	29.169624	21.144588	30.856954	1.265792	10.872270	30.636922	5.533806	76.404120	50.897883	41.153666	86.075707	21.200798	2.387082	8.936963	12.775205	71.509148	51.948490	3.886489	41.959639	3.415644	6.602466	99.149399	 
13.031978	5.746830	121.165858	4.802571	81.901552	12.461851	136.270536	29.283220	3.156234	36.500662	17.033191	25.028468	10.546145	103.709343	2.172124	108.017796	46.065945	69.018946	3.856139	6.267664	5.417155	51.939701	43.345501	0.923465	0.637464	28.176935	1.359193	27.314143	3.970494	22.494339	70.805700	119.046038	7.541421	2.671976	5.652550	29.680297	22.923825	40.836045	11.227147	13.662496	10.217028	 
79.434270	29.095694	10.913251	13.038929	19.390111	70.461586	4.607530	43.056546	21.749697	25.272941	3.010033	26.687451	28.764532	7.240207	10.151179	193.280145	6.113172	88.324547	136.367178	18.745747	8.696997	11.189803	162.928042	54.594608	69.310702	31.387196	15.620978	0.690450	9.248190	21.478878	12.617244	4.330687	49.494422	34.226499	31.725564	30.564274	26.666060	32.252757	48.869743	38.859557	6.384301	 
12.263619	36.704276	18.958488	45.379515	4.048408	26.132729	12.253940	2.723430	4.326658	8.694734	1.447712	6.797686	6.210010	66.877939	16.409303	11.441981	51.202277	8.205886	58.978569	73.233843	0.832559	1.618127	194.120776	21.208690	11.295565	42.191813	40.032546	10.235303	5.007892	18.281484	0.694367	0.655700	13.161475	32.187866	49.632932	9.060285	16.297274	16.614788	20.776530	16.515218	5.311826	 
81.774716	18.077428	56.221025	23.766840	80.767100	7.342294	3.179468	60.519047	66.032205	9.335090	9.025042	4.534628	1.988255	105.811122	22.198997	51.370115	96.264613	106.386245	21.009198	17.133939	28.467544	23.325922	3.939505	19.988522	62.859118	2.566342	75.536244	32.711333	42.916080	18.499367	66.035433	68.290039	4.758857	21.120031	27.254682	28.964158	13.060347	9.912250	27.221012	9.424870	6.593729	 
4.191586	23.754361	36.462669	21.976654	55.252723	157.449203	28.817696	72.226863	53.375914	35.680502	31.306758	4.213050	10.042867	23.157215	18.810161	22.169729	14.662886	40.546060	3.650422	15.576280	13.826330	12.708669	10.055923	1.462716	34.844504	168.950317	64.354318	19.943024	22.060780	40.848722	87.076644	22.360575	52.197108	9.889407	48.558812	84.427584	11.586161	7.849360	83.844973	47.390954	33.273339	 
154.197925	30.697680	1.886816	78.029078	11.771871	3.378773	88.679762	111.241569	2.715957	76.359292	12.121902	17.377551	57.189143	29.813236	43.396269	22.197692	28.155371	62.562873	5.329879	104.313671	41.163371	13.603804	21.626810	10.599761	14.806077	35.711494	2.522215	66.976271	71.639780	23.074302	53.503082	5.679479	17.636687	26.865333	3.900525	24.325772	14.304261	0.982460	31.154919	16.768555	11.682608	 
5.136663	5.371807	33.252881	13.902594	35.587864	45.274860	2.903025	40.952085	21.244574	9.136845	3.963585	8.746211	53.454701	29.142433	31.469906	10.491321	52.395251	15.846915	49.293573	15.714077	12.213619	145.249079	41.588919	16.967255	59.887004	17.222161	8.014882	34.178517	8.023381	30.301985	8.100599	24.899557	52.648354	14.864706	55.527994	10.069828	3.189398	44.294417	58.746269	2.557720	9.843465	 
2.890303	35.282914	16.651754	0.822459	43.604520	2.269755	32.683845	3.271810	126.279730	2.838950	35.161328	1.468338	143.160356	55.211016	19.600805	38.320018	27.584988	31.713960	9.625292	51.752670	21.380727	31.735948	19.418357	122.013876	31.052755	24.610543	24.301476	5.592852	20.871408	58.311120	10.164788	1.916796	28.088638	24.900815	18.139393	4.975027	9.222838	81.854855	33.365556	6.768170	41.096479	 
74.118626	15.169259	5.278178	13.171941	153.261928	81.700811	61.281112	28.925123	27.005700	4.703209	3.304450	21.361823	0.415706	41.825202	17.324329	43.679996	1.488207	32.402990	19.129206	5.176335	110.709978	36.230357	32.711735	64.561031	12.917046	34.853125	57.520733	6.282169	13.990225	24.514830	14.678653	15.776243	3.960750	27.788362	29.295874	2.681468	30.174151	34.017669	8.728368	7.394032	71.838546	 
37.617122	23.656683	0.674054	7.187147	38.572287	19.746996	21.773565	16.431840	110.172947	6.441138	2.742997	25.177887	5.270355	19.309481	77.838555	20.652418	34.087509	13.162942	39.737839	41.951270	1.070499	7.047865	2.885709	1.154105	13.114180	26.290081	26.124793	13.861400	5.206116	6.654712	77.929259	5.948811	167.358073	57.778418	5.044866	41.403375	35.098318	31.081032	14.077225	13.285107	32.463891	 
66.936797	27.666314	30.511319	16.954950	17.968973	19.305886	1.736289	171.106203	51.601585	25.727201	19.041150	75.189961	2.747550	53.558740	4.334874	49.960509	28.828077	20.736057	12.795997	43.023584	6.283255	6.353678	59.707262	3.732406	59.939497	80.016135	25.036729	52.920459	2.333513	23.641701	4.944930	77.279430	28.815509	25.372308	90.461372	4.959305	99.706221	34.262574	1.613122	3.625604	38.664591	 
47.477036	1.431920	58.990443	4.201319	4.509937	18.167535	26.371459	65.893022	126.044711	25.405931	50.526871	18.831971	16.511599	28.109330	39.347972	37.424016	86.265120	144.403104	14.565002	28.742311	33.026920	25.806580	22.074554	14.897228	11.440649	1.462845	54.997019	39.222909	27.683323	0.655137	7.546575	75.203378	21.909610	22.344315	54.662836	1.408898	9.852805	36.346381	24.350154	12.679145	8.792675	 
17.283134	39.251696	6.865609	32.820368	46.068070	58.670705	70.555147	15.881052	2.034569	0.626450	84.692056	51.368848	69.075316	50.471568	25.039451	60.509243	35.934578	17.390198	31.304920	41.037597	14.291296	17.023897	15.034732	12.881420	0.440597	107.221870	52.669318	20.547538	19.889783	114.193262	25.396761	2.194368	22.648791	135.093808	20.489939	47.492716	59.425539	38.390004	7.823706	4.703143	6.277605	 
14.189626	49.616251	38.157624	14.685101	14.181924	12.474202	56.982834	62.254033	42.570905	34.423330	136.991021	48.217395	23.480939	33.459628	31.150007	49.211336	29.475731	17.110032	10.519306	6.779844	15.021057	5.752616	21.456328	5.388280	32.105999	44.732595	84.495932	1.355304	3.090261	40.423023	14.807000	36.682902	10.231400	27.067185	3.402117	21.967424	15.969267	13.553645	9.170490	20.517821	15.636940	 
2.936507	112.909576	4.635398	74.231065	26.456396	30.680005	24.059587	2.236519	7.590799	53.924057	68.873385	24.024269	7.412653	31.820159	15.805328	20.740442	85.249589	25.180619	78.316888	38.329278	18.124147	5.162639	30.830633	64.495068	55.438827	2.888932	61.792846	13.356497	49.169578	163.328484	46.761474	30.956776	2.829233	0.168303	7.438041	13.164516	74.088684	43.612625	2.210533	25.523938	25.740076	 
21.030682	4.683280	11.297279	5.408348	59.090295	123.305549	205.875432	55.759921	32.320222	1.447967	14.016573	7.623184	6.316201	4.921632	4.992912	72.602209	79.978917	49.443157	3.763737	11.099189	30.338343	8.050058	75.076585	56.822608	19.532940	48.871903	71.112800	3.091564	10.440271	22.697847	14.715630	77.318766	0.128478	51.225125	0.945788	0.281719	10.636535	26.213289	17.344275	49.804854	6.357709	 
25.632541	22.064669	34.203949	30.754842	34.666925	42.882868	4.530707	43.365854	51.164452	119.055393	81.840829	66.641086	76.692406	26.387314	27.111630	6.211707	108.488624	23.247778	6.525749	15.409038	0.669474	0.749808	22.099850	38.971762	43.174972	10.269005	46.154751	27.915936	25.115545	20.862626	37.727799	50.946133	0.891860	8.194448	68.805335	0.807667	28.067095	45.509994	26.565976	2.826350	65.518519	 
21.878052	1.932176	57.699082	21.029178	37.275905	97.023944	25.992907	0.159983	31.262629	1.630877	21.803010	9.042390	54.712956	0.659937	11.936943	25.048234	96.210126	62.606171	5.647972	92.061367	28.026753	98.367780	109.405890	35.815545	8.725442	22.662883	103.369893	11.987724	1.747866	30.808250	28.085327	25.565782	12.578294	44.820328	4.406489	10.109645	1.671667	54.104782	3.921489	60.174823	7.956156	 
26.490333	9.738442	8.461058	2.764375	47.049999	74.971739	14.874736	1.292463	2.623165	34.887140	9.539949	30.578135	18.704576	27.484204	4.013915	19.151922	20.708559	30.131252	5.297400	98.670752	1.544522	22.476635	17.790361	10.504109	10.928622	115.807376	96.393046	35.844872	52.051389	42.426718	106.337597	33.312694	62.049896	37.194613	9.225339	30.845277	96.957506	7.677840	190.818457	52.905836	29.519334	 
18.810010	43.689063	38.996848	4.869543	29.665263	6.849151	22.004036	24.767455	2.932432	7.683171	51.372934	95.555539	26.950135	5.097882	10.374881	22.126055	13.998395	87.274413	17.702618	3.063835	11.574023	61.346123	21.888533	33.568244	33.475966	45.869899	57.618041	57.830236	13.038102	19.054060	55.179529	69.723466	37.063644	78.586786	0.266764	39.674069	18.115175	43.385570	15.874235	30.095254	9.657420	 
10.455404	67.127937	24.572039	2.647934	78.587780	69.820492	36.989267	5.409951	88.739338	55.262327	24.030375	1.742925	2.577210	52.923894	52.790124	4.572069	69.754789	28.493219	24.404288	14.964346	35.285642	1.786088	25.060079	44.512384	3.394271	7.570145	62.618160	114.621097	0.926593	13.017590	94.274405	43.028292	10.881338	20.410536	5.880280	2.826436	62.619782	1.497284	72.601869	1.742112	48.652286	 
63.368035	3.361804	43.753429	2.131053	37.399003	82.086740	10.989057	6.798917	39.092996	10.761221	69.502791	102.960825	112.103485	10.679998	73.833484	11.487868	39.719995	8.266528	49.723772	27.184418	19.311271	50.292195	9.033669	33.986403	5.169968	20.636012	26.794088	34.261984	50.948898	26.757571	71.666371	114.684955	2.233082	183.913686	73.095752	8.702609	22.548477	12.089791	30.812319	41.675987	1.542469	