32
0.000000	14.320000	26.068176	7.480647	77.783305	53.882673	15.251966	17.847121	12.523929	12.026764	14.215577	51.830129	34.899672	19.592551	30.203029	13.317364	14.996871	61.337774	14.935739	2.400052	11.849611	65.025548	75.732761	47.734821	17.173097	46.359446	11.251232	4.317264	5.983371	10.215798	10.944857	72.297016	52.147974	 
5.082814	1.445075	17.100594	20.612866	12.141716	10.952732	75.334712	40.088499	77.995156	86.737560	24.770706	17.827681	17.498388	12.473503	1.463979	8.594619	152.154267	10.126929	35.370324	12.886730	26.340748	46.657981	11.526595	6.132518	46.856095	12.280277	18.048126	4.880584	10.467432	32.790779	37.029358	12.561103	64.690163	 
12.721105	53.874904	0.165712	28.783650	54.760481	54.552249	99.041028	37.278733	3.478754	13.524336	11.170854	8.661465	0.978942	37.819091	10.194585	20.850141	8.640721	56.153883	7.547297	22.399497	6.314176	44.455948	16.682429	47.024176	4.756842	95.590562	18.313471	14.929566	15.552937	12.412363	52.745089	25.559437	19.764786	 
3.294103	6.639371	0.523610	0.396392	1.131084	12.109176	17.323842	35.475856	10.594630	4.394433	9.845984	50.346670	17.029797	61.443995	10.018559	2.269511	28.864398	82.139976	17.732870	15.510529	4.387792	24.076504	3.353095	3.839120	26.055922	37.636476	8.290163	1.340583	62.055603	3.567138	19.037194	12.618001	71.512006	 
1.925598	10.810742	64.383646	18.623170	4.500603	50.277738	9.862988	16.389495	15.253632	11.782350	56.547942	15.190131	13.373546	86.609768	2.679570	8.284491	20.990662	7.664398	0.884318	21.613332	25.907034	7.130919	87.168527	21.221568	23.835436	7.400304	32.003077	80.931183	8.659691	22.394216	36.546705	58.662025	35.622714	 
0.487857	62.141261	0.491061	53.729839	50.532089	2.553730	32.891435	3.452395	9.190648	2.291173	0.432301	13.507024	58.431792	47.634321	132.934433	16.046502	3.345952	12.072621	2.122798	19.720175	81.947207	8.742295	40.807044	1.391046	25.810393	1.701653	19.240791	39.922607	105.970387	11.552454	8.750190	8.997761	18.488418	 
7.340637	3.891478	61.342769	12.995936	19.640284	64.663830	2.399136	19.001943	12.905230	44.313051	11.446879	74.752525	50.695984	5.274009	6.778106	16.741385	4.300178	14.267462	5.344671	9.237305	31.399691	24.340669	2.681902	6.060242	3.781473	3.308324	27.328681	91.315979	58.362059	37.574078	26.028703	16.583797	46.552999	 
13.649888	12.120604	39.575738	3.545278	65.897549	100.829904	6.139910	10.622703	68.744149	56.186060	2.080013	15.654846	11.369997	1.225820	43.385502	68.192101	17.467055	108.067185	6.044897	22.783729	23.211164	107.824959	7.925087	55.993747	2.210261	73.208012	23.405099	27.728481	11.492781	30.612398	7.330345	3.059819	12.837916	 
36.497254	71.876557	31.390794	18.166100	20.620568	24.267176	61.599447	4.639827	3.901613	23.333592	5.664068	3.911337	1.209801	47.758075	83.874286	38.143409	212.237117	3.619554	16.808950	46.671879	0.915169	24.667382	20.845177	8.804737	41.563266	17.467750	16.529174	27.148111	128.849797	20.329108	162.192685	7.856130	2.230425	 
16.546217	1.963062	15.380649	19.643230	93.046801	82.574010	28.128863	4.933047	82.914096	1.688700	29.026868	73.611731	6.047386	18.180932	7.055671	19.227868	46.832115	8.881594	42.933695	16.014222	24.182878	13.832012	53.896168	64.665721	38.830552	2.945774	33.828819	29.385947	18.746874	39.092254	13.947016	4.865139	9.346775	 
21.717328	7.146937	12.112984	1.181336	51.803095	11.856031	30.157090	59.944906	29.935454	39.163018	0.182552	18.183985	9.713654	57.510042	16.223568	22.731330	0.852762	21.042371	66.709658	5.830896	7.566582	88.646006	61.006579	38.604801	7.526374	151.712519	15.429810	26.263926	1.888278	71.898341	15.082147	1.924361	77.615180	 
53.279136	47.602489	139.883731	8.997019	13.345810	84.278764	1.619396	17.669921	21.021389	33.028369	60.345006	31.788377	23.568304	36.349960	29.490153	15.771689	76.697919	49.890410	30.906214	26.755168	23.346836	30.853642	13.340042	65.925707	54.658033	9.963764	33.653406	36.452813	59.968821	164.792193	36.965288	15.357619	36.083922	 
11.608854	10.839067	37.142065	44.092864	13.597121	14.549447	36.364370	15.676082	21.768103	33.344486	31.569618	7.125081	4.216726	118.101591	68.944589	7.311963	51.949945	61.121428	91.150148	33.785960	61.143747	33.715316	13.198352	0.973783	16.527309	0.413313	17.631728	17.062898	10.764268	49.117797	63.922749	1.607590	79.381086	 
5.000068	28.734290	2.846644	45.793275	43.613497	11.925456	20.101426	1.652145	12.212149	22.087199	23.748754	10.232240	71.425349	2.952476	13.488632	3.697282	77.443333	37.162429	105.078352	60.021696	20.628560	18.759296	37.142354	26.945044	8.071433	9.898553	6.347054	3.992900	3.497655	18.237490	12.519693	19.086861	23.132916	 
19.412024	1.394193	7.187505	12.456127	44.321185	18.791944	2.094420	72.298388	19.171675	26.356349	31.035176	26.095988	10.777410	13.183377	7.205229	25.539300	7.065610	34.134674	47.320549	4.071394	9.419385	5.376865	20.900704	48.426954	16.126853	20.578041	34.138791	35.949620	16.150749	13.522976	71.101642	13.121647	4.297317	 
5.491647	11.716534	57.443144	142.912675	23.298065	37.522724	7.848170	5.738193	49.431598	53.330319	1.011242	66.669016	36.575433	33.628283	21.405299	0.451298	14.594619	0.896193	10.290457	20.518931	11.029144	30.796341	1.863566	17.964820	25.073610	12.277924	14.422732	5.056299	2.653956	69.441995	17.025865	0.850464	52.962433	 
26.776928	14.356227	114.098205	4.894089	22.417203	87.172570	20.904801	30.020842	25.611629	59.360178	56.018503	42.228527	35.257199	15.678042	1.263999	18.437518	16.195949	3.883221	10.119727	18.572353	64.044456	3.157323	37.886267	86.008077	24.699899	1.775948	21.233632	17.577885	33.816390	1.052797	10.210546	12.030106	23.338158	 
8.375320	57.375872	1.794991	25.825188	50.647693	73.703047	17.331887	33.434922	42.319905	11.825305	3.127470	2.873602	38.992181	32.944431	19.055871	53.593328	16.261626	0.791032	31.193828	46.992200	10.622219	27.762063	39.888283	4.987337	17.191997	1.332262	18.607007	6.660015	46.698650	3.015746	27.015503	2.700702	31.029729	 
72.913364	44.202910	12.630691	8.556949	34.106052	114.301916	78.535836	31.285169	43.415952	70.932326	19.438490	1.606412	29.755545	40.512108	34.763366	6.892054	40.686482	10.787976	1.071411	6.111049	32.407299	98.772250	7.880536	7.726351	0.918526	27.214334	48.722169	39.812554	29.744338	16.573032	23.130118	131.401607	21.148992	 
136.233872	15.910125	18.743586	0.481568	22.789855	29.866763	2.933805	5.840407	1.026968	56.331837	29.776063	36.359662	23.058892	16.659271	13.906726	22.009977	29.811736	22.265794	16.839797	0.386749	27.363379	46.389387	31.829426	30.881187	19.754414	103.988107	30.330058	41.251177	6.595825	58.132945	3.288137	30.522431	45.845319	 
5.822828	18.452959	15.072626	4.424016	24.218354	10.522506	35.843572	13.698610	116.878904	19.340856	40.228319	5.026451	2.883740	51.156664	59.732718	16.368904	12.541385	41.762649	9.496176	11.464632	4.008068	36.121093	8.313014	11.418777	14.232523	6.600727	33.966456	10.917944	6.354538	0.455136	41.660556	2.037317	21.222021	 
1.608599	10.841802	31.393678	28.544440	17.723545	22.799203	2.338165	44.679410	8.263134	3.554933	37.076688	6.061087	32.784950	3.169547	36.209905	14.398605	64.918641	4.890608	49.524663	32.026676	33.620480	1.434222	6.464778	31.314602	66.175517	9.020073	48.899099	28.917653	55.922048	9.083126	5.814777	17.480845	42.839708	 
7.641272	9.235074	19.216919	24.351328	1.733055	12.867085	33.969599	5.215496	44.217070	23.532287	19.151968	94.257979	40.054314	7.990583	6.911519	12.829137	17.508304	85.335543	84.272453	22.345598	3.205449	14.315377	0.871562	110.522015	4.952954	30.540119	32.388999	34.216848	5.344208	1.905812	51.413377	32.976678	38.040940	 
209.285016	20.151979	14.698373	5.803928	75.721703	25.884126	72.023650	5.479864	3.797349	51.014799	60.307172	14.228744	37.991147	5.902742	12.216609	85.088273	77.642865	33.708930	20.287532	32.845830	16.173231	39.635506	7.144276	8.875175	34.273933	26.311936	1.409150	25.514686	7.476276	47.702278	102.153225	35.667058	9.449795	 
22.636963	74.089587	21.171829	35.587976	15.427503	6.214749	54.369352	2.605345	9.811806	6.487326	2.583067	163.632066	63.523101	24.434386	8.615347	11.145406	24.959904	25.119487	48.568543	41.550507	5.486262	1.177092	57.572368	9.406935	23.641894	1.338157	14.310192	18.727647	54.267117	19.163768	66.724147	51.886951	14.431743	 
3.433122	41.409766	9.597494	10.097167	28.034372	8.374750	67.289684	47.732158	18.746417	52.583355	30.620082	152.606182	108.569038	14.722155	2.760483	7.888665	23.890321	28.524340	6.808832	4.594752	34.351383	64.550647	116.221835	19.879460	11.894677	8.272387	0.396108	22.963323	18.848290	45.578318	109.339226	22.912684	44.790084	 
5.505113	47.220043	9.226160	54.924838	15.280791	10.803569	9.425808	22.802779	24.440518	37.020465	6.426611	6.515477	17.037732	252.913841	30.047841	113.658156	1.876065	44.724219	16.824693	5.694319	75.382615	77.086566	65.915584	4.902690	64.503751	1.813096	4.936708	1.587258	15.279227	31.478582	93.310618	52.159070	7.540802	 
5.196121	5.652556	44.428437	0.634225	36.225544	35.698484	19.724983	24.696252	11.186986	4.542178	18.410364	52.971714	18.202121	76.274058	7.572376	156.971669	14.400764	37.725819	15.063002	9.591765	59.099408	10.575218	29.819885	13.379381	84.027846	18.961673	128.739788	4.376841	7.521810	1.117766	9.077275	16.892132	24.807490	 
18.043044	22.242144	3.610809	11.501404	19.952893	38.921002	18.277266	23.501575	45.499373	29.850168	76.500974	64.675412	106.889531	3.067378	77.018762	50.307907	5.735605	22.550680	3.566682	22.635904	44.038760	19.142261	37.364998	6.108519	38.454591	7.315403	36.402255	4.537787	4.937526	101.464820	12.693272	59.658897	11.257812	 
9.559846	14.020663	2.108283	29.138351	14.647731	17.013665	15.724787	63.905286	8.312378	10.421121	31.779369	27.272603	96.567231	17.946184	8.884220	31.208647	14.093255	38.552503	2.562539	33.190172	23.447508	27.569351	73.390879	29.446404	70.960232	1.710257	13.067220	11.543835	47.281754	2.633895	19.546304	16.660009	9.993249	 
30.932147	62.787096	22.145606	29.727329	16.744810	32.197939	30.576252	0.371155	3.206285	9.072150	63.605889	1.472047	8.609742	52.137664	12.819848	8.273494	16.116044	90.130261	0.445883	37.523566	12.558064	5.836062	32.469118	20.183760	6.076658	51.872173	5.875015	65.193154	64.072590	61.320409	0.866838	1.204004	33.781724	 
41.194558	3.577394	97.699549	5.778449	67.583157	108.395905	17.494779	8.817084	30.349447	29.178485	51.815830	41.289466	85.033630	38.835007	11.927184	14.098394	8.738497	71.546366	36.791554	13.054481	37.962598	53.522716	22.371079	14.540590	11.572559	6.647867	21.171163	6.058084	24.850091	10.801742	51.346280	1.747530	8.280604	 
20.135247	10.722448	33.243195	28.448105	53.686860	13.394334	2.273902	1.937098	3.114775	27.772973	20.741525	9.133334	11.146559	8.913816	14.679664	4.680688	29.806989	14.820012	3.381938	4.982726	150.256965	19.532154	26.846638	43.272225	5.002614	123.364202	10.119730	25.826728	3.692599	18.199632	35.817255	3.107171	11.306918	