32
0.000000	1.744059	43.421383	35.871973	35.943740	21.819186	1.616118	53.400411	29.848749	1.671546	87.917483	2.239533	8.226711	6.114943	28.535563	9.773549	17.470358	39.374970	89.551020	3.002316	27.121494	38.878959	33.031496	69.395232	32.853774	55.687785	11.443109	4.012141	2.092507	38.093464	109.508346	50.198497	3.324503	 
53.324098	0.969065	22.086972	2.604129	2.521031	56.027427	24.422865	3.379156	2.863979	16.289560	13.521789	37.448054	81.800479	1.649876	20.358608	37.915109	33.822727	3.420741	71.862211	30.596118	49.189205	11.698760	7.021362	25.680752	12.005251	17.340971	7.006966	7.797895	109.370680	23.258889	35.073942	8.128582	51.052865	 
4.613851	16.915081	2.553123	32.258081	9.739414	47.097262	3.644278	13.571892	10.833755	10.793447	53.635963	31.757523	1.147947	34.260081	66.662132	44.512476	135.615240	24.594454	127.150430	23.498491	63.879719	13.174570	3.031907	3.925066	59.795596	20.877954	16.518294	6.231592	67.481211	5.866522	18.828612	6.979786	7.410675	 
55.733331	21.640473	45.193249	0.048939	35.128644	13.167334	58.136423	23.139879	40.117158	54.135512	22.643239	36.043851	9.212934	18.067558	0.460476	16.383260	4.656825	9.367414	6.800747	18.599714	12.994868	199.221215	17.810890	29.389410	14.008362	7.505539	10.210757	18.373858	4.567079	45.535290	58.387365	3.895839	31.222418	 
28.233247	25.962067	32.747167	51.212287	2.658950	4.070002	10.908036	6.497498	8.122423	31.270293	18.653545	21.492538	141.569687	33.076726	31.464554	16.079118	13.534095	245.958445	2.524077	10.764782	26.834316	30.774246	33.574440	7.831314	80.932579	7.989917	208.838489	75.128327	19.998804	56.156752	30.635262	21.415412	23.313489	 
3.921217	5.622985	6.984830	6.388512	88.969754	1.762084	42.198453	42.608112	12.872210	13.370504	6.326225	4.720928	10.875791	20.412712	3.574345	45.776834	25.360024	8.468792	22.732927	34.014098	110.273131	18.174095	17.853077	35.560121	1.821498	8.665027	54.752951	90.456724	5.328246	7.989815	122.030129	5.218720	97.432548	 
100.196247	99.023656	27.091950	22.333955	9.484539	20.072388	5.849184	3.903031	90.322754	16.812365	26.733512	13.786346	3.885834	68.483227	92.358216	3.019969	31.652492	5.910053	40.204928	110.783470	16.735567	17.317602	2.306715	24.605432	29.005577	22.155815	2.690468	16.785564	4.562703	23.846707	9.875395	8.831254	142.794237	 
3.086937	20.571176	8.079978	39.347629	7.390133	25.240510	34.135259	1.849848	55.670832	2.738644	9.223526	2.158570	16.461335	35.118390	22.476519	27.769590	64.242812	3.374117	10.976944	16.458080	23.447933	61.511086	23.816357	2.080733	3.410324	11.747844	36.454061	45.009720	17.528787	70.183191	76.311784	49.057539	107.087121	 
78.174670	88.214673	3.201454	39.929032	34.156247	18.569147	23.615302	2.047593	0.483381	10.727386	21.923228	6.746138	45.248040	30.626430	49.397143	21.484129	3.980284	47.439853	4.990531	30.008798	14.489584	67.160748	9.172268	58.698934	3.597110	95.243623	20.870244	14.075644	170.251031	20.849803	3.022475	38.101729	16.297022	 
23.429692	1.328891	7.921220	19.672386	26.250800	12.117542	6.647713	5.957786	24.323443	6.167624	9.415466	44.104275	43.198047	9.313179	5.580258	61.442561	19.651829	7.834993	9.398997	4.153844	13.574357	18.252930	14.349136	89.985075	38.565584	68.304735	20.429622	26.431064	12.984684	4.098141	20.669343	16.913595	64.166984	 
39.417699	5.762500	22.888387	39.203867	65.464451	32.340130	25.401076	35.315269	3.797066	33.145492	0.505857	8.446237	7.823755	28.651331	45.207905	4.334795	23.278642	88.461497	7.917441	4.671260	25.647214	1.197522	12.235321	1.269427	38.617249	9.891692	56.212863	5.984219	12.915363	39.587094	14.673410	15.246167	8.931741	 
27.839885	24.489081	1.888896	6.766748	102.867110	30.595687	60.112641	54.115783	38.129018	15.276591	32.512977	8.940325	79.143255	4.606294	13.034714	0.782882	22.497423	12.980388	16.489183	35.020606	8.746587	23.268397	0.974971	2.368356	61.637644	76.861814	1.641633	39.265576	34.878940	0.505926	64.869166	16.783175	19.282531	 
13.202233	49.358861	20.301062	7.092529	61.961875	19.904667	17.358499	37.273955	38.795519	1.195749	32.067949	12.101601	2.044451	20.363521	58.466878	27.268009	2.802893	9.242364	72.690862	110.425365	25.385185	55.475033	21.394241	66.036956	4.465970	21.543856	6.645491	36.443885	78.090700	35.289162	58.585488	16.999632	37.141785	 
4.616399	44.889115	36.659233	15.475505	32.870706	27.930534	11.248757	11.712676	43.401994	14.739050	45.158167	33.033224	64.529373	9.300844	2.077495	5.961037	14.615662	7.451713	3.157556	43.216280	3.966770	10.380256	10.471048	65.742055	3.840334	10.875291	6.321311	20.456756	19.396140	0.787180	28.192991	0.212781	41.105607	 
15.259345	23.849249	24.995916	72.311924	29.703145	18.997960	34.820960	9.682495	3.423181	12.778229	0.463406	18.324523	4.811892	26.587118	3.265125	8.301244	10.540831	17.414747	0.566735	8.020310	41.688934	15.808396	7.965648	16.014885	8.481544	7.440132	1.623500	4.815998	50.229371	28.196459	32.683671	83.589563	7.307720	 
38.040373	24.617768	45.817909	32.593963	16.262567	17.032648	12.171056	16.729989	11.959570	66.641375	44.040319	0.783187	0.477854	22.092056	33.553706	9.895735	89.320023	67.865868	13.624973	40.133023	23.158906	8.257706	23.020001	3.277326	71.032403	6.684873	52.940284	25.381816	19.439770	2.597565	9.085082	0.542558	60.733357	 
24.219034	50.685931	7.467478	49.812117	60.061814	1.279815	52.305509	2.047800	2.522629	6.340701	16.907268	19.790606	8.313114	27.120703	4.719850	52.043526	0.000718	33.180374	2.017428	34.196343	16.695487	24.730658	63.918441	38.918625	29.047868	8.405978	16.948345	50.186828	52.399886	31.969111	5.185880	31.849728	72.138813	 
53.596152	17.590339	5.834623	81.040865	5.368513	20.635777	1.359971	2.087965	9.519068	44.568808	17.503880	12.324298	10.208449	7.764923	4.709594	58.553249	99.044558	5.603704	12.880571	31.810731	9.860399	1.986088	50.659354	13.734505	4.814811	13.838959	6.422823	9.362085	7.042726	12.679384	4.386285	19.822407	9.255828	 
21.396094	2.700849	22.459868	5.931347	1.305080	66.432888	22.192144	9.323342	112.009681	48.620076	56.033178	1.418274	77.166764	11.877627	5.145981	8.239973	13.967758	9.370743	5.331580	14.809347	41.874393	15.019112	23.014324	15.075065	24.891726	1.043322	8.278010	10.231235	12.033206	2.457651	48.573466	4.272689	28.701896	 
13.626398	69.577577	11.145316	7.787746	1.808131	33.224801	75.416440	20.070346	16.912857	15.575852	10.204864	38.473629	5.190989	4.433972	14.119555	9.656478	55.394491	12.212886	8.511721	4.237556	39.084903	37.854355	2.881753	9.452727	30.781107	22.312445	5.637204	0.339821	12.319326	3.407452	28.830810	40.403703	4.880664	 
46.567583	3.249395	14.933877	39.806336	6.261347	92.161885	14.023045	24.539196	16.406429	35.437001	77.331467	20.168342	1.211895	85.690446	9.854918	33.258570	19.576703	30.837397	14.674758	27.475406	0.514329	1.459613	23.586043	0.457880	33.448660	8.140894	87.942298	21.093272	44.279369	29.357900	20.268727	149.329044	27.742549	 
29.324522	1.975161	9.503782	68.519243	11.608008	117.836413	17.518747	63.060382	19.164494	11.845118	101.999644	2.796705	33.308421	11.217358	16.222646	21.246481	20.543526	3.971059	6.299167	14.823291	0.618295	9.090163	33.170347	27.214040	14.897387	3.951261	7.652612	4.342353	0.580065	27.132405	12.493347	12.293116	16.685448	 
19.329374	14.648418	23.137676	0.912839	27.333418	65.324507	6.964447	9.112847	12.223925	27.375938	4.077406	12.499742	3.533893	72.015104	16.986419	1.195689	2.621672	22.321957	27.589136	53.904676	15.772655	29.338563	5.526813	1.306545	2.141051	86.915999	129.980643	49.474437	5.724933	16.658644	9.245488	6.917153	55.184136	 
26.102466	13.520739	22.073819	33.040702	10.378677	10.048448	17.341761	12.219337	129.089558	49.150874	18.500786	32.104756	44.313856	33.278874	18.094816	78.200853	11.758097	1.409833	65.770774	44.148496	73.714864	5.809077	50.781021	4.622623	12.849168	15.414285	25.610160	8.767273	47.915922	3.148591	45.879107	2.190090	58.305313	 
89.613164	4.485547	53.820449	3.199382	25.735230	96.611678	25.955608	22.555244	116.963542	18.656362	11.555225	18.333896	58.780297	27.145862	40.186558	10.608673	6.595862	66.759911	5.698529	12.989292	80.136457	4.122953	23.182487	24.709086	1.545689	7.571759	5.556482	28.369131	6.510502	109.806745	3.225856	29.866053	10.801935	 
62.306076	39.976823	36.205099	26.793016	27.796214	26.967571	34.545904	32.721323	1.960707	66.447882	35.587688	13.390284	30.964331	48.244932	16.196959	12.340882	29.512118	17.594196	49.611275	49.332304	2.579086	5.081032	16.263475	13.915440	31.641619	0.377500	121.094484	4.697411	42.742079	22.641119	88.525014	20.201652	140.920058	 
41.145571	18.472416	41.028839	81.004161	26.161171	13.177741	48.429330	0.746206	11.625695	11.239543	26.974515	1.198088	6.332915	28.556230	97.185702	76.790693	6.362052	14.541597	4.456219	12.163930	26.159722	57.539793	20.621285	8.688983	1.197479	37.474996	9.002470	16.517222	19.645062	44.427174	34.245765	4.971049	5.123182	 
35.875301	15.822588	13.474164	87.128489	12.530727	10.599020	35.445223	24.269278	7.314109	11.083205	13.251490	47.501988	28.283494	23.894727	5.969774	13.296723	108.682879	59.212602	8.724153	20.476220	14.094271	12.554254	12.733274	11.678437	4.483385	26.595108	9.281905	1.205259	74.824330	5.960405	52.210776	35.269606	5.865924	 
7.916672	10.273606	31.420850	31.222302	3.168153	5.276268	28.926852	8.170020	15.574189	16.378571	27.777331	102.033630	3.402199	15.517197	18.847536	39.270805	30.492127	2.026069	28.905957	20.925682	10.841024	92.227111	23.299676	19.713854	7.211335	15.906579	84.906082	26.698945	7.199156	39.779184	5.201347	50.043494	85.565941	 
33.310979	49.765073	4.615242	37.517468	12.332409	58.828152	38.779799	9.124345	5.025755	0.710500	29.184461	43.860463	12.015162	15.678991	2.197771	20.573173	69.743639	8.312607	14.344761	28.579370	9.044095	21.579671	40.157353	14.646683	55.945133	36.418129	83.152620	5.494475	0.643118	28.650121	5.731875	50.933299	26.481281	 
47.929711	7.425968	45.824936	8.053257	18.214154	7.078307	36.305657	2.650422	29.230375	18.504655	7.616545	10.546175	23.777618	13.424167	21.901601	4.173066	71.354320	5.355619	0.924586	32.249297	14.322201	82.643461	7.715350	3.399891	39.242221	53.364087	4.260441	2.131080	37.210579	8.600376	4.601250	134.828412	3.460672	 
20.131051	22.860378	18.171665	13.278639	54.787260	61.102941	24.361390	14.999103	23.968320	3.781166	32.402854	3.709343	6.570716	14.453264	65.353121	15.487676	63.811652	9.605666	4.197522	5.404837	27.850532	39.865790	7.273095	13.234047	43.135992	24.359342	43.957977	8.616510	11.290657	1.223209	10.934615	0.420668	116.115146	 
105.283228	90.682939	7.938069	0.649019	34.047896	29.039601	13.109641	8.787268	24.205578	25.500238	113.163370	33.649532	52.010546	19.671242	22.945007	71.091679	10.697457	28.044024	3.992161	43.991601	16.680058	29.894282	33.319272	10.725995	32.099130	4.846659	1.969801	41.758805	11.575190	21.574756	1.957326	56.911651	0.706615	