32
0.000000	22.802831	8.285336	14.707667	32.261161	3.772764	41.417890	9.207591	2.535261	28.749664	25.156045	35.063477	28.491819	15.366840	41.595009	2.853780	8.932148	30.755991	12.380403	7.310394	45.416556	28.566888	30.384474	8.696774	65.155888	45.565525	20.043657	2.725647	22.286196	17.381247	74.368515	56.048761	20.777002	 
53.248352	11.241942	122.446774	0.516551	19.331062	17.850427	105.828988	41.692885	10.122084	36.047205	3.868778	9.776340	42.878651	16.515406	5.746618	3.260376	22.144379	12.214124	13.414331	9.768879	50.017815	5.155663	2.058011	3.526001	5.041876	7.882512	24.807172	103.395439	37.808030	19.873591	2.753823	75.364686	82.125477	 
30.900514	1.992489	1.402654	20.317058	9.081675	45.358921	59.723790	7.820555	26.906341	6.784909	16.983863	63.143808	36.128000	9.335802	26.249424	43.584516	17.810757	62.208389	158.361570	14.556517	2.626968	38.548790	36.991331	47.512358	24.443278	10.392338	74.643793	60.250732	23.760759	19.644884	4.305349	45.659665	13.964884	 
9.079089	6.192359	32.705973	3.855339	12.458427	23.868215	12.270322	5.748714	14.686095	5.522525	27.116256	25.648150	4.053685	22.517473	6.247293	62.194009	58.448921	52.782698	49.222268	70.166970	46.250504	68.925915	123.939512	15.277615	15.278746	11.795251	4.503124	8.783447	20.933665	64.070381	34.178039	96.651761	23.346718	 
52.369279	37.141598	72.011325	9.085887	6.025072	17.040884	75.144540	3.316786	35.931381	34.094352	20.609444	18.883126	1.763338	91.627053	9.047473	6.801630	42.272368	26.782066	39.168661	20.318074	4.514757	12.154102	48.845946	44.948715	16.912986	2.631970	3.979388	25.669579	38.240375	23.320251	48.703716	10.225858	25.568725	 
13.949353	19.781426	22.289552	29.435072	15.291359	7.002863	42.038994	9.374607	31.422136	1.700623	30.256193	39.820132	21.134722	43.409634	0.525946	2.152280	39.152433	15.205671	104.995581	19.822618	4.077667	43.237038	119.929703	15.141792	111.980983	44.503737	0.146578	19.167106	17.750646	15.346523	37.767945	19.452995	3.631015	 
61.002416	17.134980	16.877784	46.305494	104.865593	4.791247	13.848294	15.987634	24.499771	2.262851	1.547519	41.870999	3.036200	65.101584	5.841112	12.959853	24.437579	6.797331	9.566564	39.525880	88.192212	1.283294	30.812566	7.387760	40.902335	23.090410	15.179141	7.328614	3.715340	79.441638	30.000734	11.071327	4.488082	 
35.291378	36.418422	2.686993	46.648062	9.213320	29.570063	15.744678	9.308515	4.822333	31.608867	114.806878	5.457149	81.625252	0.369234	24.322501	121.474643	14.683439	30.746503	12.458093	8.382144	63.230502	59.848995	7.318385	7.561924	12.735441	1.839088	30.218587	12.125060	28.432603	20.541395	2.938420	32.771127	38.686821	 
60.386403	14.890534	11.065967	1.728392	22.419549	24.131561	31.968811	97.587360	3.303576	64.217096	30.487886	57.464555	20.955627	40.471824	26.914297	7.235533	15.542670	24.636880	15.861611	7.322932	15.016664	15.047966	14.618109	22.536604	45.721930	10.086278	51.056797	65.230026	17.817158	22.064105	19.484768	19.549637	27.582663	 
4.634648	64.484236	10.238019	6.352107	0.721104	8.306741	1.860547	59.009685	14.855297	9.134499	2.112179	14.009179	78.694024	7.175209	15.680129	13.934210	125.521295	9.608774	57.113713	24.281158	18.191303	56.420174	37.936015	23.503093	32.388239	46.618525	7.664239	1.342524	36.940742	31.370448	20.939567	38.959201	59.832503	 
22.226624	17.842506	7.363638	41.747151	38.934515	14.765831	15.150861	16.199120	12.402714	3.991972	0.431837	13.215618	25.501068	47.139580	13.746539	67.578893	7.332370	9.234296	8.622203	8.712245	23.479121	7.077442	50.793745	34.573988	9.869127	10.386193	6.602708	35.535624	28.163921	15.925898	12.481558	22.399376	43.422896	 
37.321560	57.591918	21.735031	16.703248	54.394383	25.976743	51.184914	5.414345	38.009774	3.652763	61.468140	15.362854	71.005567	11.582405	20.256504	11.151559	5.420540	22.338192	39.422817	1.207788	26.694786	12.419131	26.206527	13.190034	52.258952	39.874387	28.000601	24.027980	7.859191	22.018890	12.347698	3.285301	9.113627	 
113.585700	14.269961	22.050936	45.437286	67.444359	25.662050	6.241154	96.500161	98.211352	41.932810	33.785993	39.478427	2.985176	29.572823	60.980284	20.886553	34.570473	55.456589	62.850985	8.265867	3.222259	16.661242	33.149059	77.796890	66.924396	2.229203	33.910850	18.361163	38.330508	38.343506	44.144637	31.738548	20.544123	 
1.036525	10.651267	80.790364	5.983559	18.933583	16.669760	37.802179	10.623586	0.408780	11.506121	103.008468	30.235956	6.994015	24.378746	30.261440	108.868734	28.131065	24.145730	11.041885	64.788404	49.637744	3.452780	40.963129	25.254773	59.161349	13.624491	6.061965	17.639176	18.655828	25.354101	10.935872	16.914870	33.128626	 
42.152767	5.824924	41.507077	39.763144	4.020812	29.448898	36.063620	4.315196	9.865544	16.808048	1.020101	4.618237	23.383765	9.964353	1.517170	21.489171	5.464038	34.961595	11.291711	45.252663	3.274272	40.613813	14.595548	0.631634	58.832477	2.384769	39.280639	11.034676	17.771999	11.589618	39.141624	13.016846	20.561014	 
3.038935	22.662174	2.275097	14.619231	5.644566	79.499302	21.345299	18.867383	8.247011	3.917164	67.457172	45.292796	12.489714	61.055713	103.213308	11.049767	16.596611	23.877053	23.630561	0.486785	30.182173	23.382193	41.426247	13.977281	44.607895	24.439222	45.825452	7.973189	23.045254	4.969344	5.477852	2.980342	3.991369	 
22.967455	30.950884	3.215550	8.256894	9.784446	44.852043	30.908480	61.652842	17.058686	17.256953	2.670955	29.912503	14.283302	3.549326	9.940498	93.477085	5.810758	1.125761	21.131421	0.587138	7.980863	27.180181	7.405569	35.212287	12.296784	50.507310	10.461618	21.919342	29.915951	35.589779	36.026959	38.027057	24.546571	 
144.609429	15.166935	8.487994	13.466730	87.792087	1.856266	5.360754	0.793253	7.253243	2.107993	81.212860	5.709478	0.515489	20.656579	10.347515	6.325857	11.044313	6.921282	19.663798	5.886052	12.044451	46.877599	59.223206	13.498246	99.226693	5.667485	7.242975	75.581187	88.475451	38.938839	2.097899	112.159282	10.227733	 
0.692444	20.518082	51.859883	0.627880	7.148601	53.248942	14.104939	80.182644	5.905501	4.545755	13.475409	3.859016	9.848120	1.437062	4.527211	6.464124	21.525598	2.390741	13.989307	27.343481	9.561508	18.842152	9.270356	13.294490	2.175430	67.319424	7.929413	38.992113	34.178210	52.464852	21.104859	95.847743	10.220063	 
2.924484	3.408509	14.133277	4.260505	109.098396	2.028882	12.640524	13.558783	60.745693	25.393053	12.377534	20.397719	18.431094	41.540980	9.759053	24.707535	15.149110	31.898066	42.611642	0.601709	2.580618	40.371492	22.765270	11.630198	6.005972	49.077681	22.946507	164.343278	29.765339	76.897600	0.368380	13.583994	18.620531	 
11.728453	1.487393	23.649511	37.010743	18.722735	1.080771	3.848086	35.310240	49.070960	43.667570	98.466631	35.525320	22.657114	9.568747	4.300710	17.321288	40.294354	46.033892	13.927925	4.027775	1.327177	20.264044	1.583400	18.247953	63.533451	14.588066	52.412085	33.355493	35.522568	16.344162	29.416334	28.185335	2.609682	 
62.032935	76.008835	1.491648	94.115986	80.837717	22.951323	4.564257	18.528515	21.170716	25.063965	1.965569	4.644642	80.893936	67.758918	31.872249	7.000943	69.793771	29.692885	27.256929	32.290289	2.060503	6.411529	51.032705	20.451396	3.692161	1.212227	15.265112	31.833600	70.443651	18.656468	64.731244	3.410917	10.137995	 
27.607080	112.018479	46.534172	30.098494	46.100547	23.575894	118.555107	24.723154	12.444881	38.142571	7.291288	31.890470	10.217813	22.516450	27.450225	0.361520	53.271101	16.960354	47.449750	22.046602	1.101500	12.885711	17.158104	2.835142	12.360354	17.972469	0.632899	17.869821	78.614125	0.491719	23.494403	16.016571	5.954422	 
26.150194	4.451563	27.165280	62.965949	10.495598	26.865885	17.746070	3.453681	22.569237	78.599225	15.630678	72.108559	7.364175	20.931433	30.383399	13.367866	158.295060	0.378694	83.851380	51.249469	8.928626	26.159917	8.852409	0.409078	81.685718	44.039115	18.729849	124.459954	20.880493	40.314725	8.717516	38.931765	41.099253	 
73.985298	4.529627	39.749079	27.579946	5.785516	73.892435	14.165354	2.499597	20.917587	30.461995	34.713285	10.002563	25.863051	22.323590	22.286186	166.390507	2.666233	17.902054	10.199505	63.939404	9.292791	2.484178	19.114105	78.012593	1.027003	2.829887	21.019836	42.235149	33.921540	19.499265	49.232291	2.324190	26.978195	 
39.136185	10.605867	48.206350	30.548442	19.879772	29.238117	18.801555	9.598634	42.012328	14.362157	41.056428	43.063677	9.289190	16.715845	29.442423	96.773678	17.483932	5.765039	96.266578	15.374994	10.417097	45.321937	79.505912	0.512601	31.311974	38.326427	30.311491	4.869216	26.642450	6.531447	25.675978	35.251167	13.846590	 
11.008533	7.329425	15.000102	71.013805	1.114398	83.066121	3.036890	0.661381	60.179860	1.981618	50.459104	63.300515	117.083511	25.710655	148.228525	24.258533	18.421790	18.870192	25.747801	1.042807	57.240726	37.646604	65.640631	5.505470	58.157860	21.619070	0.903526	18.021412	44.371922	52.599890	61.017302	39.270041	54.252407	 
1.562398	1.340644	48.630231	77.499649	67.601726	4.495830	3.390913	68.504899	8.007789	57.927417	8.657395	36.150682	28.075058	86.150483	63.294518	10.013191	30.970680	68.512054	38.767287	7.716310	6.085396	70.023997	8.848265	11.745634	41.461206	23.868936	5.835901	1.462059	24.058385	11.984456	49.259236	7.598762	5.551486	 
25.325743	4.630550	12.213486	21.580352	13.790682	13.659719	34.217864	46.805618	2.172492	26.362249	74.163100	34.021617	11.041064	33.689409	0.594580	11.881019	2.526913	59.695573	25.420674	11.654762	23.614322	4.548040	1.607048	13.534011	12.036729	17.605955	46.901816	0.404544	2.652075	18.373992	66.067936	24.375510	35.534853	 
2.228490	6.035201	19.702346	5.945485	10.182324	1.622077	107.406489	20.414499	111.144546	17.072068	15.712405	3.280901	14.912793	3.974493	13.419229	7.844193	37.429069	48.039253	0.675430	58.930191	21.627202	11.174892	7.516185	43.831519	4.331354	25.895185	10.856977	57.978252	25.018588	1.979547	14.608381	47.989062	72.813918	 
20.907772	1.116336	54.439286	27.882403	138.839284	36.331566	52.896451	9.144574	34.236855	103.475766	23.313544	7.364009	23.581645	8.624809	4.096249	42.768075	6.171128	32.425457	60.646688	37.331044	46.580732	33.253564	59.536431	12.843683	3.002441	108.840611	24.555425	5.582969	40.813784	5.138668	0.938410	25.319308	105.644463	 
35.168370	7.800463	4.557645	74.840896	32.190066	3.430031	9.989150	21.561012	10.479504	5.852829	43.140791	3.453547	93.172794	3.273991	20.026093	1.317588	8.838192	5.568855	70.501896	9.447074	102.163025	23.207310	35.001709	2.171241	9.470809	33.014239	20.457738	13.222347	4.818653	6.824948	2.876206	1.550867	41.633729	 
6.609102	2.646893	13.554242	61.116612	5.404404	36.295499	37.012540	27.218325	8.845996	19.342772	59.612320	129.005400	23.046391	19.253487	35.981798	42.559245	10.610217	21.454791	5.677285	4.462053	52.080148	24.051176	21.337639	4.401257	68.201659	47.313848	63.841334	14.812661	6.064987	49.211076	17.631644	0.855560	1.528372	