32
0.000000	5.976423	10.131383	9.667302	6.432034	21.931081	21.139703	21.721812	8.781995	73.951310	30.973087	4.655000	2.929615	22.099877	90.302910	8.895424	3.071512	25.334514	60.472681	8.849571	67.138645	7.758779	15.382717	8.999857	71.629592	2.774957	9.116812	44.234927	27.819319	29.210577	41.287405	30.655317	34.754995	 
10.666653	0.087483	1.577838	21.575762	35.891220	25.278423	15.667440	90.200654	10.728348	28.680906	113.918800	24.958660	0.615900	16.370063	60.496812	13.452239	14.364484	14.230780	58.041333	79.843346	11.907937	7.153786	44.775286	6.512309	5.106974	6.629137	2.131842	57.085894	13.156583	5.894465	103.287433	4.894278	42.992906	 
46.338655	18.093577	0.463938	2.226118	20.204381	11.040011	32.325917	11.346598	12.521480	14.467649	3.877815	23.438653	43.654018	12.562545	4.725249	11.256339	10.262316	7.954087	2.759720	25.933300	36.446834	12.797089	2.742878	29.262513	16.406136	7.260505	9.178540	22.130074	11.491913	11.684589	17.736840	1.790413	3.292719	 
51.739551	1.550303	10.640903	7.328759	17.202835	10.991498	14.262708	2.447996	29.387682	45.948584	94.511945	28.376394	12.808019	28.506451	1.586529	10.311332	94.074355	32.510764	9.104911	40.907530	14.007426	0.644440	26.985622	25.272846	32.191871	17.401453	5.214579	4.047129	40.659095	53.180536	28.762618	8.807901	49.274888	 
45.650787	10.601652	8.720725	60.440317	5.744882	25.570974	24.763093	2.325369	41.893184	126.434851	82.986558	10.964734	16.359981	36.895390	9.291363	67.592589	50.111235	74.183843	31.108982	2.050076	29.116052	26.969739	12.730452	37.435965	48.922977	8.472580	27.876855	20.528201	12.839549	35.768894	30.283362	18.379533	1.112933	 
15.101094	27.431251	31.816296	6.355302	5.957256	0.208988	11.345536	3.538629	26.123308	10.462112	35.431777	7.868150	60.228319	8.447874	27.987651	19.952671	33.633079	2.951854	37.870884	2.577315	31.218913	3.778177	54.361012	55.938676	41.144237	2.038486	8.914119	4.176621	89.107152	62.058929	29.690125	145.882113	11.910220	 
111.787821	18.946525	10.741784	5.296423	10.942585	7.302647	0.936203	12.892517	24.738940	72.867804	18.998216	15.690311	16.919227	1.969766	28.022235	0.628852	33.314497	31.686442	4.259129	6.725613	13.006554	42.044063	26.951807	3.678038	64.721530	7.087387	3.235537	1.578101	17.608518	31.817376	63.131074	9.808978	2.598062	 
32.773199	12.295252	21.983441	27.579022	19.725193	2.340802	32.064327	11.807382	47.916689	0.365230	50.749307	10.655255	44.916967	80.669990	4.780708	5.657217	53.137229	25.560313	118.715974	4.252857	37.888150	32.186491	7.007971	89.342412	69.496269	13.504019	75.215148	4.709336	3.400140	54.371613	84.392562	7.660866	19.840914	 
33.798303	4.561498	3.336787	39.326665	50.192237	8.010905	21.659249	5.979052	2.762859	211.933096	15.453104	74.769584	24.548070	3.715075	2.545179	33.809381	67.592504	8.279603	61.121269	6.264202	53.618292	30.658692	9.413783	6.783090	5.016056	39.739697	17.812267	1.787038	40.336701	13.493905	14.186693	18.977788	10.788078	 
21.119374	30.818154	24.620277	6.255458	33.688973	68.272078	10.421262	3.777561	19.842968	1.576244	38.305059	36.399440	4.871913	3.428506	28.729140	76.886085	17.551002	6.426270	1.830903	36.665185	18.794683	21.183007	41.397932	3.537478	24.909873	1.903413	19.933255	33.126235	75.625566	28.842768	16.814973	40.549675	13.612942	 
42.868129	98.347856	24.931581	4.559320	61.202972	40.799607	19.189227	2.935121	7.642289	16.165284	23.055365	4.698263	11.734806	83.568597	36.428680	13.693066	20.019181	7.092666	71.777264	60.257105	3.040921	35.887959	134.510939	23.764386	14.452453	37.313058	29.864487	45.120137	24.349333	199.174461	5.794512	12.726531	14.831446	 
20.225377	9.727716	36.254871	6.656330	5.936603	13.023137	12.868498	2.277113	3.254476	31.907081	48.503933	5.735379	48.476621	48.554104	23.309298	22.641853	24.987330	101.674421	32.939829	25.952801	12.943134	12.326868	6.732212	17.858570	61.962391	25.442797	12.876424	9.729026	31.642944	4.498944	47.553918	12.860992	35.201182	 
73.520886	3.879512	8.791669	12.333520	38.852598	3.973368	6.356985	24.805111	19.878603	5.303592	7.933181	24.301594	1.894481	36.732043	0.740219	2.022459	31.223308	36.981786	89.107243	14.897480	94.430854	59.296925	2.150436	1.276493	30.970365	10.602521	68.828485	1.630828	13.061675	23.178953	21.476360	37.029497	68.231466	 
11.815100	48.838804	49.628654	5.831008	3.628186	59.296213	29.112562	100.117552	167.297104	10.588747	38.353848	33.430217	35.050140	3.510083	18.393792	35.617078	21.540342	7.883260	4.923215	5.489474	51.447547	101.545128	7.560526	43.287023	67.387266	60.442909	2.021774	18.177714	5.330878	22.218523	13.933576	13.785210	6.793985	 
4.027182	54.586100	16.258924	18.796646	9.971362	22.627660	19.338329	0.528820	55.167933	22.299816	15.214668	5.605391	41.987622	98.857149	1.660457	29.713296	2.594821	18.144979	18.099615	7.695514	2.094381	37.901515	11.822040	15.479107	34.245013	69.182497	27.794540	16.872811	41.339475	26.727597	15.756033	19.971020	30.816055	 
8.857917	7.822002	66.552365	25.410533	56.528746	53.971765	13.894471	28.776582	5.870956	2.354509	14.503838	7.282881	133.721693	6.653992	26.454612	7.165493	127.380393	11.041956	3.432550	73.985787	58.653854	18.804325	36.619206	9.130362	0.231270	45.303747	13.052545	4.867110	23.165167	29.886118	8.090988	21.851795	18.558886	 
66.666655	3.566981	35.771781	13.771322	8.880789	18.317074	12.114711	6.164194	18.895912	186.741647	45.337432	14.029185	34.176525	33.382047	34.475694	14.888371	14.363172	84.781533	36.127193	44.370175	65.685383	78.141017	60.086278	4.664755	33.384366	121.038878	17.544290	64.353186	26.952943	16.118477	15.129845	49.745246	3.910212	 
42.068940	79.798323	12.999262	13.325909	14.170266	9.238136	30.734969	39.069868	15.426517	29.909958	11.891290	27.638648	47.361304	5.327859	2.619195	1.549382	39.157766	7.456054	17.015845	27.533702	21.366684	0.838142	58.327831	4.897565	26.457641	62.583780	72.688905	25.880192	27.572366	8.397272	3.653863	70.447443	11.070533	 
12.639235	35.371546	1.421101	5.563045	28.198994	29.411804	37.707165	63.179206	13.054790	33.980959	10.398767	0.728483	4.408079	7.596216	6.641811	14.960193	1.374796	20.392906	5.996655	44.991378	4.018551	44.524477	1.395696	59.758823	15.863685	10.715243	27.509287	0.695006	4.223405	1.811858	11.171216	63.349036	99.845457	 
2.223130	54.611998	26.960543	4.405401	56.261699	64.281278	0.653487	44.804409	39.807884	0.948158	50.502617	17.736725	13.376120	28.992733	45.181112	48.622316	6.044861	6.018315	34.887474	3.849266	28.580716	1.603617	49.184620	20.961541	29.488153	38.094571	5.876089	88.191161	37.927872	32.249762	32.933103	8.094927	0.424833	 
27.208021	16.654861	15.190617	32.691256	11.722100	2.440102	4.886209	49.705544	31.966822	24.438997	49.186846	6.237677	15.497047	56.449314	56.323566	2.160417	10.296293	3.986767	36.102998	6.582962	5.919291	5.188059	17.796621	3.468275	33.801751	14.758377	20.371384	70.702447	40.883488	48.836074	3.887725	22.276741	4.933263	 
84.349200	7.729782	22.351829	18.158667	20.932301	42.044638	30.413083	6.484965	1.834597	6.446972	17.660845	13.980506	6.125555	0.366283	1.649307	3.402275	12.655281	8.765097	8.652596	8.320727	28.811738	2.265060	15.410921	7.991293	26.631220	36.825111	2.421156	31.480995	1.838998	8.346631	15.359548	11.831461	6.273138	 
3.984141	15.115218	50.717305	52.654922	32.241785	15.111330	42.787195	19.925742	55.631747	10.218096	22.564893	67.174076	9.954706	69.693108	1.330077	15.442374	73.298082	20.430083	33.250182	32.955884	10.821299	17.260669	0.724387	57.582444	25.217475	40.222444	1.746119	7.695636	14.771441	4.392334	38.350111	9.454546	28.167825	 
75.627045	13.017520	16.283646	35.835083	19.498435	1.894608	35.690588	30.438570	19.727601	50.384362	11.130136	4.716983	54.250223	25.181569	3.248369	27.477296	22.641862	13.661076	18.470206	103.117620	47.667319	54.371130	84.990664	1.241614	53.300626	9.188403	24.336574	20.775733	2.317478	2.160458	27.066263	10.097409	35.978439	 
36.329069	19.973468	5.483697	23.397731	5.594779	19.964751	11.387269	28.780645	69.345527	2.078483	51.489127	12.609941	31.826788	28.101418	60.476585	36.783556	73.856387	25.453239	31.923879	7.868371	77.967204	43.838524	15.937107	15.001825	3.250728	10.148875	72.114701	15.158084	31.223844	14.428993	38.788919	4.226732	29.004426	 
2.427388	11.248382	0.941266	35.009941	207.133456	17.210890	65.625276	18.502563	4.577669	6.966243	60.581911	5.101386	149.792485	25.799724	32.071881	10.028263	6.530861	63.535866	23.677529	75.446968	11.152785	45.746982	56.880938	18.783451	14.075205	10.025080	9.532385	32.909244	13.962361	70.769461	46.878260	15.770431	21.941811	 
8.726907	7.550993	14.023461	3.847327	11.241879	0.810381	29.380869	30.760928	39.710994	1.651517	7.603378	35.677073	7.650806	0.640121	11.808970	39.595944	11.219574	19.070071	10.042140	0.642841	4.689649	74.420481	97.936142	4.513662	114.298811	9.131398	9.140635	19.118338	4.044993	12.163429	3.668489	15.532862	5.882509	 
27.604309	23.646628	10.614370	118.798843	16.847778	39.006975	27.046011	23.982263	75.027512	8.834322	14.160024	12.587339	6.673964	4.332239	31.944692	48.381273	12.194449	16.427203	18.384811	16.248003	29.358727	15.444309	26.436467	153.281389	89.134977	37.711009	53.263742	2.120541	77.530011	31.233278	16.702420	21.696404	12.296045	 
4.116028	7.609474	45.443792	26.915348	52.563534	9.464804	21.887465	18.793848	7.172387	11.331517	77.541854	128.988003	16.391334	1.049153	40.856375	19.660349	19.862153	101.284609	5.737423	89.607975	29.676762	41.143567	13.378257	29.428674	17.703719	25.146740	0.870331	21.446663	0.563559	95.524229	47.938192	9.576935	59.072520	 
10.388913	37.962174	44.012310	40.027543	11.034276	27.080134	51.054237	18.198920	29.224834	4.390397	2.543114	13.032269	52.260327	24.711333	12.551455	12.366036	30.387676	43.698656	40.985369	9.182703	22.566254	37.708358	61.433846	27.363361	3.194689	7.856819	117.923500	7.986627	50.452179	1.030882	9.288493	42.751806	70.193383	 
13.893112	5.977528	18.423703	27.886909	14.697807	59.248772	92.913230	4.857807	4.892680	39.409459	6.938963	15.692160	78.014756	73.236925	24.229032	4.731087	95.377655	27.723109	24.339977	15.869376	15.692065	17.632924	19.637987	23.549279	5.631489	13.775597	22.814835	1.707163	59.675234	4.730405	6.271880	1.169787	6.142204	 
31.807884	20.823424	20.113512	3.013577	67.248010	41.808514	12.649191	26.355593	3.479999	9.520922	11.270533	6.651112	50.134341	29.202402	32.353925	14.644318	59.067713	82.961143	11.623375	81.015674	46.336847	4.169153	1.133033	33.773587	5.492735	37.308317	113.018279	3.146419	26.877469	2.724376	9.547567	0.048627	7.535106	 
24.156277	25.794515	64.911711	30.101745	30.036820	50.385019	66.156638	5.400408	27.159478	4.558561	26.693218	21.992165	24.975308	10.536306	2.881781	13.825533	12.932548	35.001124	28.108780	12.031031	3.385067	73.636865	24.632414	41.664145	22.939488	1.223413	22.806139	48.211655	25.506036	26.347825	9.389752	4.849591	2.331262	