32
0.000000	19.121383	3.437739	14.680234	1.177269	32.745194	20.637628	18.411015	6.659351	18.001468	12.456311	33.819592	8.808586	32.530624	20.186430	16.279141	68.788930	163.963388	4.617914	7.938694	106.150330	57.231954	19.028216	12.353445	52.707490	86.837869	1.915548	12.638184	0.970978	7.745006	40.339098	102.863649	14.121713	 
0.806089	0.716916	3.714484	141.998797	42.812032	17.180580	10.463934	67.249149	16.011877	13.499047	42.063071	1.168526	27.217312	43.786008	2.680023	34.455290	16.642132	2.090663	45.296445	7.330528	66.540686	1.229906	4.665554	3.749482	11.139124	5.595380	20.118653	5.692944	3.538176	44.276633	49.101113	13.576478	13.174227	 
64.093605	4.525714	23.361027	25.763070	37.575698	18.164137	12.939847	3.812564	2.734190	17.957702	2.391544	35.598692	58.589271	8.712439	39.164986	49.853383	19.496404	10.937747	57.203142	14.314980	11.888659	23.526055	20.082047	3.429519	18.927380	32.384921	12.361162	1.327791	50.751544	50.738482	1.982343	14.703302	37.597394	 
11.251486	44.470133	0.702114	2.152279	23.440981	10.158865	37.993465	10.149355	141.120638	20.469080	1.496693	60.518321	107.407054	23.970610	10.529103	14.504358	60.244562	76.905948	29.317226	4.761810	8.019042	20.885171	24.930794	1.596270	10.123643	36.006974	40.895943	27.865184	12.640239	33.627713	27.132249	52.907123	9.855504	 
30.054314	170.403182	11.286951	24.165303	16.477555	55.300825	17.703218	20.120391	8.373110	47.123458	84.953041	25.816893	58.232630	63.330369	27.391985	23.988372	25.220211	20.666947	2.378037	13.392144	44.999785	84.910275	0.528537	63.092209	7.954923	37.207512	25.706560	24.576069	73.286037	44.633223	16.498566	39.608836	4.914818	 
62.031223	12.611428	4.067789	22.852562	37.084320	0.431074	11.979245	77.384564	2.928278	6.857069	46.507979	26.234368	92.627534	32.623021	126.288276	5.820929	45.881419	37.360807	27.318652	0.879265	10.098726	63.082627	2.725570	36.688846	9.924855	2.089609	3.928562	47.651409	8.981746	39.829743	23.986795	140.035004	52.176482	 
27.467936	3.183962	15.250127	11.027195	51.005641	38.389576	0.248150	17.046214	23.624291	31.863751	28.925155	24.062359	14.584423	19.703584	14.247520	36.547373	2.671708	7.880181	6.329563	15.456529	16.363392	87.421688	17.004977	1.985587	17.904703	89.614910	116.202498	65.078382	3.689391	16.890038	41.308819	25.854871	22.061387	 
17.159762	58.411880	24.265383	24.140304	26.124803	58.015686	20.854370	3.818665	43.014261	56.983753	3.989068	44.590796	14.473580	47.422395	56.070223	12.579652	2.063326	10.808472	47.392260	12.270564	6.111814	0.386355	6.446645	66.523294	1.145388	15.939729	63.355879	6.266983	137.647138	25.876455	32.634549	17.780920	47.021272	 
15.923323	6.980762	10.042318	5.368260	18.603084	26.758340	9.006316	18.973852	4.143627	9.658207	33.548134	3.645717	5.249973	28.397066	28.863950	26.554576	32.657676	16.411551	54.894623	41.930246	12.764060	23.775120	2.017710	30.246280	61.835620	21.274962	13.627463	8.762109	7.326494	1.831798	3.618538	30.795360	61.961271	 
29.148253	30.293072	17.862089	20.605135	39.835250	35.281995	28.149369	90.889488	9.451777	6.023301	18.779993	5.024019	1.865392	27.229818	12.343917	43.974520	27.488787	145.281499	19.570425	4.157414	22.166378	66.917691	7.471773	10.661769	2.763837	74.698495	61.882064	92.009144	161.137438	20.690767	0.641799	1.717551	48.114228	 
76.160696	9.789694	3.087694	22.740830	9.569699	81.967524	12.698129	97.539060	131.208857	41.936927	10.628740	11.944051	9.623230	50.820326	44.063100	18.443474	6.139731	11.773477	74.674823	135.686223	39.663039	17.813044	27.476591	24.130523	2.212053	16.389323	9.145356	8.648506	17.333828	10.748948	6.605160	4.230661	97.895698	 
23.231313	24.666234	5.222831	16.342111	46.084164	14.979687	7.197594	66.461778	26.205217	9.169867	30.550154	2.559621	28.853069	44.368104	1.662200	80.402231	96.288775	18.610681	33.342877	11.234062	6.492904	11.226718	13.903623	9.202797	13.846729	4.428628	53.500509	8.415942	27.497021	2.583198	15.975822	0.811189	5.097624	 
48.030811	62.470530	9.007210	16.100132	39.211567	86.166750	144.857726	17.621223	12.264001	11.495611	7.045532	73.946563	18.751884	28.621859	31.882865	33.760018	29.813072	0.724207	126.809104	5.581605	38.845916	22.136083	17.734959	38.432421	4.940175	101.085869	10.609968	50.139476	20.165207	20.553860	40.310363	27.036656	5.753428	 
9.121578	43.659115	41.355592	21.827705	3.077350	16.025289	15.809166	33.053159	37.202715	42.082502	24.288629	17.584182	13.673578	9.300043	14.765644	1.446133	5.898964	44.893900	4.807728	22.070351	19.404186	30.636368	47.284886	46.101018	4.755209	1.497280	3.199161	28.144784	0.299427	46.104505	2.054642	58.096451	65.297049	 
58.593952	12.830267	60.851815	69.414272	6.329396	25.022470	25.195788	7.172546	0.884724	30.423293	8.905387	25.250351	94.536655	17.660587	2.126522	4.562376	2.148546	20.417401	61.456134	3.698077	10.254748	17.442504	4.490682	65.849931	4.821655	8.179684	26.233693	5.932910	29.123878	17.992962	25.504909	8.279266	54.614207	 
18.408566	13.974188	23.905481	63.303084	24.058022	82.174549	10.887264	8.053610	40.768264	14.032699	3.277747	8.502844	14.394078	6.383997	0.701137	21.383388	35.759428	30.706407	67.107915	15.035785	24.808996	13.722309	27.228811	0.787525	21.391907	51.669568	51.098895	19.897546	78.313781	31.294111	43.775848	59.855246	61.636286	 
52.135789	7.795988	44.241963	65.547809	64.781197	6.916161	3.496747	96.205072	17.766067	55.869463	4.349380	7.464560	7.022099	26.567347	32.108844	2.279593	2.153571	19.447432	45.309606	63.860813	32.832654	1.133030	10.356443	94.343075	12.342848	1.201431	63.636405	0.733324	76.061950	45.200529	19.465019	55.019568	66.119820	 
79.926053	46.319592	4.318604	6.260353	26.780087	7.169760	114.573086	9.755557	12.433411	90.439505	16.852308	35.914694	8.911825	76.938960	107.052261	22.967814	36.282574	9.531468	18.212388	19.858828	28.506155	39.663902	45.969195	23.849348	14.993894	41.653105	17.573434	64.951415	12.871507	26.498768	38.902679	105.225476	24.801369	 
6.652226	10.462312	11.247368	44.156999	42.631084	17.368336	48.354129	9.131992	71.705168	2.261780	12.656715	6.199503	34.753338	34.171916	1.497589	36.257868	52.284720	8.099230	3.897201	27.240404	14.411560	24.783593	19.184634	2.199202	7.988808	17.648994	31.884248	37.969484	87.834493	20.909313	2.025525	42.700301	17.727609	 
4.486209	5.927964	21.251432	15.226171	44.137061	7.875908	4.365445	11.265766	62.776024	44.259247	1.627437	1.158269	12.269256	15.427847	0.973459	16.957877	67.989868	4.998290	26.920547	3.804125	12.064325	8.722749	41.499635	10.672258	7.554083	33.643488	11.292383	10.725822	15.478949	21.363229	31.986168	2.150512	7.614171	 
12.779669	156.543369	2.688011	3.039811	6.816410	14.958028	52.866155	17.595306	36.320805	11.165334	21.072805	32.347561	1.433307	15.910882	0.570119	22.129791	66.905789	45.982552	24.648257	4.629829	1.870567	32.996011	49.068992	10.560354	32.829975	12.336106	6.554600	18.605797	35.875570	40.240637	16.586591	32.233321	10.571976	 
42.165242	11.332572	62.127900	24.679124	97.773785	12.891885	61.727273	9.214783	1.681969	52.829551	215.188822	116.706141	29.600444	43.140497	10.876158	20.829596	32.272300	3.779221	48.478681	43.386636	2.197217	40.153194	26.353921	4.518051	4.021822	14.736995	9.709208	43.104617	4.997965	28.373523	61.150833	2.739509	2.960594	 
16.419627	41.720196	33.184413	15.863611	30.606792	10.908426	38.513883	30.595051	24.859458	37.866966	7.426579	34.064913	8.523283	46.754720	3.402925	13.355956	3.838222	55.406102	40.817023	33.814726	11.309530	3.595691	0.204234	3.350089	37.742132	0.472659	102.214571	9.286590	108.779799	17.899315	24.219857	9.830565	18.189005	 
19.801904	39.210001	96.948926	51.228368	21.042743	20.712796	8.255547	50.244093	21.524614	3.345567	1.008048	38.220408	41.733037	1.255982	6.928294	44.403108	41.196982	22.208519	68.836129	29.458937	18.897049	17.212138	34.226631	0.736298	17.892640	14.669511	2.494223	0.820871	8.729722	23.334744	9.463864	64.517369	7.602059	 
7.743724	10.989917	26.589245	1.991001	7.574952	3.055084	38.955595	28.034647	5.946366	5.053925	34.213364	11.541352	10.843128	9.230970	3.305253	29.550941	34.879050	82.088681	27.669661	42.306220	3.747817	3.389271	51.659436	43.792961	13.528820	25.244571	92.119035	9.602606	10.996484	6.935673	44.478320	26.340316	48.364464	 
1.401187	74.765648	12.391476	18.766707	84.438116	0.450560	1.204555	17.894178	16.611830	38.385554	22.996795	23.662131	3.766661	34.309766	17.983005	40.786858	15.215550	23.892810	16.306256	40.037748	5.625852	7.467917	14.897149	68.833684	5.837020	6.155525	27.299952	99.500077	26.343922	4.278429	22.988582	5.860117	14.419995	 
11.338368	11.076775	5.443362	14.217459	8.892853	24.916913	11.482028	7.117124	21.178740	51.576035	40.931308	1.242943	5.763626	48.016452	24.563972	112.614823	30.775317	81.599782	58.185939	0.968027	11.547494	28.155963	0.882903	18.231632	3.669547	4.229340	2.511714	9.730675	5.642163	11.282324	53.851472	81.081969	54.722577	 
1.178670	32.175989	26.068169	29.488727	1.207815	68.400184	1.958935	10.001308	3.612428	30.953073	6.274049	122.340852	9.313686	47.132078	8.894762	77.934223	58.465930	50.630450	9.940471	52.691761	3.255968	24.035605	39.036872	41.935007	34.422807	17.340346	43.901044	2.546375	13.740174	13.398607	12.987141	10.970785	35.286837	 
82.194657	80.571100	7.194722	46.906544	5.668426	44.592790	16.698350	49.335038	6.872368	27.693157	12.193187	11.912877	46.593994	19.832726	21.321612	15.244413	36.842816	13.339109	9.156123	13.984603	59.947048	20.817533	4.920463	8.329193	35.448594	25.739431	24.241814	24.750558	4.468472	104.562952	2.590884	17.043448	6.943651	 
4.989621	1.292477	32.433889	124.883299	4.706392	47.371552	1.399377	6.850543	63.874940	20.148548	37.471474	28.426857	3.809663	36.251676	33.260677	7.301613	38.600895	93.413113	2.394757	15.469161	18.638412	31.619644	77.034761	0.744288	28.767420	31.522690	10.935256	1.463144	42.201658	3.238761	3.411294	60.567056	54.567112	 
11.345370	49.212373	14.355589	3.907108	6.444046	0.821014	26.859053	70.683447	71.163394	107.037043	32.944764	49.294951	16.862814	3.171874	4.697981	59.432330	21.107235	7.157994	9.611759	39.001180	12.462180	5.346959	6.250240	4.831611	69.409424	26.392913	10.034770	41.834219	3.528736	11.608123	2.380020	62.857584	2.002290	 
33.330798	40.236375	4.160693	3.138823	3.449559	56.371125	5.095478	52.519001	10.605871	0.568570	1.957320	19.107200	3.736002	122.225316	53.494672	45.780012	49.880988	72.912607	94.515539	54.869048	18.569088	15.011876	15.574051	83.278107	2.900881	44.536984	8.925293	21.429405	89.691820	44.369136	7.607748	2.055885	28.777656	 
51.855706	5.966067	58.544184	13.490495	9.387251	8.183887	1.329130	28.420030	91.699039	43.401269	1.204452	44.882142	29.654746	26.444771	36.451510	41.046821	14.368676	63.405102	71.721590	25.387601	35.090558	1.578689	51.585302	27.022305	41.414024	10.127158	6.251615	12.265897	40.428151	15.585253	3.925166	43.415630	18.872858	