64
0.000000	12.896524	10.675276	88.504705	7.834155	29.692952	56.476697	157.135916	0.211088	26.908090	20.937760	24.549866	16.035679	10.785793	36.939152	85.199389	21.281917	6.474568	68.715097	23.849873	9.809574	13.671290	32.455901	13.466414	22.334614	22.506639	81.257095	43.083145	41.969210	29.872463	67.363152	182.995311	7.384386	4.860124	7.486285	13.868157	22.067856	30.418354	56.384804	22.733286	25.228910	14.950593	29.705215	34.895730	1.443503	60.598468	4.466259	8.627722	59.838501	63.930709	77.843954	40.507629	23.802123	30.787966	14.528446	58.803815	8.689810	54.213944	14.826768	7.676044	15.261745	13.551993	16.646052	95.251959	21.832314	 
49.394479	0.073859	20.038274	118.967475	3.057423	25.149241	66.968130	1.072960	79.153038	14.047109	30.251800	21.043639	4.645383	13.957858	41.080022	29.018355	23.044273	16.879140	19.680815	6.198236	14.962161	7.329326	15.395322	32.348488	41.179696	32.839215	15.954095	5.274575	1.814507	235.325344	46.750113	21.049194	23.683918	3.405770	20.016087	0.637092	51.218488	128.670050	26.162233	29.143870	7.286885	21.804181	8.925167	40.935667	17.730720	2.318144	13.442870	71.746368	30.849828	34.151865	5.681602	41.834931	39.644497	134.799587	32.314523	50.440104	34.082667	6.597704	54.544243	22.475867	12.874788	27.820938	17.570786	0.461674	21.067798	 
35.652366	38.806212	0.082554	4.728049	82.593596	182.637113	96.158950	89.129060	2.987139	3.711642	36.039675	5.208475	7.352239	12.182289	40.205221	6.087472	206.792160	110.118694	26.455268	2.944765	44.018617	36.511611	4.716670	6.965510	4.392005	18.259675	30.126156	43.756449	35.438708	18.234064	11.347966	7.466327	40.499161	1.931098	3.917091	183.217006	2.582372	29.286034	88.549033	107.735482	46.449336	32.786180	75.528876	33.599330	49.530540	5.655431	14.768245	56.709158	2.797534	100.343951	30.194213	19.105248	66.100358	26.574052	17.979905	31.009018	4.289297	37.222139	6.563967	6.238296	114.795906	76.015524	2.894606	8.730068	32.720373	 
2.186072	9.396370	5.596414	39.854081	34.362749	88.973734	27.011999	42.409463	21.328731	10.442128	24.788521	13.927140	50.655214	23.010787	128.789299	15.650087	15.332155	3.052179	52.500186	65.203867	31.577501	24.011095	55.385007	2.463935	0.725280	116.482416	99.127490	21.887542	49.010900	47.157880	41.075904	36.495922	59.613993	47.543875	11.444065	65.969896	60.617419	1.736435	0.685836	43.070135	28.325468	0.745354	62.353460	44.206369	2.290944	12.448021	2.703189	56.592009	5.332497	22.333636	3.887589	60.715552	88.219335	6.987051	32.320415	23.742041	38.800679	21.422689	41.172430	5.319415	28.701061	4.218357	44.056739	70.347435	80.906787	 
78.502081	19.652907	82.028555	27.185033	17.421431	42.639758	16.877460	83.083432	32.414283	10.951297	20.384666	4.786621	8.054987	67.901806	75.564405	9.387580	11.607168	2.691543	37.341309	5.916653	88.067721	16.099789	65.324155	123.371816	12.812061	9.989134	31.729017	129.782676	20.853702	50.307233	22.637940	37.060155	11.136418	12.011819	24.220080	71.492125	7.738813	172.155701	42.317747	42.385371	37.055588	13.405053	1.274810	10.633936	11.162763	17.123161	69.216063	24.491440	7.316980	44.704392	103.641973	14.943078	34.437971	37.463898	12.144000	16.385770	61.456764	2.077153	20.375489	62.412159	154.049153	55.429379	45.062692	23.839116	40.299506	 
87.731900	44.965888	85.367196	18.536425	22.867752	3.850134	35.175525	134.072070	133.731032	42.378576	8.984775	15.115947	14.650566	7.079810	67.135397	81.021591	33.328641	5.886558	48.892305	100.991894	66.942960	6.644737	14.959562	89.090272	26.475580	39.982246	25.640583	61.094287	73.827439	23.146248	25.094889	51.787685	61.477923	67.967454	15.092681	3.988110	37.121065	131.433933	6.507082	6.508889	39.577885	52.786395	24.440854	34.103581	37.778510	26.518870	8.471336	15.559770	50.715728	17.754392	0.668610	20.137518	45.046547	16.690438	46.606602	5.971409	40.366344	3.604961	70.270587	19.178535	4.391926	18.837513	69.568329	5.829105	27.024895	 
294.927253	74.745828	41.312455	55.544499	19.801341	115.546732	0.211912	27.051034	50.668834	5.954948	80.312759	111.371912	16.984923	1.306480	59.058964	1.176023	1.395975	33.983025	42.196547	2.335137	35.248723	52.819127	30.528254	6.897391	67.411880	42.560203	24.253553	32.897407	1.723739	31.879696	21.707551	88.901741	3.618614	58.916657	55.077036	61.868364	11.366687	4.042424	18.887749	55.548834	0.997168	126.456311	20.081090	8.312723	10.357324	44.947079	7.138808	59.292074	62.122870	35.862774	186.653424	36.923490	9.140918	25.892336	102.876761	11.343355	26.923308	20.274940	57.916380	45.092202	83.221734	13.064819	7.401706	84.243651	7.139030	 
29.196430	19.872175	21.556720	7.699874	14.692811	44.893542	27.235217	11.363501	66.341698	77.294724	19.612952	12.328647	13.703986	21.592751	23.361335	191.069588	71.122121	0.824149	110.008125	39.121831	5.393546	0.648771	27.327290	133.951543	137.661973	39.155017	147.347786	67.851582	39.745861	97.157936	75.745554	73.199392	60.018173	0.603488	76.719402	17.296224	48.790556	13.579452	98.773787	20.596636	51.001421	4.350128	42.015985	15.732706	56.465865	46.148548	87.792783	7.321634	29.023779	33.731731	10.172212	19.479802	43.595516	53.795944	27.427860	112.148021	7.173912	27.254797	6.150893	74.501589	33.811192	19.970427	6.076888	130.957371	13.369964	 
16.957076	88.083169	53.296026	2.552861	19.094904	10.374796	15.144650	42.636235	9.458760	12.612822	52.009375	91.251140	102.894350	29.343054	13.431063	2.464436	27.510436	27.298670	9.270968	32.083480	15.865302	24.534066	22.765065	46.167389	66.393388	3.309573	8.439120	7.883954	80.822434	1.284464	34.330199	25.246813	22.839436	148.321733	41.033942	22.982716	40.981831	9.480599	94.114593	32.707263	38.023648	18.981546	72.750692	27.865646	6.207252	132.120620	7.021880	5.738347	145.193032	56.416429	3.956936	48.771003	0.097217	47.708320	7.282686	20.872966	11.760644	25.967851	10.280610	5.414389	15.489315	1.193049	21.537258	32.145195	45.009030	 
84.617416	6.658641	48.625751	159.546096	47.138889	43.193784	121.223820	44.516854	33.105206	3.040101	54.202530	14.326949	2.428173	22.753555	27.065574	29.473189	0.675346	83.859984	88.654899	25.622803	7.875189	33.739740	43.749280	129.275882	6.107762	18.377126	41.762450	163.151582	43.237136	1.024892	7.635203	33.717046	57.628627	4.791161	40.264997	21.042191	125.850152	8.489698	0.477029	123.867647	25.640344	60.748704	92.881772	0.344080	25.957880	17.236455	23.875134	72.850482	156.855656	38.486862	39.716575	35.148554	20.816673	54.800760	2.171196	76.375899	25.052207	4.436118	1.606727	61.268190	21.637775	34.215749	116.780834	83.396799	1.187662	 
21.310517	9.771153	18.492925	47.585860	3.780545	125.309935	13.011900	80.966680	5.723676	3.874560	13.958638	4.568913	25.706471	9.356072	61.545899	67.148011	36.712768	1.473817	0.742368	16.323683	65.359270	63.998471	12.214785	55.026394	64.059657	39.390464	16.895132	28.768463	8.058139	64.126801	34.644924	95.030002	16.064612	45.823652	47.675417	78.365027	132.526024	44.637173	69.851275	8.865501	121.954319	14.167150	28.678608	64.530409	18.436769	31.562225	37.208972	39.381018	62.480869	94.706262	150.199023	60.255546	88.148432	0.815741	20.244688	86.487207	3.373510	1.330136	75.377361	18.302625	0.584832	11.154451	26.776571	13.437450	17.417864	 
30.456260	254.832014	50.281582	23.008344	142.889083	99.651356	35.573474	25.365649	23.760395	48.963143	26.091122	8.441788	60.263833	17.090706	44.940560	115.907539	36.987660	7.662127	5.675673	184.995485	164.884671	9.594474	6.617545	79.382414	102.686985	0.482704	9.695457	8.597163	11.211806	15.220366	4.918183	61.449937	108.885096	28.992173	18.222764	23.436619	61.684347	78.187128	95.445826	31.096020	6.198545	8.167353	35.217486	4.172923	37.094793	41.795103	47.911677	5.654470	6.780865	109.798365	103.756301	86.024279	32.285354	77.142450	51.007815	81.770262	0.365256	31.367800	46.083105	16.205842	49.542506	42.096185	60.783643	59.817990	33.299204	 
26.763430	35.173403	66.056000	37.494397	68.709733	27.967738	13.634159	19.506572	101.954122	1.418340	19.796179	0.928543	2.871647	22.956422	59.918591	16.219537	19.951255	6.757211	63.766209	27.117213	131.988956	7.679377	16.126872	32.743181	11.534863	67.862916	18.372725	23.885879	73.785246	71.037852	68.422874	35.810599	1.409178	153.469703	15.458840	73.127640	14.958118	8.949652	28.857658	7.281585	92.501169	130.642958	52.853335	19.753593	13.430469	27.789159	80.994021	7.563372	0.495528	57.397874	36.745190	13.651859	28.576380	6.749390	86.279636	78.378105	18.582536	18.990729	25.620310	28.554414	23.636524	52.451118	60.434807	56.200035	43.388133	 
7.538635	18.300775	10.234434	111.892949	63.011816	32.163989	30.630685	39.384741	36.977721	87.599096	8.266749	14.662752	42.818071	0.369010	55.860913	51.012231	185.261964	6.567934	4.526627	8.590480	41.359515	42.393485	9.660751	16.680002	23.082135	43.166029	24.823384	75.225852	28.827201	128.151131	37.800319	23.721943	98.830072	81.528991	17.796556	16.938189	3.532505	6.591569	15.612169	6.289992	1.488254	66.053398	93.093623	4.716110	78.531932	76.242033	23.468170	21.049901	54.366375	34.189758	7.741777	30.727839	25.196078	21.965663	132.422983	141.660139	72.605131	36.108154	3.815684	12.327033	29.939645	84.888262	17.516712	51.215438	67.822338	 
24.754192	0.781974	50.714148	3.581604	25.200713	18.794851	16.916600	33.096927	93.252428	51.133864	21.103338	2.217440	162.210072	10.864548	5.215399	25.694915	7.484752	76.602449	38.161062	87.896617	4.046184	26.649169	6.895792	5.066055	3.862977	21.227662	47.895464	48.529259	23.684706	42.665238	11.185871	49.532672	55.878420	22.776581	16.540926	14.834774	2.960130	98.206645	153.329007	35.725693	70.227941	47.358723	21.084988	2.585658	4.997671	11.073099	53.754668	6.672207	70.261022	45.551148	58.840450	35.734746	86.991722	32.496416	10.792621	81.184298	164.398968	31.302911	35.395803	57.126690	8.939099	28.209402	21.373752	87.003592	14.667926	 
91.577916	6.522759	14.803268	0.920848	56.299912	42.477818	11.828837	7.550610	32.585004	0.245875	156.405698	10.795298	60.680032	39.886052	2.951030	20.046992	189.189027	39.769946	31.053724	40.318612	18.604662	69.343396	78.800838	108.671321	31.146901	14.211033	16.129638	23.987262	60.817264	52.391468	28.586403	135.863517	15.585555	108.301940	184.910247	4.009511	2.095075	22.428114	18.287692	24.623718	1.938893	74.108748	19.180160	108.402874	21.461766	29.057770	14.283989	1.111506	57.099458	23.537500	22.964182	132.570835	58.807643	15.646592	0.904797	5.423088	12.336384	7.581014	1.022446	11.704466	15.686274	24.117114	3.783200	6.062647	54.527977	 
4.307842	37.790478	42.339858	141.423110	117.826944	21.075752	54.003897	17.507256	82.953828	11.107417	25.482262	3.670121	50.261370	139.868691	10.257021	10.043354	1.200532	20.761236	54.482236	41.588148	36.982219	30.599189	69.823099	11.454551	89.635741	69.233346	11.918109	160.289975	19.277584	54.548304	17.461618	7.045270	75.592090	22.821381	2.663380	22.524100	16.998447	5.666062	42.979796	105.364106	121.919013	12.803153	22.638708	45.136818	74.349660	29.610274	25.322136	121.865171	40.905650	51.924939	49.962527	13.618598	17.356199	65.774553	176.138999	47.292424	20.920631	49.165443	7.732388	43.958930	3.583509	51.326759	171.961127	86.583634	1.513676	 
39.706367	131.059283	10.378691	39.239225	13.492955	79.571590	4.557474	155.433502	49.850924	5.341549	11.634751	55.927512	30.856481	47.563913	30.603077	148.454809	75.640989	2.415714	155.104103	21.448687	31.417851	4.574465	9.228307	12.895661	13.790622	1.909978	16.735812	16.521086	48.396860	100.267775	174.795998	26.405179	64.123100	5.690637	55.304309	115.826943	19.817157	35.257499	59.125700	50.291350	40.578886	103.254502	1.790052	44.586371	62.374020	99.058723	112.423894	8.794008	8.115494	31.905953	16.252170	16.244347	14.375178	84.021422	34.422943	50.743518	1.383437	31.147761	30.421257	2.249101	119.410041	4.752107	15.400836	22.233123	5.106244	 
9.151373	19.511005	1.033420	10.422023	5.154676	22.272383	26.892634	5.879847	14.919792	17.813762	7.994988	39.317015	11.330846	129.156879	42.583419	50.727518	83.413560	216.929554	12.538322	37.927759	79.390004	8.748615	20.795174	5.211193	22.045718	13.007933	32.968533	49.977248	6.385150	1.194802	13.412237	0.515264	18.699778	26.995247	1.291542	24.509260	29.060708	55.687435	14.411734	12.213953	89.753735	11.697101	44.045959	2.186280	1.159774	53.243262	21.661330	16.869325	11.130295	40.396669	0.230702	1.876877	9.928319	38.149957	5.568859	38.348036	25.482274	22.173891	55.363163	2.492431	13.072866	16.185623	77.109236	47.661903	79.352327	 
23.787226	35.917050	67.073273	6.078234	159.906485	104.862106	18.764235	2.575604	29.545723	11.428476	37.170063	45.237894	3.382871	2.670382	34.210640	3.987080	15.352997	31.784367	35.197922	8.119626	61.439272	41.441006	5.225932	43.479444	263.955293	70.018132	5.562358	5.701096	22.020045	70.340047	12.859980	66.895772	22.514421	27.647464	11.419292	46.390925	8.181433	15.505940	13.593109	22.679392	5.998940	45.460022	1.616390	28.516941	10.034852	16.713972	212.298072	5.465674	0.989842	26.785964	57.475363	6.171998	26.730646	70.581849	34.818864	27.610929	33.319087	1.335760	5.220195	16.769075	34.544278	45.117992	50.884735	11.441622	54.017057	 
42.379454	9.349217	18.516270	7.625160	4.882131	168.867561	68.173182	12.227890	9.764589	50.493316	7.003132	1.458868	31.304254	46.686062	75.553573	67.266753	6.408093	120.626410	1.559253	35.615064	0.677169	76.116611	23.308282	51.174315	0.255936	31.550638	61.820183	9.189131	5.103051	32.663518	30.398879	18.337042	3.510999	14.214046	1.245752	81.876854	82.958078	5.457228	10.299106	20.307105	74.199199	44.189065	25.767717	28.228824	21.838500	26.835703	84.092997	21.156708	43.272653	10.639140	43.516838	40.225560	37.950532	3.795329	42.257194	11.870194	9.175859	8.745918	63.761472	114.805657	43.882662	15.883323	15.829509	36.257383	11.471494	 
1.409397	23.467448	37.692900	4.557063	1.668410	24.250885	4.552377	8.711741	100.920758	2.046259	23.280623	50.343516	2.959473	90.901439	39.206607	17.364700	3.732002	92.397661	119.656601	75.457372	29.034638	3.311788	58.731673	75.089941	29.948988	16.263365	37.363669	0.787941	18.485012	12.418677	17.134621	33.016152	26.576090	12.438013	25.122562	44.204268	48.065807	107.020594	24.395348	121.217884	11.684783	12.450023	11.310944	26.866119	113.716759	9.793494	25.321747	86.922492	44.265193	6.670068	32.347107	15.048103	0.766366	3.666399	17.730270	5.712748	6.976029	9.217210	84.947548	19.931284	38.706448	49.798120	18.309137	39.278694	20.895525	 
11.736211	6.769758	40.487641	74.310962	50.040040	48.342273	24.841195	44.129006	48.726915	82.379578	21.482665	76.820379	4.574007	89.397047	158.609573	30.462971	46.187764	24.349971	13.097578	53.569924	24.699674	1.480580	1.164682	9.084229	16.994361	217.487935	17.002750	11.596643	72.357839	8.103882	5.406618	17.358627	49.312096	43.016794	40.838322	5.946660	52.042347	24.767944	13.351327	161.803793	69.954568	7.911822	15.808539	27.332307	2.491836	50.549000	26.428715	70.004335	81.033226	152.842379	155.265583	43.957285	13.511015	151.770108	2.979046	0.701209	26.041947	8.028634	65.634162	85.019360	16.326335	90.657728	44.780896	69.068352	21.606742	 
6.099266	164.966252	3.283854	6.195059	16.239971	50.849557	22.310542	7.318297	56.766112	6.752717	47.981707	25.254487	54.027360	11.866292	25.739097	22.561325	8.749656	30.587410	0.467225	9.399380	54.859217	4.649754	19.897411	27.791958	107.383247	33.985708	25.583119	11.263169	47.673391	24.384577	54.776659	1.240462	7.269105	19.915348	30.612632	146.727242	26.863582	7.855760	35.800765	25.587770	32.172838	29.433876	5.722573	46.425591	71.575897	92.871861	21.986609	89.839487	79.743123	7.405622	24.513111	56.819305	31.873150	97.440518	16.342491	103.541098	29.925763	6.825698	23.236929	49.993219	19.595151	3.928831	48.818063	26.375899	84.425708	 
14.586858	1.529469	27.954822	5.848806	16.729229	60.069461	123.005301	68.537213	40.458454	65.121620	78.926472	36.796011	55.004008	0.892139	47.655464	21.864147	64.012777	10.489843	35.003224	10.946701	32.968837	14.421004	48.526556	30.763031	13.682493	15.832916	79.616197	59.983357	27.363404	34.130767	4.123732	42.903156	110.044371	41.553975	83.612674	124.449571	47.739894	65.057220	30.695423	8.360069	15.491697	48.647232	27.499392	40.501549	128.350993	43.318002	2.345122	22.121666	82.351899	13.755793	119.834254	7.364028	51.983221	2.454353	37.307044	3.731628	39.764407	51.775184	13.068478	13.433617	11.902671	72.254677	1.663525	2.143846	35.504357	 
31.578978	16.180419	6.116942	20.879772	38.498286	44.712278	74.412393	50.050869	8.044192	16.553154	107.882091	4.408072	25.911388	58.878914	24.600897	13.784984	157.951171	44.213380	11.086156	11.333787	14.690645	41.030691	4.031508	4.244119	235.440933	3.108970	6.371872	32.816935	53.652096	22.206209	12.115694	2.249964	11.087106	233.738650	13.847447	43.923761	11.682419	23.493369	41.479445	11.336331	2.279332	245.593990	28.695126	9.388631	54.291642	70.457092	23.964645	3.907508	27.106044	85.548916	12.156747	47.760631	24.665990	58.490452	15.908101	28.707303	14.161147	15.961719	84.431020	79.213333	2.003821	46.664999	88.593251	64.823436	45.191905	 
102.437743	17.081525	70.393011	36.475846	45.736013	16.742968	41.897788	34.904523	23.133252	36.141089	127.210351	4.483827	1.716568	1.098800	40.960512	93.083987	31.217452	1.517002	46.748585	27.682288	84.766322	115.547270	0.755746	14.398150	65.882943	28.307679	19.506703	29.407225	7.127536	43.511234	53.687687	15.340886	27.570563	25.063130	30.729407	25.833936	17.837370	10.998382	29.456756	15.933733	24.355711	35.738053	14.906572	13.344782	29.403558	21.087669	27.437086	1.422759	38.344781	37.109247	10.733619	80.898979	59.013272	49.913735	53.478940	20.667897	37.775375	14.284365	3.761196	11.726375	44.232007	2.161452	44.310531	3.761135	61.471261	 
36.460418	4.519346	22.238202	44.780040	4.840918	4.605647	149.654793	36.023521	8.395558	80.512372	37.127250	27.581995	43.462166	15.159881	3.391739	21.528693	63.383144	31.243964	38.205754	8.351307	31.648065	99.305525	86.851857	47.361964	3.944841	76.413057	35.388777	28.562370	93.779334	18.921485	6.808407	27.286870	4.318746	70.476704	3.584697	1.808650	17.419728	70.391670	18.413416	1.552647	151.425460	64.180730	44.809345	53.161866	25.496431	49.973684	49.277707	0.212435	70.898457	38.333503	113.194215	118.509962	20.854138	29.415703	5.060869	7.658213	45.809708	37.531671	1.727898	26.246752	29.620003	56.734323	101.974866	2.434729	0.701056	 
28.899166	5.666841	3.573251	12.331425	26.528718	10.034467	37.213533	3.682020	10.279244	59.602506	25.498249	28.642607	114.153593	37.894294	116.412235	44.843537	149.695045	34.266088	49.142508	93.306423	40.324084	161.467584	32.079930	148.525963	27.291358	54.398456	84.109323	24.782733	5.227827	21.017040	13.077831	47.302190	48.000916	13.876364	40.749423	3.095803	18.375899	2.395599	31.510437	44.360385	25.666186	18.053016	34.504344	123.529769	25.819980	4.887369	57.534433	43.287706	224.495224	65.466993	2.017995	74.336562	1.397866	5.058985	26.516345	60.851727	86.612806	60.324152	37.514240	5.057201	1.606060	27.484251	12.471768	5.777008	37.123027	 
13.949187	6.665239	53.637422	27.855707	7.086517	2.637879	33.566554	2.590652	32.447836	30.947522	6.499573	17.910734	3.581658	71.079825	10.677431	31.249317	4.188242	60.373130	25.270540	31.571198	13.999694	218.961160	21.193773	15.157533	41.420369	5.212215	68.525907	12.735015	0.352259	3.931085	54.651313	25.804953	33.334586	18.103144	89.755230	5.922997	0.244802	27.724403	98.907784	48.154041	10.285840	8.363225	43.615092	113.690874	4.043547	17.689145	35.742993	58.135007	1.883816	2.526333	0.656761	12.564706	27.638092	11.437695	87.621849	31.387067	85.303151	20.539052	13.291114	12.943399	143.796726	38.613986	35.538730	13.393290	22.141636	 
6.799966	53.424632	41.249529	86.390307	16.641795	5.083538	78.884038	29.687051	21.452342	34.302170	23.882174	27.520490	6.297586	178.005277	173.976566	129.583637	7.770404	85.687221	13.035170	20.406766	152.282216	49.871578	78.715455	32.934645	27.053469	25.216821	114.832545	104.557515	56.351910	7.084029	2.808391	92.533818	46.817822	65.898855	8.371765	15.371495	1.542462	45.297862	18.130492	138.872262	13.977169	3.470294	27.122746	127.744217	59.520573	19.342752	32.359473	1.261645	23.286138	5.257149	16.214075	21.317897	23.817526	289.553142	2.614163	56.301987	47.037414	52.940079	28.629752	2.410948	26.121800	86.753032	39.154092	65.488442	1.110376	 
103.499228	55.106728	191.791484	26.904636	4.071336	45.067631	7.731091	33.547843	27.965030	2.489309	16.812632	4.297002	23.949482	71.057450	46.508899	10.743229	15.290864	39.922541	35.344939	122.433181	9.346387	67.626083	31.315897	24.576602	48.254935	7.964308	95.745739	11.567444	70.630778	11.763820	60.256524	26.479957	6.795910	42.062586	24.844946	14.130447	52.407924	7.484055	75.407583	30.933084	5.838407	11.254955	42.575840	26.610532	7.404431	3.510808	1.108407	38.330034	132.802856	3.763952	0.434601	107.170133	31.013382	15.771426	86.718843	11.987811	22.669725	44.999317	5.289017	174.045960	26.645871	62.289416	24.268254	6.489245	29.893693	 
39.062829	34.344742	2.641786	46.450864	73.339804	12.982804	15.884225	15.803836	13.906278	28.071369	8.995602	5.540517	14.461292	78.417927	3.826447	7.458382	65.197491	11.589790	124.012920	31.213844	15.482732	5.292731	27.902753	19.901196	78.311748	55.862444	170.748134	3.809179	65.141043	11.145816	4.889494	28.740077	5.494248	44.133985	123.099833	16.460680	80.444719	30.951875	53.080495	27.449079	76.716423	79.297059	33.062020	28.311084	48.618306	49.076418	40.701955	98.413978	16.711222	14.518626	13.638221	67.964529	41.116846	28.412730	77.676716	35.767153	47.687023	5.063126	183.329589	104.957253	69.186136	40.021995	113.452051	26.898013	85.689802	 
42.396035	17.039758	16.364340	36.621716	45.004793	27.573304	168.733699	40.313595	4.934154	11.828899	103.594881	25.724113	17.961624	92.084834	126.084791	53.783794	33.612184	71.295517	23.467561	53.589153	2.869465	3.232725	11.061106	0.096415	11.495809	35.091734	6.176692	11.670899	14.898489	13.479226	23.619287	29.121314	52.998601	19.741325	28.499629	13.633086	32.620242	71.986208	64.160784	0.252827	24.917198	7.557370	5.120828	7.116734	2.130678	8.253698	19.772938	25.953824	115.540033	67.988313	13.584218	103.999912	19.582245	91.558975	20.914395	8.053691	2.430301	62.312763	3.272705	30.777821	125.072723	26.235373	68.214694	37.526456	15.611241	 
77.688240	21.202231	52.684704	5.701953	35.504470	57.257584	34.691212	43.835636	45.575526	31.088179	2.245052	105.418015	96.713375	6.234805	78.329357	41.191741	9.254366	61.680584	17.988071	9.281951	34.788166	1.650877	159.834100	20.992265	2.560427	8.272176	3.244182	19.078860	0.269935	37.491681	46.728210	12.083834	39.023870	29.682727	1.407447	15.069387	94.991466	13.206977	38.833383	93.371910	12.396440	19.570007	96.054419	2.589671	19.761536	15.873286	30.322456	96.111179	101.878561	87.973358	42.935278	54.920919	65.629988	44.903141	20.527857	15.531890	6.241709	11.278514	33.648532	40.419378	37.202813	19.498018	82.223717	10.067779	8.432530	 
19.539630	17.355778	38.719942	21.929307	18.139277	55.546802	5.628786	18.082310	39.294958	105.077958	2.829469	45.997851	28.137640	21.735479	6.579014	5.825246	96.658426	5.926240	57.532519	78.743817	40.627331	29.296296	19.578506	5.158600	24.465969	5.764383	36.613379	10.068124	7.591460	43.500559	0.586526	8.704462	9.014167	16.204732	253.173871	21.529963	16.009916	70.825088	50.094148	13.522278	1.836782	106.625591	10.544390	46.702379	12.598075	4.080075	96.009482	64.878607	20.204192	201.249578	92.260407	2.199413	64.690794	8.613008	19.850646	26.836341	29.672003	27.852592	137.258486	10.275532	48.253127	92.488883	102.263484	0.575336	10.167027	 
22.105302	72.000672	9.182283	47.650454	22.443370	112.572356	47.439784	44.428246	78.228427	61.712226	5.246902	66.414450	48.942560	122.790850	57.365094	24.021576	8.023018	24.246113	22.464237	21.704748	15.445323	72.047219	16.347153	16.676003	35.638277	6.289076	1.625164	67.119042	22.942222	100.025502	17.121366	36.322969	20.829800	115.980994	13.875483	31.765129	3.349892	2.132683	1.211106	23.757633	16.071318	14.708545	7.373740	42.036916	89.288258	42.681754	18.956305	6.642436	137.610793	2.366497	88.212283	147.498309	151.768722	27.496821	19.293240	44.833970	6.283181	44.614873	28.208406	17.909407	31.188628	49.862389	7.036576	21.308639	26.250762	 
184.415654	62.798299	5.567379	93.049937	37.555886	6.764870	144.265469	11.131486	26.861438	34.904230	72.189568	48.852434	62.755287	15.371986	8.449626	29.582380	69.372763	26.338689	15.140907	11.888105	27.033957	23.121140	0.910502	0.521363	27.941009	57.034846	32.034975	9.929105	6.331073	86.574814	29.977766	47.467697	25.300299	11.376769	134.094575	90.481898	31.739788	1.127595	7.168895	34.575235	62.457081	70.008863	37.918554	48.045866	3.429193	60.458287	3.884530	66.919907	6.708426	39.780756	17.200362	34.723484	8.433115	41.427180	61.386559	14.194427	46.042316	7.487606	10.991484	16.820788	41.091015	16.564100	10.046461	94.699474	114.728508	 
2.795856	69.466660	39.460845	0.981780	23.750640	23.520826	26.893541	83.387244	4.672478	56.096980	252.412101	2.892199	32.829131	40.085238	179.446255	32.022195	10.726280	84.885526	72.540047	17.085228	35.374752	29.986410	85.585010	8.523162	51.713989	18.890838	124.960029	61.481137	48.450192	3.313843	53.566502	55.508126	98.609288	19.520315	6.879161	60.334375	78.157949	20.398548	9.427235	43.001992	40.515718	6.727972	8.329841	2.665942	16.663845	42.062275	28.624806	32.922021	41.166388	43.871084	20.632510	2.618875	27.945360	42.259761	35.297003	121.259114	12.086504	160.798520	31.097148	16.818774	8.793237	31.462796	18.511351	89.017551	44.445734	 
69.956323	22.770196	4.084266	23.676740	18.777845	6.832845	44.873057	12.056259	31.132222	1.720947	34.533321	56.099647	26.099688	11.124568	30.208954	42.258318	2.609916	0.092796	26.430288	10.085714	15.709049	77.637281	2.010670	63.202070	53.604909	46.722768	10.477821	25.709065	24.159594	38.510694	7.900101	35.393826	37.628461	5.888806	31.598967	15.612740	21.887544	88.329407	1.263029	10.090472	27.127202	4.218266	0.790473	56.727874	27.601149	82.011266	14.837265	25.650565	36.057735	44.329890	23.354646	26.254332	70.322212	33.991816	48.114152	19.336543	23.366835	55.890359	10.022205	183.031784	18.652169	63.261418	89.110696	2.378738	8.367124	 
100.323907	181.490946	1.847329	57.015447	74.670304	187.778790	163.956573	24.020899	39.376748	72.900352	17.792798	30.958532	4.168921	23.222364	8.477118	122.668790	20.040750	0.673781	9.876518	21.533823	18.485268	24.016398	28.771581	40.022415	43.235372	43.204322	58.343354	11.941947	4.243648	34.001005	57.908448	14.254764	29.847787	61.067597	14.611155	11.350946	10.088981	17.702384	76.952704	51.028812	1.006741	8.314975	66.802159	13.512299	28.968453	61.487894	9.323478	18.093116	5.752624	109.278245	33.381657	138.162583	44.411763	12.283422	33.372977	0.650780	115.443169	62.633962	15.120956	10.986686	1.727941	10.183134	11.289631	3.212147	12.031226	 
30.725577	69.661229	5.107413	58.619658	31.686385	4.320167	3.412661	1.132045	66.335776	126.396453	35.706391	56.505117	134.891949	0.794624	6.166299	50.959004	86.300573	15.488559	3.181312	11.948894	12.383757	18.274395	103.085323	25.152178	7.776567	44.365704	3.397095	19.821168	18.458330	16.105754	69.590691	5.700236	32.316641	8.147383	40.048073	2.565074	42.741714	9.419555	112.777954	102.985155	62.448952	3.422790	10.972610	77.983656	26.219737	21.086999	56.700461	0.806337	4.069591	70.801646	49.691267	46.263936	63.564356	1.396708	3.930089	25.188079	91.554488	9.276513	15.250360	20.720054	63.223114	15.775400	30.944220	132.423658	2.959647	 
1.061667	0.488851	10.930514	17.063951	14.882602	1.319690	39.982439	27.349515	6.929485	30.044413	3.940195	17.862055	193.720257	37.244998	82.065077	2.629588	119.551287	7.196182	5.659672	7.933441	23.870063	10.487421	16.642007	14.704486	10.897843	82.150308	1.302762	24.998223	9.133443	33.067666	28.520530	3.588606	0.325092	71.950868	19.114871	21.778373	30.100121	106.022251	3.637675	21.473607	244.868257	40.908768	12.101599	20.478561	131.494610	26.390716	82.675518	1.668010	98.942351	33.210843	28.412029	55.674480	11.767748	3.827346	58.831924	22.079935	27.130713	83.894263	4.046380	8.417526	25.879296	56.184942	67.239649	103.541818	46.436200	 
54.777637	32.846343	5.686831	40.517796	37.637169	10.450349	139.669140	5.902728	17.427782	23.611295	10.393165	30.812937	45.317768	1.466143	36.534307	8.446479	91.892288	32.893588	10.739229	4.599111	8.858812	24.576746	71.838360	28.938213	58.044553	12.825792	32.908589	122.078022	11.974373	114.737221	8.377517	27.197697	26.355365	40.896041	108.616241	5.453457	48.950558	4.023964	49.992172	59.211157	27.310460	43.132658	93.684778	10.134611	12.246303	62.856456	64.005053	13.294242	36.384672	12.416380	13.640376	26.384934	99.647527	4.815508	89.766555	12.047596	9.036824	66.298023	76.864922	17.028588	145.742523	48.275636	7.665056	10.319213	18.162833	 
14.258716	40.002187	1.249461	166.617251	209.926999	43.416441	3.694616	3.924521	69.379773	63.397442	70.689209	103.481755	22.296760	22.220791	7.006421	70.398834	2.357382	110.241054	49.203524	17.700940	22.847558	37.400461	11.872394	32.491627	29.141153	45.490338	23.649314	21.909770	27.406358	21.248282	0.871763	47.210196	53.167446	21.117888	20.286207	10.260458	64.949620	39.031915	13.462422	13.290043	14.837177	150.652593	19.723677	64.865610	25.944537	4.340866	60.783576	39.470115	5.626696	4.791694	51.967685	18.606819	15.696401	85.122222	4.210858	2.458364	20.207929	0.512956	28.789473	11.210428	20.413224	96.141689	33.073102	8.930121	56.733092	 
44.139440	133.421024	1.118536	42.136058	80.153638	50.371419	207.688079	49.955170	79.968795	37.465115	62.363033	25.260297	126.611322	38.085760	53.639368	93.341213	24.197262	16.305290	42.436995	12.659368	127.147636	49.703782	0.442634	13.856145	12.850446	1.133012	2.981600	10.794252	0.775424	14.693427	8.420626	3.726939	12.893912	95.940830	51.251845	29.902165	94.878185	54.882664	20.159912	38.390810	6.435542	62.833449	87.313999	7.662578	52.176479	17.467696	6.798553	69.564787	13.095111	60.797740	25.210730	36.932113	6.599189	43.158660	99.136340	118.048167	53.661578	3.015662	54.816940	22.795673	24.215864	55.634537	35.365334	22.904157	50.578304	 
21.754027	23.430804	73.162567	25.089651	37.129626	6.400295	28.275410	42.695192	56.973893	21.355545	6.719329	0.456305	28.258209	124.851332	19.671628	27.770497	4.463461	58.224733	77.564416	26.258434	1.342363	3.499318	6.526699	26.843916	49.269210	37.350834	53.715480	3.098184	39.573916	32.905418	38.533422	116.081614	40.231724	135.759364	35.299820	15.452257	26.833576	42.364933	191.969339	19.210639	3.463438	102.771705	202.804805	30.461950	21.881303	7.973191	2.847856	44.591805	55.048580	7.163635	50.270645	152.471716	64.057820	13.364114	58.995316	33.384037	37.682894	8.690564	77.698188	33.695524	3.574066	39.698685	25.982068	8.515821	44.214875	 
46.348225	7.813168	5.674380	131.739929	15.288781	20.551984	3.192745	5.118095	41.571089	48.412788	2.320137	11.427296	27.218298	43.274407	5.289884	34.360065	15.895358	0.619399	87.089554	149.329263	126.191690	83.202556	2.270772	3.685351	56.716867	20.601748	0.200610	13.890719	22.270117	68.120251	104.209303	10.381492	23.057549	64.377702	41.022833	61.832787	22.398101	63.311101	9.573557	179.510128	1.402168	7.637986	15.117078	24.378122	24.169628	51.032689	47.096162	3.055613	1.656554	16.578242	17.756762	30.057738	6.300746	8.434139	51.949385	40.095117	8.723905	156.930543	20.865130	106.501002	3.899353	28.691419	42.016681	119.096701	10.001704	 
84.188956	35.782490	41.067368	24.757479	94.635864	41.553113	27.980725	80.700371	63.299762	5.295590	12.841342	36.378657	58.213765	48.499155	3.659021	33.570441	2.082785	40.155510	73.005282	80.249329	0.433742	28.487060	65.279573	0.708478	9.689463	55.920832	28.535371	282.113045	7.674132	9.498327	65.465439	23.427554	3.742576	7.804017	71.069478	15.423838	26.615817	7.856680	17.274093	46.825713	11.274439	0.350596	15.453265	93.013487	3.120795	14.549588	59.567339	23.035633	12.518161	13.390826	61.863616	52.028287	8.383079	170.320249	93.458174	55.411603	7.473708	15.309260	92.891755	24.714222	89.172290	8.926784	43.829504	15.593028	21.079299	 
23.863645	9.500511	16.704759	2.531550	21.097998	61.141223	2.025713	32.499978	12.159981	8.603353	15.810660	188.030353	29.676050	2.122517	12.405183	38.271970	4.863476	5.583712	25.948618	16.742003	1.852601	17.361461	9.128489	77.071544	18.465571	33.826950	9.199554	115.409157	5.420795	92.089028	19.956915	33.739142	42.748614	19.827269	6.762472	53.475475	85.657947	27.768758	22.855918	7.795720	74.477342	144.365305	5.107694	18.903025	23.129554	7.749763	202.580630	254.886613	43.265645	10.972064	10.925987	19.131397	53.527163	7.668509	41.493376	2.022434	9.638658	18.004898	38.527396	2.353069	21.436618	2.609211	63.408831	37.582356	142.500272	 
29.556956	24.657803	126.240549	7.421281	69.891544	16.316650	53.550762	11.573611	2.401552	117.340720	113.687906	21.122789	6.327494	27.827336	15.036108	11.440783	0.231842	60.861826	48.455010	2.721689	55.108029	2.805687	80.539435	7.570619	61.175014	9.532289	66.512833	9.075287	60.996979	3.152740	43.714018	44.576590	46.677704	39.815257	27.200191	0.395247	40.032321	20.244110	2.104915	10.632446	54.728324	29.420803	57.366174	18.136710	40.727019	3.926427	1.121599	2.282614	11.095796	76.390299	3.883793	8.578432	44.991973	100.132456	150.531931	40.646651	65.255796	29.715713	6.662951	36.687597	0.990208	39.485359	46.434716	94.834138	39.557362	 
3.431172	16.890324	55.491708	86.907710	10.962722	8.655580	94.410615	12.977977	89.775497	125.254817	12.453549	5.967494	3.318270	12.215019	8.331207	16.265384	29.472136	17.999877	78.101093	25.703392	32.123132	59.777658	24.004029	87.103568	5.559428	135.911780	117.307808	49.607249	46.782057	27.856214	36.809411	95.798536	38.069646	56.874840	6.524516	49.547397	133.420721	41.258196	67.199000	15.758201	49.516045	14.664531	5.760288	12.654440	31.698237	74.694921	3.749083	34.967395	18.422092	22.627886	50.783655	4.552441	50.854051	14.214615	2.554408	4.686050	40.692635	22.833717	14.326022	15.524137	48.348634	50.162424	63.943679	8.930545	175.651020	 
86.861300	1.573213	60.413121	165.899084	15.387253	126.056995	2.656777	193.747154	25.408186	1.936056	15.823771	39.370580	5.591895	34.457182	71.172894	52.663800	43.085758	58.521094	13.501800	77.022904	49.499317	12.024095	3.145242	38.648790	144.691789	1.655965	13.633303	67.475607	15.992115	6.267515	35.283557	30.099596	43.202674	19.871609	40.809305	27.658264	17.920060	13.728451	184.314597	41.626712	30.096567	70.111516	30.756872	68.136351	95.666200	21.248643	40.640030	11.831988	47.583475	20.402387	40.916221	11.653375	7.867093	24.662674	30.044738	6.934394	3.785345	16.838565	10.195303	173.096613	3.436607	34.821290	11.998672	27.535571	9.580674	 
85.756193	0.099229	2.206820	10.320117	18.476500	8.923427	7.409542	14.827415	50.963958	42.146879	15.121121	21.340932	43.723112	7.450581	135.898786	40.479142	45.393497	15.323903	69.855359	5.096628	23.260369	17.067969	20.276303	5.544464	111.667646	143.166368	1.996624	161.995109	5.979892	31.588227	22.292699	2.342973	12.750273	198.384989	24.917055	20.012408	24.554629	34.815466	34.896700	6.788696	16.258771	26.396238	29.669779	33.001885	45.820610	6.752517	37.048887	34.383113	179.367482	61.445868	10.653157	77.406410	7.223248	1.323173	33.682208	21.810462	33.961468	45.328120	15.133131	9.093974	3.981570	34.518826	39.491789	7.283130	87.126236	 
30.085153	7.560702	46.422391	216.902633	27.905319	3.225476	5.225195	5.342365	21.254729	111.129562	4.932793	47.631123	4.141873	30.730763	2.760749	18.641748	29.040488	74.135402	22.532334	172.004271	131.674237	10.466130	52.088731	17.407128	28.309426	59.047053	23.867636	35.515452	45.070587	134.050458	1.210123	94.232496	12.296954	58.231605	7.122334	38.539132	14.391791	51.388341	16.505546	61.784169	9.004413	48.847341	33.239775	44.450397	14.999368	41.171043	3.880106	206.849017	42.909222	23.139858	29.903687	37.605488	16.499468	109.298519	3.601837	74.186355	3.583888	16.026847	4.287048	24.442960	107.284573	3.911141	50.771692	8.581610	120.614872	 
118.464554	71.832546	123.504799	18.447425	128.476550	14.742092	3.701143	18.930829	20.256978	46.149898	19.571629	110.766087	37.381520	29.042420	18.095030	4.109293	36.880435	81.717759	47.012223	114.378466	6.084843	56.692264	44.546981	2.248791	1.005812	20.629084	36.209734	30.841124	15.082043	115.753429	30.651446	90.123197	57.337089	54.980558	74.392026	61.208652	140.210296	58.532899	55.721339	75.353530	21.225229	156.446685	12.778382	21.188889	4.995632	22.525052	2.522525	186.910207	15.159350	8.833296	65.354944	28.244641	17.276467	27.399876	9.512515	1.455095	17.300618	35.560825	14.235922	15.955624	54.377168	5.605159	2.078035	22.388043	1.687786	 
64.275048	22.460474	85.439441	4.680226	3.133507	65.319223	124.205554	15.949547	25.336754	30.639351	2.427763	92.198075	57.680606	8.864712	5.472912	27.461669	32.050676	27.961249	61.756820	3.486533	195.766497	40.885509	66.286439	17.120794	111.849239	2.515348	54.136007	30.815847	21.727335	17.596633	46.240964	73.961126	2.226488	10.764084	43.828599	20.569934	19.406219	41.351568	42.548124	12.939868	57.172583	73.334843	80.080612	31.731241	69.823008	17.093427	28.959590	117.623051	37.338528	0.445398	10.348691	173.769405	9.565154	102.748568	4.800708	130.007618	11.476306	21.719147	33.411163	23.590106	4.854045	69.819261	34.070770	39.246331	34.462707	 
64.882558	27.526965	23.746199	71.022708	104.319954	3.380081	42.380008	112.463677	20.659234	3.068605	20.568194	0.314735	39.363910	36.015884	8.776415	47.573743	4.530147	25.089377	51.022846	53.970633	78.805316	18.642875	114.250751	20.569126	19.486589	90.954203	36.303961	6.460853	57.964304	24.086088	13.940495	33.147850	12.495301	18.671173	13.142396	7.391768	4.851851	12.255109	109.817519	15.388704	90.571446	47.079899	156.576211	55.796054	2.944438	205.542130	13.505946	19.975131	53.981294	55.155986	11.059016	2.660169	85.728028	112.229167	93.297194	11.252202	39.740424	1.002821	7.755312	49.772703	92.746466	63.903888	4.968353	39.678003	15.166107	 
52.282227	1.384767	47.106561	55.297054	34.729225	105.326998	36.783823	28.563619	97.595945	33.764510	6.194325	44.466773	39.841915	80.375455	2.575659	5.811787	18.991764	5.488207	87.752418	16.626838	61.075580	108.459847	71.664098	12.500746	82.827800	71.956672	8.989132	29.083856	70.796284	28.323572	14.793657	35.383609	61.305882	16.481757	87.451489	38.161739	36.083558	42.886364	8.584848	26.419099	3.176752	28.332242	69.614534	147.561491	17.935728	2.820864	23.427464	148.443673	12.483006	80.894284	2.253670	17.892108	3.513707	28.094236	26.352388	26.043160	75.308829	12.908911	0.182378	37.226696	17.110455	4.377815	18.270040	93.768063	7.410453	 
7.173612	24.033776	5.826997	4.838306	51.162546	239.084706	15.267319	109.696642	85.033488	81.272152	113.004028	177.955997	0.386288	28.826812	84.004080	12.160225	15.184819	39.251878	54.737673	26.568516	6.509484	7.743339	52.286451	9.084746	25.641068	16.082964	5.343002	14.639052	2.005987	6.871622	78.120228	56.008576	8.239428	117.318541	63.383031	12.746813	8.832251	19.749590	77.816826	55.725072	65.989702	12.347762	68.432941	5.889219	21.239093	28.994760	2.062539	12.944329	16.937839	22.034731	51.178226	28.838876	52.914536	1.485506	2.938243	29.553968	36.355229	15.314890	41.791403	8.164581	5.300733	62.919752	75.333164	66.792809	58.144594	 
63.627395	28.124172	2.021564	2.794376	4.329586	6.804674	17.478937	36.126831	130.171009	14.941861	83.742047	61.478951	92.212493	27.118925	1.970379	32.493799	56.050554	120.726685	29.517293	49.090990	3.122651	54.456939	3.493551	16.928701	17.192126	52.443127	31.939407	56.026747	1.716060	23.562653	96.457011	24.032164	48.243425	42.982654	71.484007	6.093743	28.255129	14.191599	57.380252	131.734229	7.680231	1.479715	14.769811	13.063125	226.670591	20.295154	25.395449	96.183479	16.535287	4.677418	21.261767	18.405125	65.865276	32.983076	44.142511	49.653572	65.205359	193.498668	24.050577	13.912053	1.210219	10.034970	18.496125	29.605746	17.468767	 
11.850271	66.380061	64.338592	71.609783	38.297789	7.033301	7.979830	1.144161	131.266268	25.656226	80.775649	15.189027	21.421122	12.517717	49.122236	3.009419	99.578557	14.250634	40.131968	30.467520	65.575816	34.190286	3.840530	12.591678	18.240902	29.120059	27.747242	15.241262	66.142078	186.473713	99.120921	1.783440	24.528543	67.834077	13.488646	48.348524	7.172099	10.051390	2.270945	0.367347	32.233417	7.846839	30.999521	58.939809	2.284685	0.358874	25.509230	10.604819	50.430662	12.046493	120.158183	28.329542	27.458920	40.668612	69.583719	17.699680	30.826878	82.377469	1.928934	118.298802	16.934955	7.730624	69.280770	58.508081	4.344788	 
33.261670	66.584327	139.729162	28.705304	56.997865	7.439972	33.633308	1.393764	7.905801	29.248675	202.075066	29.364059	23.301381	168.515073	9.501751	19.855397	1.736850	66.724132	114.746279	61.045725	52.007282	82.648909	15.001925	33.427778	42.877811	24.493880	40.759233	160.647150	1.654644	18.147422	102.084056	18.728692	10.693109	20.288738	47.689099	75.439858	125.863917	67.591733	8.163631	22.719952	60.495888	41.863737	11.444557	110.525707	0.935371	133.944730	25.395995	92.607189	78.701738	146.657150	48.542179	4.656468	33.938471	9.274730	19.488369	1.869200	3.616411	30.875245	31.118531	27.079918	5.996472	17.126541	0.356922	2.511253	19.096314	 
116.368710	19.211188	121.821909	21.729621	5.957128	60.899356	43.621839	83.916369	41.149642	38.906211	16.837651	50.571240	54.367393	42.666165	7.480650	33.840565	4.920549	9.754433	49.910459	59.050622	131.826841	8.916582	91.948502	16.869836	45.661513	8.136562	20.136385	1.313939	13.272703	53.988021	14.982923	78.341265	52.810320	89.113469	71.403330	5.232097	104.165576	23.290644	35.931664	49.324317	126.511731	75.344633	70.923121	41.013873	2.669686	38.743970	7.992265	9.364901	58.213182	16.068158	1.620003	45.653088	32.264707	60.531210	19.275800	10.970866	28.119393	21.113424	9.997098	42.022568	53.460770	11.703141	4.379779	2.212073	35.381616	 
5.900516	16.367091	88.056628	14.687664	5.429855	101.931733	23.361502	34.594881	27.630318	8.647259	11.349481	84.686626	0.093118	6.204540	56.720491	17.820226	13.687436	30.463668	50.576802	25.532756	0.227065	37.824590	46.480097	27.923261	28.330900	20.077905	79.466278	43.269753	42.100516	24.352479	62.003689	28.713124	99.908521	5.593398	27.441449	77.294975	6.311654	28.429626	0.630660	22.181085	4.734629	38.671586	13.055514	173.993172	42.802623	138.433307	3.954549	19.046573	50.177832	132.012524	32.622947	21.346080	19.694899	63.101637	4.653172	57.407421	26.510720	60.811818	37.291989	0.530789	11.339237	14.079699	14.948987	31.602667	1.156626	