64
0.000000	26.441122	78.832040	112.337765	31.023899	5.556368	5.459779	18.524487	6.827634	4.629698	51.707204	12.665324	17.101442	12.106721	2.061646	53.232502	63.647134	16.416167	5.069427	33.463415	54.600241	30.840457	99.212030	9.186026	15.768371	9.108839	13.756127	9.412690	26.359102	23.313452	80.090821	14.904146	8.917048	28.591307	10.396151	52.435318	3.466496	205.170068	172.472687	48.094023	7.193859	4.952021	37.266105	52.505246	47.669185	15.467494	28.573103	121.278143	43.540075	170.508092	29.765195	32.811909	4.760706	33.040176	27.105803	92.110076	2.875918	79.348678	101.232894	40.457838	27.390781	8.482245	24.197477	9.386759	42.122897	 
1.054261	0.694210	1.761551	31.839192	34.423893	4.044211	95.646947	24.024161	101.178194	17.632280	10.765876	57.835211	43.749437	107.813247	47.475814	27.456569	11.402539	2.656514	31.134234	30.067167	151.155564	77.805912	18.821570	37.651139	12.267402	0.936129	39.892456	21.042145	37.150216	19.653574	6.386570	16.332680	84.446186	7.049416	9.535505	14.129405	75.161513	68.371210	59.104644	11.366107	150.214370	38.066937	15.785611	1.267237	6.275950	138.062403	70.381148	33.484695	30.974985	50.280399	39.692173	128.042730	42.114824	0.871232	25.880145	8.142961	144.599093	20.652670	6.230551	95.354044	0.787552	29.236560	48.253321	5.206995	8.210814	 
7.782718	68.987674	7.945832	159.239897	12.962466	62.972311	8.374579	30.563304	58.071385	3.898421	101.718376	13.390881	35.978959	16.782234	41.208076	40.803010	22.085965	30.681428	34.835766	60.540430	117.786975	10.087085	21.294315	19.188508	8.950732	61.039150	6.699122	56.174455	9.413674	20.208083	17.898640	9.269748	35.963506	26.528439	7.403213	7.967468	46.456478	137.457404	23.822881	32.839408	8.193921	26.006085	86.971995	113.458772	59.217039	36.114066	64.395458	15.032064	28.515719	12.932245	12.657858	38.754949	4.335181	1.581156	41.644731	23.371506	34.231763	1.072064	136.173023	9.860075	7.713647	19.952351	34.838305	36.943820	67.524698	 
20.749181	16.708369	3.051898	7.057023	140.198316	141.834414	28.400139	65.935620	15.742706	134.668157	120.309610	74.697598	18.287117	90.190630	30.919832	11.812400	1.704413	22.546429	4.529621	2.656249	1.172099	83.250802	18.567456	22.846302	31.707951	140.081561	47.745567	23.181314	8.689524	83.746409	16.717092	65.495811	48.757376	14.270048	64.970480	26.313826	65.026176	12.012331	30.923421	4.998759	1.624980	2.843968	49.458451	52.536308	77.994817	11.472491	52.576112	50.309957	14.339099	40.564714	14.919741	103.565367	16.039770	106.702018	23.713512	26.297691	8.743966	53.395793	14.900024	7.853098	25.433949	63.898205	1.379134	22.294148	20.805961	 
18.528253	11.242457	45.889332	15.265129	5.355842	9.535975	7.118768	31.715592	35.661425	2.263087	12.504413	60.421147	9.032329	22.892909	18.195881	11.856181	14.950382	28.439968	69.226836	36.878961	43.271624	3.200536	77.794618	11.631176	34.847210	11.724463	52.343007	104.878465	4.601582	38.717465	192.673983	20.274988	48.229059	56.932407	35.878877	36.176125	28.002370	48.290718	12.306465	75.179186	65.141078	19.765592	5.504219	23.163968	95.647464	42.332987	17.043972	28.235345	36.698481	38.000245	82.960665	20.289106	14.897203	54.027951	4.295160	25.125175	13.347410	59.419870	38.437078	95.894950	58.824137	11.002209	35.866331	13.687331	59.393453	 
12.084228	28.819977	37.022716	14.309878	3.611782	0.305045	1.171348	14.512574	12.388816	26.858224	100.887142	22.042864	37.776078	4.402380	62.197234	208.992336	11.581337	5.182958	19.767858	20.163633	16.407338	146.856060	81.919951	26.351802	18.504112	23.910538	67.650369	27.392762	32.313366	81.317462	8.048189	17.149654	22.505389	49.757718	33.150675	94.422436	9.765261	26.739470	12.706961	25.551035	51.008115	14.639437	52.816530	80.749974	128.798398	25.391119	53.732965	2.814926	49.855391	9.843522	23.568692	28.842447	72.443839	45.581090	18.752836	15.571046	44.076776	159.015486	26.368410	15.351782	84.730964	38.963905	159.003049	30.736231	25.017573	 
12.669420	50.362552	32.611635	8.005191	14.032976	4.231050	2.341310	17.352896	4.523458	49.987974	4.930853	16.151210	68.955987	89.991406	82.115782	8.019850	9.768485	39.926780	40.123772	61.907244	19.401945	58.000724	36.398387	51.956899	26.255231	36.521918	112.808559	134.482852	102.795566	23.178508	64.597983	20.225339	25.430000	1.957957	61.760442	9.933701	50.341118	19.593927	44.002710	13.152002	32.927856	47.903677	17.556687	11.016048	17.286724	22.691185	2.003225	55.519721	88.309918	52.430556	95.536122	55.171315	95.819082	47.999351	110.149892	8.251455	49.054864	24.518654	12.742517	28.878224	19.126117	51.540710	33.283004	2.758022	2.846448	 
217.625006	34.062503	59.265780	106.641570	14.687454	4.591122	13.183024	10.151761	45.227966	47.246975	61.880564	34.918700	1.187928	23.882209	31.497627	26.596812	33.880265	34.612032	9.450567	5.253778	7.092619	65.200762	37.018852	78.681822	95.470776	68.978505	9.175000	20.037963	100.345550	23.285790	2.525591	28.708122	53.162602	20.774913	95.161611	13.139829	2.788851	77.849451	13.656638	60.595600	8.939196	20.233625	191.658563	22.354594	5.958912	5.612119	6.765561	110.939719	28.517788	12.635453	39.364706	19.112536	48.539041	36.289526	25.079593	6.696318	64.767590	17.814401	43.203754	54.028711	1.855228	7.792535	39.489415	6.757490	10.989448	 
7.580224	1.699739	17.490325	0.215291	2.885508	15.802629	19.694297	21.466070	4.266086	106.575352	55.446320	19.825308	43.676876	78.303678	18.829728	23.223482	82.866703	10.333573	60.666496	24.447493	7.518426	24.683833	16.650703	88.008690	45.744831	23.744433	196.353044	37.222415	56.969641	18.974993	29.195126	75.610495	19.890835	7.943208	78.194605	1.557968	18.271787	4.413009	72.713833	28.445504	52.882760	96.621749	28.362243	0.430973	25.780929	28.430161	33.770778	42.946919	32.403072	1.571743	87.078003	98.082216	44.855728	1.980985	105.354021	41.410272	23.128678	5.463701	117.158774	37.133390	1.644502	18.246997	26.585144	84.679226	1.588652	 
16.432675	18.559801	40.739628	6.118536	14.098888	3.113832	3.927182	84.934817	72.585838	2.533632	36.678956	19.290135	42.134348	29.714181	17.621454	17.819561	97.214660	23.912056	2.186916	25.081470	35.974215	54.342254	72.639763	1.503410	67.640458	53.779778	63.304644	61.703752	11.999964	24.245932	47.838430	60.152665	13.395554	9.502895	4.607389	131.888685	115.110511	32.174440	101.336057	87.563979	30.985586	0.982403	49.543576	0.527451	1.517800	1.753325	42.929257	81.750320	164.883596	37.863214	23.798584	0.504152	60.290703	8.687308	100.272028	80.435154	14.814055	279.615188	8.311837	174.145973	31.150968	126.654130	12.940865	18.164570	11.025321	 
15.256260	8.955669	10.359492	23.105882	6.691967	62.507705	153.998879	10.450171	75.688245	8.904067	1.416296	74.567803	21.438437	14.559992	104.303216	44.514514	14.733435	21.870866	9.192461	45.670679	2.217717	50.300449	50.091674	36.745055	22.191135	29.621145	71.989127	5.140288	12.564565	80.571760	24.691277	5.811911	43.353228	200.831705	153.521074	43.932427	22.172388	112.491504	95.815570	63.711077	18.110633	61.144873	18.618619	87.840907	53.851721	18.812317	20.290363	1.150606	28.442884	30.741881	87.453801	11.806483	130.600088	58.593886	70.123566	1.502815	43.284699	41.798800	13.512934	159.287283	38.206322	130.775184	49.817063	1.341849	21.409646	 
2.601577	24.419539	5.387327	96.946052	34.056586	2.043107	56.672980	30.262569	12.088617	18.699569	15.721671	11.780705	60.873645	3.766876	13.988426	92.642181	33.536855	95.163609	3.151375	86.091636	125.909911	44.347499	5.446662	6.292929	37.569249	56.207040	6.912617	27.733495	120.225191	11.950256	46.112270	8.763759	5.429638	90.885125	199.685039	29.506462	8.162878	13.089622	7.788886	15.753154	6.950231	20.868542	73.007038	3.753817	150.017963	65.785909	71.665448	49.042151	0.746975	23.836530	12.945409	47.226820	172.271431	72.716415	30.211222	38.124795	60.909209	115.218211	22.001339	37.585269	17.831325	46.492890	61.622952	105.991039	16.282505	 
46.578322	9.006931	79.991049	16.098672	45.680328	18.050932	67.992035	9.287851	152.273089	19.123131	19.035760	19.757258	19.580523	11.553477	21.278870	57.482406	71.263654	15.973373	17.771584	0.357311	27.118330	26.050311	15.122504	100.426998	20.896935	18.997246	206.668967	56.081942	60.691176	81.035327	8.820635	2.833340	2.400133	19.785255	14.806454	31.237053	14.027878	92.572658	30.774884	20.133109	55.255285	5.422386	52.521176	149.020862	18.512862	46.594790	72.837957	137.464660	16.315315	38.493873	12.024733	8.291814	23.103214	2.319321	5.205153	23.797947	36.299368	18.709895	74.326180	81.734314	108.366837	29.884045	68.904937	7.209890	53.860749	 
30.178857	26.874168	71.572400	45.996616	59.070205	29.292761	26.001259	12.047607	6.054668	42.927658	33.948857	0.827579	138.377804	8.822502	66.071134	10.281083	9.347628	15.035789	36.356942	11.171180	35.302952	32.278176	56.398454	14.515735	22.772534	14.686571	32.353799	29.333068	39.853502	5.376601	2.263410	146.733253	7.288287	9.679440	2.458056	30.940562	16.753516	2.597844	0.928956	60.907578	6.653866	114.173074	41.586646	1.997588	4.190805	54.983291	34.394557	9.688225	33.556408	115.562322	46.719274	1.622833	29.834155	83.969391	7.991918	103.257129	19.773060	52.789906	8.178129	6.824417	34.865103	93.123197	98.894556	124.323126	12.666895	 
13.890206	38.543806	1.964791	64.243569	24.206186	29.389838	5.292622	73.285167	38.170667	55.000793	21.206077	32.535811	143.616163	25.814899	35.524396	35.131366	25.579902	2.232660	50.249049	55.807692	82.745171	6.006608	154.121888	26.232247	88.733473	73.525958	37.075401	7.306501	28.012982	25.520018	45.918924	45.833591	7.126489	29.508213	3.363704	7.796586	135.582705	137.022556	2.776403	74.407205	185.975924	10.059057	74.626780	26.069632	26.009533	32.839614	86.084988	56.186733	44.065608	30.613054	28.584934	24.847489	50.284303	12.314691	181.710232	66.396586	5.470940	7.248868	19.405496	18.763603	33.414598	43.673533	18.407009	26.145617	18.332290	 
19.812754	20.478338	2.832539	0.858950	28.358082	17.633480	113.843863	9.204970	2.850875	4.368397	59.827988	45.807561	9.463278	14.922453	88.382290	0.289162	85.795259	3.982916	21.167056	7.560065	1.831087	6.642903	12.017692	202.573222	29.510023	112.898399	3.585519	13.005345	18.792390	12.037233	8.232612	91.592676	126.103927	70.238548	101.649191	13.768200	29.914321	91.298926	37.389886	57.883403	13.178989	20.614738	12.915579	53.476095	29.873423	4.645721	20.108042	21.511691	39.193788	85.882602	6.374450	94.717813	82.877903	17.678206	14.611009	187.139484	0.474527	13.379322	2.252742	32.772583	42.738027	84.898646	136.351064	10.295644	38.004373	 
17.336770	79.627852	36.419419	3.382300	88.787177	19.841545	74.559762	25.260585	17.842868	169.482554	21.347488	46.550924	22.055591	1.675133	23.665280	16.898745	13.440862	5.243060	24.568209	10.456377	85.473150	42.230929	22.919227	6.545208	143.356247	16.478830	41.168638	2.231235	52.825836	12.006911	28.858631	20.024082	35.235326	72.064520	59.430036	4.913142	4.675524	44.065112	31.536048	72.691488	9.308311	53.442762	71.672832	41.215497	3.567396	77.102722	32.191230	36.077079	10.232631	54.383916	24.189252	36.304580	2.573614	19.535910	119.546278	16.701888	9.893320	26.552492	8.009502	3.898136	88.207167	27.220529	7.539953	20.822377	21.392405	 
4.972993	12.987073	64.129319	42.496335	1.387725	326.731284	60.670079	8.871131	75.047724	20.494962	41.470263	103.225970	152.035169	14.459166	35.926558	12.271760	17.325362	4.817583	25.046656	27.754174	12.908996	6.229776	7.029048	8.826958	62.830730	67.521840	144.328955	5.743001	10.287172	69.276895	74.740359	1.218661	57.083278	39.488954	59.658438	95.483259	39.834199	54.509924	8.175754	10.085017	40.848235	21.547954	44.980257	6.764308	29.445615	8.637059	3.772917	72.876073	53.343218	2.241906	53.468245	30.936825	16.437939	56.359921	10.926886	57.151243	58.465139	37.451672	9.428250	7.543149	31.089813	4.438722	15.381810	22.594647	17.336361	 
4.286421	56.584480	133.662763	122.001476	50.166952	12.518550	21.628324	6.888180	18.095127	37.174120	29.755029	54.059928	33.217515	5.532185	9.542269	35.100448	8.097372	2.283446	1.643762	2.662058	12.294319	9.860162	46.241193	26.367470	19.031409	68.249860	75.299611	34.963371	16.667609	60.297545	22.770424	33.927536	66.071808	1.150461	90.176166	87.215818	3.034252	16.840576	1.737713	112.840507	22.063825	6.791323	10.299889	94.187101	58.006633	6.954443	24.530623	103.202584	20.223585	36.971710	16.366350	23.886785	4.909333	17.742767	70.823385	11.160100	22.010436	120.476668	110.982059	146.198324	21.839040	1.543089	19.168145	17.284255	3.197311	 
30.769685	55.992399	69.086900	192.057329	14.685612	7.987562	52.187449	40.954367	5.657579	77.052792	20.247886	1.636111	10.653581	14.064566	39.671653	8.730053	14.379086	14.607339	45.214215	3.186976	18.911317	87.734699	82.637456	20.819959	42.273617	8.438516	22.657617	34.408906	32.831795	4.795342	5.799236	0.836585	83.448921	19.468630	142.712704	16.819920	3.423328	111.015046	66.243672	21.013783	21.881212	12.257460	7.114704	58.356625	3.809346	43.327301	6.055973	1.913803	1.648011	30.563937	23.097120	4.563046	22.660929	51.498566	18.424253	69.546800	3.342469	23.098764	15.572501	15.546611	21.234882	23.405967	18.301519	25.342361	7.795191	 
76.344646	5.139907	19.864573	13.909789	0.798864	44.483541	1.951136	24.923392	19.727031	58.525177	463.895158	6.064152	62.328862	67.409434	69.473781	72.218934	51.262886	11.168108	102.319491	22.865521	15.217659	22.478587	7.742023	7.905530	50.801607	19.859291	72.653197	47.640012	66.142891	33.623477	1.550209	58.227821	81.577121	77.558970	39.494734	31.201551	164.141262	15.022281	13.200164	70.217820	4.294361	27.793291	132.904712	3.921406	3.089577	49.487674	23.000731	1.194138	53.473158	40.579674	56.801159	11.745119	24.421235	135.711241	37.397414	5.926331	13.500961	2.761212	16.887748	58.851107	8.586609	13.857240	40.542347	119.261053	58.259741	 
2.101418	86.006787	43.718410	0.886188	16.202247	50.858863	22.718446	21.297480	12.548653	44.862787	17.723133	6.140855	22.764213	102.730290	22.206950	0.711698	8.397363	13.068926	44.478436	29.175476	40.530656	1.992809	61.779314	10.043129	25.865758	48.141358	12.073732	12.365436	115.936537	14.668942	41.562030	20.106155	3.960735	30.785549	82.124379	73.265059	5.315025	94.488442	26.908548	18.033458	53.380904	15.068515	12.853675	107.999790	48.512574	44.208045	4.828092	82.393834	61.040553	53.233923	34.581331	10.470755	10.924670	0.879234	5.475002	41.881281	0.927354	17.355547	42.774059	48.628956	10.516551	44.806810	22.858082	59.106673	60.311832	 
30.204789	44.520199	3.529957	44.619102	88.011935	40.433174	40.823375	10.609466	15.090415	5.597883	9.789600	33.869866	21.280628	22.097422	9.764670	5.381140	13.739714	10.457094	4.769426	49.593756	171.967596	4.845746	4.943045	62.023340	47.889021	188.006444	32.544690	12.111070	2.900192	5.169092	10.430335	18.462854	6.650821	85.555348	29.311958	18.235701	22.751368	66.560272	74.903900	27.859816	112.586800	65.061316	55.331855	7.119287	7.387336	5.388066	3.989527	34.514907	3.628380	8.754066	1.740659	49.642759	10.582582	16.193635	7.103915	36.447946	31.700626	18.716806	11.424503	9.894706	39.139070	3.934140	12.395013	32.401517	183.624581	 
103.857252	75.072981	87.635590	3.677553	23.837805	5.026435	18.119684	21.206169	52.207057	34.748549	5.424514	172.662406	16.737856	53.846004	40.060722	54.588434	12.941209	64.122570	16.718315	97.495786	7.796337	44.495728	31.015414	6.282820	57.673100	12.023378	6.803477	46.095271	49.103802	17.801980	51.611974	17.537494	7.325562	17.210275	20.383938	62.379107	17.807458	9.702324	13.746918	0.481714	30.257581	19.670233	98.284115	37.884099	54.012507	14.474506	32.654787	18.181391	10.172638	67.184984	2.815425	97.053569	31.912906	74.247734	75.547286	8.670507	10.752135	57.079078	50.981594	32.923339	35.477843	58.167636	14.007998	12.357769	28.294048	 
1.379562	17.702296	10.103327	2.585623	9.454796	26.304473	35.394218	17.966845	8.569875	3.175784	144.319967	45.486690	23.924150	27.488247	4.496317	38.238012	6.582130	1.920968	85.051924	83.032860	14.331810	30.722617	106.486450	52.874850	1.017346	1.463821	62.666722	92.028998	10.316754	41.838970	7.613723	100.423741	63.219536	33.859021	162.495540	3.303435	7.672978	93.784810	113.130495	122.537486	1.413128	2.703656	29.758454	57.202824	20.002575	50.904888	79.671165	81.952457	42.439235	65.538368	34.042939	5.708020	65.653099	24.275394	9.899069	56.995626	20.184438	14.502624	122.608012	33.675030	32.061851	93.775301	8.359255	60.607225	43.659564	 
15.847231	6.384094	4.673172	19.126821	17.278790	39.188553	12.250957	1.268190	29.582003	1.029472	93.561310	8.887315	51.045951	106.697027	4.368973	37.644276	0.666270	4.149124	7.383450	34.187415	10.354899	9.332174	18.220746	42.234636	92.304645	12.330355	34.905665	6.249025	16.928864	34.457159	51.553273	8.651700	95.032951	31.064526	33.584911	31.139711	131.575809	17.431246	16.813011	155.649043	121.716013	19.899545	23.063600	19.579759	32.755613	58.161362	53.729132	93.236798	16.537293	42.818268	32.336729	39.095990	37.840771	102.919166	26.727180	45.479240	8.695556	4.654527	47.203095	2.991159	28.285024	10.919126	10.898974	34.090609	31.037491	 
94.543985	6.063217	15.757054	78.525936	10.698072	50.709986	218.385895	61.915574	50.827419	8.028166	31.727536	8.955371	28.989663	31.841853	11.439599	35.338741	1.301742	15.079455	19.432331	96.345628	56.147858	48.069711	10.596256	0.830811	17.523770	22.807085	7.377398	11.233640	41.952215	154.708225	15.789941	3.274777	3.749811	2.339330	39.681295	5.943626	290.069171	11.974981	65.141558	29.902134	15.606132	91.309263	7.345946	204.149125	28.228910	30.276220	67.025710	45.053637	5.300431	4.929895	37.177805	20.597347	25.018184	46.136818	23.348407	17.759142	125.447299	93.222684	30.877662	7.216618	52.713024	33.696620	19.802343	82.350527	28.924370	 
23.258517	83.935335	44.357663	19.033585	16.107392	84.404378	52.101241	38.384664	28.004267	5.260011	157.377532	1.985624	21.518767	3.745226	20.260163	32.569827	17.828539	56.191126	24.629359	11.288076	12.892436	50.460006	16.329830	20.340032	60.267499	77.582919	39.119530	13.023260	12.740946	6.561844	36.044623	2.992267	39.760101	17.691719	102.496250	30.706476	17.157925	9.972149	53.575669	33.802283	6.541264	10.725616	128.067369	65.790507	50.581833	80.663430	39.072938	30.855868	28.321280	2.032045	41.929899	42.679141	82.488253	129.190995	57.568155	91.267435	9.782326	16.641856	1.276635	25.783194	50.674330	8.463517	41.401040	54.848718	44.259401	 
2.516974	74.601488	64.173916	2.825365	4.969302	6.711504	29.305914	206.384378	84.694075	27.316983	74.312659	7.104284	25.323876	60.358800	8.077036	57.476506	22.613744	43.932437	24.296290	55.123365	85.082824	40.184494	16.931919	18.797841	55.565959	34.529194	97.680623	29.324927	0.684197	1.625441	105.602788	39.027798	42.665894	29.597480	96.030556	8.084893	48.876097	72.772333	51.734647	2.154398	23.398365	113.334249	3.290193	8.797473	15.378124	11.753390	21.660792	53.805302	14.894044	21.732265	31.192827	44.752732	8.858002	42.887749	4.257077	6.684630	104.548937	170.882197	102.920935	2.333270	46.564302	37.654601	2.247177	38.967529	10.018772	 
16.669277	21.257368	83.064808	113.417435	29.845444	125.839435	7.559402	140.983565	11.465556	17.114440	27.416669	24.223068	13.951865	55.423841	9.820156	23.647987	230.001172	67.431506	19.563483	45.861281	5.894585	5.832820	1.873522	78.318098	57.790762	41.000518	12.439213	21.266555	12.492174	31.516109	29.846133	2.643276	38.758153	48.458548	36.476049	28.142542	19.016738	42.803518	39.482420	10.596819	16.937173	38.311933	46.787078	60.578351	3.205290	35.102629	79.553554	2.555982	95.755132	53.370566	35.185737	8.078201	80.414895	108.810007	131.899857	8.869461	28.412183	74.557168	22.534506	99.826527	73.255600	21.731681	71.936345	15.270464	50.804399	 
53.583735	6.025044	3.618230	26.521065	10.931333	2.922073	33.221896	64.123786	54.250754	4.841678	27.045685	101.691429	17.421597	19.680149	79.020903	32.197062	28.366687	21.098539	93.172964	12.644682	26.222832	153.300708	4.643647	74.276063	21.411700	69.914480	6.113720	3.482187	79.496895	31.295588	6.439067	36.275744	82.966570	56.619540	43.718867	27.247545	31.808099	60.888367	34.831154	74.819458	19.595958	81.002171	1.531966	15.952006	9.843605	29.645816	11.510324	44.753998	4.183030	45.339701	24.705241	126.970676	4.932106	56.865747	4.303253	15.063718	71.045807	2.470275	6.422278	9.885163	4.599117	61.663870	31.111624	5.562286	25.564683	 
2.926735	45.838774	23.282947	11.323031	42.433444	31.131991	70.471463	56.737808	118.757354	2.972543	47.675265	2.201769	22.140518	76.705036	73.692993	11.866555	85.096953	17.618107	12.214171	82.479860	38.004337	22.659928	6.874081	23.746283	49.230346	7.125930	26.762774	25.041257	108.895784	9.922676	41.942874	32.120640	3.682650	40.139836	55.237478	86.396378	19.799448	53.029181	17.541282	7.510307	14.842083	3.457543	1.864500	9.565843	75.378417	20.282375	6.498206	75.554736	5.007822	56.626743	71.937488	5.951364	51.023806	28.059222	105.580828	5.539446	5.156835	73.500480	16.011951	35.983158	12.482376	10.571099	16.183266	1.622049	94.111513	 
31.483440	17.223858	10.356119	75.490055	36.276459	184.169470	134.535022	176.276323	22.691149	49.926751	210.486976	61.270360	36.666743	107.591128	89.965658	2.262119	5.211315	28.204935	1.367483	59.829294	26.477426	14.789527	26.135821	19.065442	1.377848	30.756399	239.764191	30.333871	8.608369	32.748154	114.656465	49.751605	1.423593	26.955258	1.195318	60.250124	40.715760	12.923848	71.718564	22.330962	8.368517	18.310618	22.111107	30.939468	42.942546	21.389790	43.240847	4.305756	9.629150	212.867530	20.924917	42.377938	165.048364	0.859607	86.141384	117.513212	6.743616	95.189266	7.348852	62.712228	34.433172	0.848845	144.646399	17.616980	21.611416	 
70.907087	82.990195	39.792924	9.284612	29.437398	8.497838	43.683816	9.761835	8.736596	44.020087	22.905763	12.085609	39.833051	10.177425	3.003924	2.070114	20.718972	63.577071	11.582114	28.744658	16.888330	24.718493	8.051801	23.481326	2.799121	43.745587	167.700633	10.501791	2.512564	13.827716	17.680135	95.904024	80.359313	1.484599	24.807485	112.480917	23.038040	33.399360	36.734301	36.382746	173.390797	39.852744	12.284162	95.990728	53.467426	17.547088	31.414169	11.266071	27.256540	101.642775	17.753778	22.623518	34.410454	21.011201	131.724063	41.398710	9.949135	5.251773	5.062971	70.140632	43.334902	18.222392	22.575362	45.594931	76.329523	 
44.629611	17.490866	3.551904	99.133586	49.606049	9.522385	29.865328	49.940709	24.583633	38.406561	26.201829	18.404646	58.851766	24.997809	23.060658	56.158605	3.752418	52.217785	206.411227	3.770179	112.822889	14.666869	1.225588	85.615350	32.358401	117.014396	13.357396	17.438248	12.002566	12.449155	31.233469	8.175043	23.699470	8.750273	5.961646	6.899937	18.545395	10.738612	13.396233	86.953412	10.870465	64.422199	16.039620	42.881364	26.251418	78.653658	5.108433	10.776839	70.132165	56.956026	36.812089	8.330290	49.652793	10.970392	150.616371	6.844706	40.960485	105.112283	146.979220	32.755983	70.647803	25.241829	37.891200	32.908082	17.242705	 
50.898260	52.428386	32.016587	45.211114	50.537586	29.722168	82.857949	97.154436	56.186060	11.367534	94.715092	33.827814	50.863630	39.112248	39.909957	79.686755	3.025150	40.417621	26.820712	56.044226	34.283425	43.515764	46.294433	182.156617	72.163954	148.552520	10.933268	54.549212	10.073668	8.777628	140.162930	15.502330	109.254318	19.969924	5.359505	2.686025	43.347785	57.931689	23.101620	36.489265	48.733641	162.018555	0.998797	24.972299	11.876594	57.175042	5.268229	12.184486	9.204554	22.466803	113.210650	63.661873	18.206694	40.745706	110.230489	34.583150	46.280801	31.456090	34.510466	1.136383	3.699043	15.522529	80.743693	117.579923	33.358025	 
50.274317	130.328804	13.787034	48.481702	4.611167	25.379374	138.588535	15.366934	30.591217	69.804736	55.108311	57.926084	21.681600	27.519011	47.415019	18.205064	38.446020	111.420149	44.563042	33.850424	4.375635	10.463756	18.327053	37.526126	23.136239	20.351091	66.143131	40.172367	73.435998	16.799123	28.188640	1.266659	14.784418	17.505156	12.270911	4.047057	0.350885	26.324045	67.067852	6.290790	215.674817	0.855960	39.623494	61.384408	68.246708	21.985649	29.685809	6.241149	8.433443	53.196002	8.981619	30.772181	6.479731	96.175538	18.133245	70.131140	29.931448	79.202452	15.708076	30.342635	11.213782	35.936096	35.002264	3.701783	65.510338	 
32.302793	117.190221	88.619120	131.769347	9.696904	79.061786	126.387200	27.739584	21.471095	25.884502	41.814104	41.416976	43.739215	167.701235	51.421573	12.611748	48.567440	2.216752	13.997005	77.700379	1.267610	13.454724	83.858233	7.793447	56.601066	5.275500	12.704252	7.289655	3.768998	3.162706	79.754993	79.220397	91.438036	25.922555	47.132738	22.859486	8.314993	7.191009	10.605650	25.043379	14.091231	0.739352	9.918260	35.163517	10.019471	18.396391	2.385439	91.338376	39.441792	13.211120	75.203712	26.733883	79.286709	83.668773	110.829160	98.320106	180.646973	34.198818	18.490368	46.774208	26.269402	76.110539	38.212492	56.862660	30.873572	 
11.803715	2.567169	78.456240	118.447609	104.213620	103.190730	22.845680	8.526734	57.558278	53.113923	32.060135	112.552606	9.973517	69.791090	53.783622	86.811179	13.701091	79.415660	114.093020	49.175501	12.442629	1.438589	18.030483	65.922263	22.262296	69.326785	55.401026	37.424344	82.618327	26.600831	59.212978	57.589577	63.899501	5.220814	27.068775	3.704746	26.764698	2.503040	1.795847	16.710704	49.010058	10.213818	96.075560	9.397427	18.510900	17.763784	40.116909	8.629541	20.801698	11.533592	37.019185	59.899132	9.020770	71.392261	16.887354	137.253985	30.388914	48.865661	21.076999	13.233749	21.313076	7.383002	89.623882	62.766338	21.600014	 
37.399279	17.468732	64.152623	24.614109	33.775847	24.293530	14.259107	4.893865	182.129871	29.911717	81.566134	86.621058	116.498512	109.818442	12.910348	6.266195	61.346877	5.268165	65.813832	29.528268	47.665544	70.235331	3.381692	57.562155	43.769444	5.241147	12.715766	0.661582	34.768069	38.073279	29.249830	26.812905	69.215876	20.199681	1.032568	55.860806	17.040345	11.240746	22.396209	9.411428	51.808579	53.405604	5.612754	31.082136	2.223629	5.684423	71.936593	37.121993	35.845621	20.707647	80.119466	24.884268	7.616318	47.258709	141.061192	74.976725	125.650715	8.894135	25.241844	7.845227	11.835123	17.798873	38.552591	5.858955	49.785207	 
24.918740	26.732312	54.111917	61.331531	70.953731	11.768561	5.777089	15.049924	6.537814	46.719032	18.055012	5.348643	1.459574	38.922779	23.672126	6.083588	112.447780	97.756569	75.232417	47.220628	1.497512	9.268282	11.776359	95.720414	117.102305	92.184369	60.117059	63.363810	18.981724	93.940578	4.103048	49.525115	22.560348	36.407291	38.167834	34.796987	8.836606	118.179920	25.873816	3.860593	6.758572	84.799139	29.668988	7.056528	2.777763	1.252815	115.060348	199.082977	57.470766	48.521070	91.377410	48.120549	5.162164	4.494634	85.340631	81.236743	1.927873	140.176687	39.285492	138.213617	23.923229	1.583304	21.492849	4.410630	0.678936	 
11.916003	8.602623	9.961814	29.858557	3.954688	17.874403	7.779591	20.231222	21.624118	71.622940	105.707728	24.643837	42.835035	48.764152	134.109089	16.147192	70.813438	75.918077	71.741659	19.295071	23.495811	5.313359	1.494778	12.668846	2.560882	60.766372	2.208298	57.898736	17.172161	5.764821	25.680648	297.631997	34.450490	9.290479	25.976098	25.602184	2.652477	50.136498	84.337610	93.132537	1.062648	2.042939	29.183342	19.293718	6.158503	4.771130	115.264551	36.560728	22.600470	5.158353	7.440084	42.306764	3.200738	9.130268	38.614745	71.969250	8.054758	4.963626	194.117810	60.130172	39.449108	39.009191	21.782053	1.739049	182.801979	 
70.282383	4.092697	35.006897	38.216445	19.113490	7.644014	20.015356	8.355957	77.463753	47.811947	95.885221	22.659912	101.573517	15.014102	113.781289	73.343946	3.363719	18.578881	93.292872	30.933678	14.723949	0.694544	44.100625	36.602494	51.047431	17.066911	46.690527	18.115040	51.228506	16.923091	46.998128	37.588941	9.098924	5.337483	16.384478	97.333929	15.259792	24.772261	3.619639	63.164422	22.202844	48.246973	8.913666	11.821548	5.391208	28.324442	32.462129	88.272958	88.195454	10.724764	44.591560	0.760264	24.076119	49.879205	113.322955	20.535438	69.860065	27.252847	5.086117	17.020378	18.117629	42.426717	137.224731	3.726843	34.647413	 
46.416814	33.578705	23.822317	52.818269	16.980885	53.740996	55.018761	30.692723	34.448780	4.404900	10.550687	27.909933	19.880590	41.698543	94.307026	4.406004	25.251130	61.854106	102.967691	57.032972	24.380171	0.987511	3.891139	65.391951	70.418600	3.677436	73.114703	19.351445	22.130432	16.633159	15.903505	1.505532	12.875660	9.510438	54.082600	49.893625	20.913183	29.960166	53.330387	122.749709	118.235963	116.672206	24.778775	1.968108	59.885761	3.180499	78.299198	3.262188	23.710444	22.863039	52.306048	115.830713	7.250075	45.213362	16.640089	3.146193	5.475460	126.408161	4.610701	16.087219	48.568139	104.514622	61.344665	134.708928	35.380789	 
10.296473	19.038880	147.287557	36.510839	14.978244	14.885518	2.492143	39.068272	5.991398	1.367402	56.490006	42.693610	34.124328	51.657839	8.349280	5.936847	6.832060	5.487898	38.721096	1.709208	109.598855	74.996735	32.212394	41.485193	50.042619	37.201129	64.452172	3.164458	42.477497	85.085249	15.431275	19.646816	5.858958	88.667332	146.182085	7.615508	303.848838	74.790082	112.827170	24.473663	47.513343	7.223499	19.661908	49.938388	2.155968	49.490107	193.008002	20.337600	15.446319	34.994442	35.997082	55.936936	80.814743	34.102768	71.906012	9.799625	57.255385	10.457595	5.693533	43.950409	103.172565	64.634010	86.554141	24.249451	16.878149	 
26.655271	63.921482	24.080596	78.994522	7.962062	111.973702	71.060503	10.393873	24.517137	11.338436	62.974214	16.441150	22.543671	24.952267	35.751575	27.100621	22.413254	34.144248	39.364215	98.210090	17.143836	19.984505	35.431276	26.319557	14.195746	105.014146	46.957763	39.284287	26.614232	70.579013	78.689795	5.309547	6.373272	168.080185	6.826494	45.286920	36.821151	26.584446	176.955433	18.083958	50.504703	10.740543	39.094251	2.253174	33.258224	4.933722	100.634429	52.273281	5.216375	2.288759	33.300109	37.018573	36.219646	32.384638	7.782252	149.632269	12.517145	63.030833	85.173339	2.441214	7.999582	55.865096	52.597029	24.878543	15.128048	 
7.776669	39.765643	107.187619	15.942917	75.100854	59.804761	12.502934	93.259182	27.762980	101.208653	17.479435	7.822550	111.967970	39.253911	52.343560	134.675154	2.324037	82.911597	14.991915	54.998132	223.772524	5.062561	72.302254	26.522803	37.814601	57.969783	34.555974	57.148111	64.654374	12.311997	119.001599	11.904595	28.256017	3.527633	72.981025	132.140583	51.582393	2.104252	99.803136	72.716428	66.839197	20.396663	8.673428	1.023883	7.438209	15.082844	11.866687	120.820395	108.986714	155.141219	7.284079	10.112459	161.047274	15.346891	39.914226	70.794301	102.124300	40.482570	39.269985	9.092045	53.338641	1.693644	14.353527	25.297030	57.073638	 
47.040287	68.976828	55.060885	2.575702	6.267781	51.887928	52.531350	2.973994	15.760715	55.758834	21.729873	1.841935	46.916831	72.262777	0.883936	15.203888	44.244851	102.639724	162.135072	2.614816	20.200954	18.325578	54.723865	26.636563	3.850746	16.167228	25.117528	5.905109	11.717709	26.186670	25.080105	15.186811	29.098620	42.490795	3.412022	15.373977	209.073921	9.058079	15.481667	12.304877	178.574304	45.280187	100.924375	53.335424	134.328810	11.303381	68.136073	28.572766	41.114581	19.482831	32.185787	20.537441	24.885674	23.995221	26.727822	12.646269	41.898060	59.194028	8.871843	70.526550	86.946621	60.688596	5.303145	48.909586	47.760962	 
1.183755	15.657831	72.965909	16.604397	21.107040	39.418412	17.075632	72.813628	24.737827	47.994767	11.451321	22.036718	84.862924	24.756261	15.987892	16.223105	68.993100	22.489248	29.171097	27.477291	36.731056	28.695882	81.989270	30.563592	8.651052	55.434712	14.878665	8.666053	53.101820	71.895903	46.216212	170.634000	39.333886	24.143599	48.392337	32.754258	98.528078	6.772078	99.330514	13.664127	5.600809	55.908401	37.874588	31.028852	8.765859	3.851775	12.654060	23.460121	17.651594	35.218221	63.286068	50.838377	74.874867	3.108799	6.189921	31.992196	11.068611	24.061159	54.536543	32.892620	25.462622	35.232168	29.802438	10.346082	67.551255	 
14.725605	23.601946	15.715643	86.572484	42.035127	4.838394	5.462365	20.758006	15.481980	96.549234	70.444634	24.413373	36.374011	22.545064	18.660329	58.668957	29.430958	30.214804	48.957230	19.909082	13.522106	25.958925	160.344291	64.430693	28.317183	91.743565	37.059095	14.832252	11.267770	28.985814	43.208992	41.272849	35.444036	29.005547	19.857362	84.565092	68.453450	70.601698	12.928908	17.512393	69.633353	10.622855	71.662683	49.620217	3.119718	8.377903	38.915725	42.034636	13.748527	5.882365	14.071608	1.513112	13.611720	14.556707	21.670845	32.101828	99.292612	50.614392	4.706315	166.531321	56.724355	31.507364	38.470304	1.784214	7.990413	 
6.343801	18.762753	80.252425	33.324873	66.663863	171.510799	29.044516	31.514083	2.177208	27.821239	74.736180	9.309211	21.324990	41.024993	47.384338	4.557530	61.149205	95.980430	49.036583	11.663270	2.679579	76.805185	57.360220	33.503355	13.460148	13.409683	58.359854	39.511008	1.147155	3.575147	24.022061	9.839190	7.739647	39.330350	81.405519	49.512126	123.494283	4.940969	11.211274	11.032976	25.319535	3.235334	10.009871	3.295621	40.202873	27.725154	22.615741	193.888817	17.969996	3.191842	10.349494	20.788125	70.740332	46.596642	37.671783	93.562181	68.854530	76.365333	2.095268	46.553979	41.658289	16.682250	11.337665	6.361172	200.355010	 
9.178531	63.537363	3.122416	18.171099	16.287364	170.624184	30.885244	5.655989	9.379249	28.289587	112.649928	63.255223	20.923152	3.914328	70.554531	50.363298	17.494084	4.490293	16.944249	13.748253	6.660579	50.718984	2.224428	52.570086	12.146002	6.650588	53.911376	3.944486	40.250160	113.737680	47.943791	31.004166	14.586186	100.989167	148.676423	17.527865	38.651021	31.582745	13.687210	22.243453	81.238367	23.022871	12.281532	26.697424	32.572988	100.287046	11.257702	88.043437	2.694115	9.366771	41.606380	13.418822	16.674872	21.132914	21.553935	180.676567	39.113825	28.111073	10.071960	27.712951	37.363613	15.514717	26.793941	71.932282	102.293901	 
35.319006	70.754514	56.016988	3.005431	69.545523	34.528458	111.531729	14.093233	29.213928	46.913697	41.295739	58.912553	10.049848	23.385437	4.844488	16.647514	53.733035	6.358408	91.223402	27.946967	9.645656	66.583284	85.097995	30.623475	57.770155	10.710514	69.944560	28.884599	77.094052	15.196112	12.593624	10.159135	2.654858	18.430013	34.437139	177.706360	77.822403	16.545489	4.812642	23.824985	225.511428	1.303742	52.440563	34.878225	38.045364	17.763757	30.873405	4.583187	37.595600	83.186447	11.013474	65.738951	7.405687	21.823000	45.571225	5.191981	29.091137	55.303659	118.828005	4.351724	47.197972	175.759921	4.104551	85.118561	3.111839	 
6.635231	35.154126	10.832868	185.796311	1.413025	59.383019	24.161138	14.320270	13.337537	65.896979	28.444370	25.771706	40.432836	21.461301	17.112897	57.645002	56.139469	51.297879	36.133680	45.635145	6.580158	58.863832	34.940818	13.984254	19.406491	63.906586	5.693539	61.829401	27.893631	13.165961	34.482506	24.037480	40.580167	26.184313	30.697907	1.581509	39.901472	118.049819	29.206371	82.556138	79.259435	25.078618	24.207162	45.284599	18.118829	102.596488	37.231993	48.289958	13.092035	33.861884	5.469740	78.432235	11.315701	1.756450	18.491953	27.760008	25.595475	26.753372	4.405955	16.808531	3.093150	6.030938	44.055689	7.002283	19.266523	 
7.300950	23.731540	13.027397	59.330506	10.246418	11.290714	8.243391	99.642091	59.202731	65.229215	18.113391	18.611414	2.684393	76.193067	61.359442	231.485567	62.289178	111.553395	31.880484	11.641026	100.864573	36.532781	36.489421	56.781877	23.045956	16.757874	37.917428	118.177621	94.427773	19.751076	50.481147	38.660686	18.994427	31.024859	7.239907	28.170558	21.153372	2.497598	51.933488	17.594202	91.592234	27.784680	69.922406	28.868041	153.176901	18.410124	292.439062	76.233453	133.495289	38.083419	78.415179	54.817206	24.648768	21.622981	9.658845	52.208031	12.507821	41.660035	25.793715	29.871248	10.871127	83.381529	39.937533	68.438501	33.240054	 
17.755336	2.076688	29.662968	131.455007	4.389946	89.294657	14.615303	40.279210	36.070388	121.466790	49.546332	79.102621	16.365416	34.452026	26.618457	75.640850	50.505602	30.821677	36.217788	13.534017	5.091960	26.135792	160.120613	8.025383	79.440675	4.321532	32.596513	21.786739	1.350621	2.772162	50.461011	78.548423	6.434992	9.248891	11.723566	17.327151	42.513142	6.695066	67.985352	25.159664	38.565931	16.260832	69.163039	30.673344	7.654409	251.447440	26.792517	125.120035	117.210144	21.594716	19.586274	53.812553	31.278424	57.288684	35.905468	11.099431	47.360261	35.752329	23.070960	96.321293	4.256907	62.890880	46.667066	2.846491	79.328827	 
21.701989	77.679881	1.814674	3.433933	33.749628	2.027466	71.985274	112.128437	20.671368	40.106068	13.878592	64.856101	33.557199	11.312543	65.178495	2.566069	31.617023	82.013741	130.477657	74.672375	17.181266	23.361580	24.785946	4.944821	65.852441	65.325311	10.574757	27.289516	12.263902	80.589477	16.356484	13.172509	4.682253	48.182728	72.170217	79.411701	60.533815	8.842264	99.111182	46.348812	10.505859	189.057972	1.982264	22.247572	11.377111	131.121707	123.780134	72.353649	118.055634	15.463382	101.170625	33.600632	87.601781	60.041328	123.723616	40.394946	4.611934	29.081996	12.590267	36.034961	71.541401	108.419504	1.088279	4.830980	8.757510	 
30.890598	43.296252	32.159327	15.246484	71.908273	46.206246	31.613021	107.306578	97.640633	11.967293	27.386603	16.084218	41.888267	16.588551	10.974810	69.845691	110.206537	7.610910	53.386499	1.620913	30.146606	84.293882	93.765434	4.621394	14.802335	0.366581	59.591079	26.138646	15.963932	20.207810	11.253628	145.805570	73.828663	74.190532	66.192797	1.381599	51.075798	4.173520	27.128071	35.852017	31.628719	14.082204	2.227221	4.668810	4.326319	32.710115	42.662493	4.413036	22.945438	9.021692	72.814463	62.926603	24.130531	37.997785	24.167807	46.434359	41.451415	16.865152	53.228469	91.439415	15.350210	45.145808	62.458017	46.221312	4.655351	 
10.825853	45.238092	39.536408	36.738427	46.023302	7.588534	9.966890	5.639693	82.283447	16.385331	271.433682	77.906897	33.502934	9.494368	70.844709	6.068938	22.867654	45.069027	17.646584	34.172859	54.269198	9.069127	1.841289	6.332879	110.535939	72.039617	3.843635	49.135147	3.412110	7.740162	6.583851	54.632971	77.412666	121.076377	33.862580	89.463306	45.777134	30.650516	12.625743	8.644410	25.559878	74.236796	28.479631	80.797688	155.044689	11.077432	0.921984	93.452302	180.451522	28.671218	49.267669	83.618300	19.521251	80.903838	104.699830	39.168515	28.807706	15.919011	19.714779	22.250375	150.693795	13.550463	35.669503	30.784255	13.328545	 
43.741000	107.438171	48.263020	31.511679	19.856643	7.497168	25.594930	65.665776	11.741000	5.143033	3.009334	24.329768	14.625558	31.295393	9.353922	23.884872	31.235928	4.955533	48.884732	48.582834	4.734357	3.526226	143.160928	33.008700	53.350601	117.754581	75.196621	2.006591	48.775552	0.930556	30.043768	6.087950	20.670957	9.261658	57.471139	26.748689	15.628825	75.811087	42.353863	19.630824	22.849569	30.629249	10.644443	64.948701	34.242659	28.613320	37.067226	13.314633	192.814970	12.028281	15.399815	6.982709	74.375422	43.762558	1.526722	34.374211	87.458412	55.923381	21.744912	15.083113	93.154818	32.628789	12.938918	40.443150	3.210256	 
24.473122	3.241525	14.649590	43.039513	51.185553	4.008293	26.961515	101.427607	24.464309	3.161577	21.915004	25.110966	70.528861	7.365585	22.176761	7.426409	115.381797	25.887205	21.928758	27.404147	9.702189	44.760847	122.321684	188.469873	19.656359	5.762228	43.729578	22.090571	68.295311	19.196664	107.407670	38.101467	12.944855	48.956321	15.259658	5.788362	1.206534	63.735424	55.349829	11.283685	76.814308	23.849511	45.673588	83.459329	70.309987	20.555453	57.224269	3.122015	86.982048	35.319918	19.851044	7.788577	1.397515	92.756114	1.489675	18.336287	18.636901	36.461776	15.294744	13.693944	1.711582	41.365331	41.701236	49.852539	7.082430	 
55.942990	19.899418	29.583566	14.426609	38.601546	81.772987	54.130179	17.395386	6.078396	34.734569	20.590034	12.681407	4.800250	31.008558	29.599155	74.454655	17.570295	19.723678	8.594494	22.909600	27.558278	67.359319	21.595242	156.416690	33.797120	45.891887	19.930655	52.198241	50.302331	23.766393	49.003057	6.539317	29.665910	53.316409	20.056641	13.303118	4.054730	9.192688	31.861494	6.922874	2.060178	20.461020	51.739881	12.483456	26.559482	53.726575	42.659546	19.109582	45.590732	17.210648	81.728799	55.515591	43.938964	26.924803	12.845106	3.781331	45.290692	9.075784	130.170606	38.737716	63.196603	1.611278	88.230598	22.493419	17.396467	 
124.537138	28.293389	6.132700	56.534993	50.339422	53.469950	30.290096	7.654859	1.013818	38.737469	120.970964	0.860305	62.869303	46.467398	7.577340	35.484249	7.881673	28.868511	65.054775	63.577694	29.578958	43.286705	0.590459	78.456695	23.599278	23.267826	51.527404	12.669085	90.927547	0.682807	25.528546	27.601540	96.861943	3.572913	45.306687	48.009567	36.394603	40.780065	43.769535	48.113346	76.433471	107.881874	16.270264	2.675423	52.355569	3.006037	31.122607	152.914774	53.910953	19.223710	86.285299	56.572000	16.108924	36.584586	183.607161	71.907774	40.858067	15.891407	104.358771	11.360380	80.474145	31.907862	6.628027	60.873729	2.522398	 
43.438716	9.782727	21.319916	0.879005	37.608532	5.391661	9.603884	11.399903	67.735747	68.763914	15.656925	45.494681	25.090148	72.186186	59.806419	7.842415	65.230682	37.901540	9.866683	10.366421	29.810429	13.104661	2.033716	34.664438	59.947894	58.961911	0.981705	18.312333	65.858704	14.147905	16.500528	34.604346	32.470787	16.129822	25.097732	1.263485	103.765115	40.122146	5.179714	20.011541	42.840132	95.594145	6.307593	56.798414	6.906787	187.684872	24.763016	86.775437	46.888071	37.848488	75.745158	17.309128	115.717191	10.186636	34.807105	2.735689	6.636730	66.167990	14.164494	9.934584	45.648478	57.225875	46.502839	3.722220	24.846367	 
32.288176	8.936791	26.615187	20.889121	0.995942	114.248013	70.253157	31.250633	133.640999	52.088302	37.936444	90.452592	21.078780	15.569613	25.470725	32.853400	44.349336	30.503677	39.124118	4.230459	15.562952	4.498688	60.701245	30.967278	32.800678	3.677403	21.818758	122.167472	57.892281	8.961890	3.036758	23.523744	17.204021	27.618430	60.406670	43.360038	123.760992	6.001215	76.518430	1.165047	168.960279	9.294379	15.875910	23.462430	15.827033	7.920025	86.902455	14.053929	21.251290	8.570344	39.996301	63.587463	1.792177	62.497628	20.962842	69.791916	20.967333	72.259704	146.449575	103.297508	76.692592	24.179438	3.122730	12.509131	3.154474	