64
0.000000	60.257285	50.451813	21.813764	20.454960	47.824375	69.191102	48.433201	7.567285	78.394626	15.709475	33.176679	37.135915	17.058107	4.671035	104.668036	34.495945	1.525590	84.281100	58.033272	11.265123	55.914435	6.269592	141.937344	43.282254	51.351759	8.543305	4.146761	192.499215	22.346711	18.491550	33.306521	50.789904	143.095606	56.650800	163.290952	9.738593	13.811484	18.108399	12.566810	57.678243	24.234363	81.689459	12.155360	86.547551	30.437815	12.041399	47.264655	20.281781	57.624412	14.901741	6.151257	16.647036	56.379790	67.367147	2.908920	70.930074	112.935913	5.964533	14.728879	3.305379	63.903135	21.112427	64.555372	102.769767	 
24.545823	1.394773	34.839517	16.791019	49.217922	49.481456	15.460465	90.181108	18.491522	3.719056	38.976026	6.576520	1.500095	153.018225	39.661052	29.791583	50.122847	45.114164	17.721679	23.986960	37.427818	2.315501	5.500749	36.211281	13.395768	34.219949	28.914519	66.470860	19.879368	68.045863	72.686019	40.921707	116.446046	13.696853	12.462549	40.576771	4.779656	24.486859	0.499634	132.003599	22.159701	1.575513	51.349661	18.879187	30.286398	99.284562	66.835766	55.897663	59.298064	81.307372	8.109844	26.106131	20.852786	10.285117	20.605813	0.836670	40.332389	5.115318	33.769584	125.941545	12.008506	50.090580	5.177692	42.939793	1.727570	 
1.197129	34.989611	18.827984	32.843868	33.534191	18.067768	4.897190	55.226535	67.182333	53.369346	4.314679	61.933277	12.644046	20.610479	40.858763	2.663083	17.001430	6.577777	114.271342	23.072792	67.865137	18.977717	9.285451	108.703216	27.025846	81.587103	37.679048	120.509834	22.867630	77.301069	27.534572	82.332010	57.766034	89.479047	200.763075	2.405869	27.491936	20.227930	92.122082	14.872198	14.323439	0.921377	6.397701	51.150466	67.834056	68.288367	26.139988	13.772080	3.149322	10.154191	82.864950	26.285870	0.764752	69.782414	13.516169	13.405417	37.552468	35.539168	23.333284	45.528851	37.500271	12.399607	95.170786	7.867277	116.400752	 
93.760878	55.292557	99.848634	6.048964	4.674034	12.989169	4.329968	34.002434	16.686467	63.698764	65.087358	19.302441	4.815122	9.660208	111.169666	2.972959	5.445009	49.443494	16.317551	30.560595	0.919765	14.368243	54.861589	4.567468	17.660179	61.557901	46.613984	16.152257	38.833291	5.315228	46.550927	2.552770	14.376992	3.638515	4.427261	5.846579	86.714844	14.211075	57.845266	5.838213	8.245614	22.284847	24.143236	57.589374	67.336119	26.566520	8.861518	12.302217	3.153004	81.646200	22.345976	16.131594	46.366529	15.737899	3.249671	24.409843	25.374155	4.757552	4.904789	38.286435	38.870711	96.508202	5.649341	34.199266	26.413314	 
102.038632	127.679295	4.280158	25.946427	5.432538	3.974012	77.345468	101.428974	1.089535	35.373462	6.428000	52.704056	32.749899	16.548308	35.162190	48.562480	160.663330	71.470599	6.338640	31.367060	22.202493	3.489937	32.309530	24.792780	1.379456	38.156077	86.886538	109.971422	14.183956	22.978262	24.605449	48.203554	26.307420	15.528642	111.378037	52.644488	22.769675	6.784707	7.500082	47.114728	59.844948	29.921133	14.562162	76.482758	17.330174	11.085354	28.174488	19.208538	11.200801	68.212073	61.108062	13.870809	8.957357	0.786718	15.296931	7.441716	29.485369	80.874694	13.786276	46.506783	43.951433	145.652661	112.757430	49.884609	35.516033	 
15.452042	18.563000	34.267176	5.929519	58.227792	36.975576	89.869390	34.009201	178.194219	0.499919	0.616147	31.889097	24.741973	30.103031	12.488111	16.058745	41.913167	12.153127	42.489762	25.946709	35.565790	0.647107	63.843285	13.321880	45.121036	124.341792	66.802919	21.428109	92.876523	12.284920	39.700578	230.698826	19.691930	44.395839	1.098964	17.273926	83.279114	75.666664	4.805780	92.573420	21.425028	39.941526	39.829982	106.269038	159.386462	38.953343	10.817435	35.281706	18.615296	15.750967	21.185394	10.123269	0.980283	16.822823	93.476164	9.964785	13.358639	51.846496	29.112964	33.036319	9.830540	58.882657	46.437117	74.298805	38.146968	 
10.873209	10.922217	74.047476	62.885568	21.126475	233.329026	10.468672	18.514814	100.426427	2.802970	1.638527	19.021200	23.083926	91.813045	30.784406	25.216981	30.340518	139.534276	76.163912	17.227537	18.172035	11.130171	124.895211	40.448305	11.593442	1.368586	16.493564	140.898981	58.744267	28.249026	1.199691	27.807070	66.863883	47.586290	49.858444	13.067617	9.078470	19.568257	22.024289	7.583858	7.368187	145.860561	66.030713	2.843408	32.169745	79.391030	4.154525	9.915393	17.043250	81.404917	0.378590	3.327049	11.617921	4.054148	33.730757	7.426868	64.877501	59.337357	35.752198	55.579900	33.931634	19.591819	67.169027	125.156609	26.907449	 
16.794797	68.283947	3.467042	60.350489	86.916955	43.586738	83.460448	18.365201	85.491550	1.235151	136.393648	73.934111	34.011271	62.893086	169.295268	15.373409	98.140208	192.808649	24.868565	17.651303	46.673413	48.360210	3.360539	29.600696	14.266788	5.224857	94.237949	7.220411	81.259408	22.274619	39.312836	22.844683	68.633139	132.678554	2.707280	24.395631	4.549151	58.668183	31.771557	44.750224	46.339093	26.288812	46.569590	77.963294	10.917996	188.339495	7.776372	93.047149	12.612723	25.449824	2.134284	141.639473	15.230009	200.641762	164.394494	0.395295	58.882753	124.354490	22.609805	28.399960	21.240385	75.681922	8.891109	53.902224	145.146821	 
19.435545	27.279927	14.963815	64.794866	57.088109	5.466906	4.763880	23.334725	1.623412	26.416961	2.029875	225.912678	121.391960	7.011399	25.208380	105.879034	61.100618	83.118008	7.476196	82.187424	59.687394	135.138909	71.015079	6.060091	43.606461	52.635812	20.325829	71.677428	70.989356	9.929586	38.390002	48.560039	229.972959	52.990963	26.592323	45.457431	77.076547	60.456616	31.545936	28.349814	3.705679	3.890412	27.255315	2.843465	46.965099	13.998384	0.320477	193.217036	65.919538	15.449843	39.403835	3.205750	9.981772	88.086563	11.179421	29.445734	30.094849	121.787853	6.235868	75.215838	87.710415	29.817660	28.632591	8.406669	25.634262	 
14.816714	92.419008	8.870543	50.539476	13.996413	56.813510	17.129706	0.981246	16.904655	3.149150	155.912546	140.444083	58.052943	29.135274	25.507023	25.559976	13.624383	112.614548	6.196323	2.561977	30.404071	48.199201	5.374274	53.269083	18.141152	137.868819	99.916702	8.482464	43.240415	8.794261	2.333073	6.955723	19.215318	18.062551	77.497068	17.120942	0.105013	8.746854	12.767841	46.653635	96.964514	28.722978	30.577055	34.544385	23.395041	228.942336	18.626166	50.572941	19.328615	65.800877	1.883624	4.721018	11.059820	23.226011	30.466833	45.035887	55.746892	6.760776	25.186886	17.314138	23.903022	39.125642	61.611750	17.221945	34.799825	 
14.567371	84.951571	34.581383	138.784042	55.620277	26.853939	70.776065	122.585946	12.937829	30.263195	3.386875	141.484967	29.685804	23.610914	11.230550	84.193006	28.790625	27.380256	60.170553	15.457108	7.384780	9.458024	23.313616	54.088893	60.278077	38.237508	1.201132	16.226266	90.179689	16.335291	39.017879	189.816040	67.192673	9.021837	72.416137	13.935266	9.201979	2.348991	54.254471	3.962792	27.232371	25.165099	24.559638	125.926198	2.014803	4.957371	1.634556	35.361672	31.579003	32.982965	75.686668	290.926256	42.449570	5.762219	3.261722	23.823945	9.635879	48.815087	44.453107	51.607576	22.283163	10.047624	17.276553	18.835140	16.724942	 
17.175958	118.103562	18.425997	27.653264	16.970212	32.974127	12.697266	31.117226	13.191333	18.484166	2.955116	0.682798	47.183454	6.463352	6.620592	42.987866	9.055357	20.948692	0.578844	43.371322	40.451605	48.246855	51.130524	27.228968	26.116162	12.274719	70.813097	13.704951	16.286105	35.833729	1.998675	2.297329	48.931860	12.789652	9.367541	12.813179	17.326168	32.587209	11.816673	1.249389	16.487248	39.498768	60.690299	67.085170	1.977681	8.366338	31.800547	3.701709	37.757930	38.568999	15.784452	27.154153	16.603959	9.144654	58.421343	94.985879	79.566952	3.614702	91.401996	50.706120	49.615460	22.065053	51.928005	23.572854	27.297282	 
91.779505	17.538521	74.704241	60.779517	115.988406	156.966439	89.282606	47.632991	37.723103	9.150902	57.793635	29.620622	16.474570	5.543704	3.277191	13.275372	144.599456	1.659898	13.918673	101.102519	23.673101	32.013481	20.304322	3.408855	44.515253	1.167637	106.500435	24.899272	11.533612	70.456767	18.151627	106.194436	14.599113	18.025133	46.843032	25.605496	11.574926	0.728603	92.488059	2.761430	59.371158	23.804906	20.459672	62.994607	86.709531	44.419863	3.927974	3.213994	132.173184	5.878772	9.993426	43.750608	7.736661	5.962203	67.529557	7.396035	53.485393	112.403511	84.048554	95.718636	13.518991	12.382175	31.564652	63.381270	67.771560	 
62.848990	46.532910	0.866532	14.464666	138.483360	8.614485	0.369411	50.095128	1.851821	4.743392	17.125739	61.960310	17.148868	3.627410	75.200749	6.627820	29.697841	13.427713	47.009765	4.464141	72.382155	17.393788	13.523431	85.074099	3.158525	21.935624	36.388612	7.312623	102.577055	36.390031	7.414201	81.248326	27.465121	5.167314	1.651957	26.956637	95.987142	5.764157	20.978729	160.785077	94.032643	12.809086	7.540755	20.697536	134.563989	0.859719	7.924083	1.443249	42.625301	172.835903	3.810494	61.987452	56.537868	44.310533	21.355639	12.852670	68.043448	46.729403	129.062661	22.606293	6.730202	40.168053	46.966678	38.595690	42.618930	 
45.434902	7.670801	65.050557	34.720236	14.713128	63.211253	51.324216	30.144215	4.647093	17.169184	22.257151	63.367813	58.744643	16.909377	17.844529	3.942961	0.298423	4.552871	89.070279	31.601371	47.606249	83.545922	101.035893	12.942222	22.350738	3.671017	10.184422	23.198254	38.249250	64.777572	108.974218	10.214458	34.395111	96.419509	77.431483	33.708633	26.476880	17.823141	35.292696	34.923603	77.323188	66.779600	29.231029	24.898564	10.055361	40.697833	72.607596	45.702016	149.045885	45.874495	44.242480	0.689926	12.809254	54.006442	74.700579	215.981246	88.403024	49.316383	4.168587	91.958101	3.167061	7.057879	8.276734	29.845103	5.455541	 
19.128377	27.695737	17.212990	38.936526	25.956423	19.234910	45.692763	14.518430	26.166193	64.161945	27.228897	8.763590	21.881540	2.889174	19.750746	1.434814	71.328729	59.793414	4.886528	63.848405	4.586127	0.317874	40.391799	27.567127	2.107515	53.091896	0.126530	54.516254	236.190941	25.144854	15.568257	12.747927	54.748307	28.002655	14.850724	70.478776	20.580608	7.415704	46.188265	73.233559	30.042444	11.299768	38.489994	63.197078	27.370328	2.544534	23.873041	23.071346	50.243980	15.055021	92.314469	48.410964	4.708583	11.590915	15.105314	22.123594	85.968378	2.376225	114.575990	66.644274	12.477304	10.126579	87.753342	51.422422	5.708073	 
51.206883	9.027036	99.518176	15.129710	11.747392	4.196079	27.450889	38.539424	21.761065	7.985984	116.427693	39.171950	8.794615	7.766320	3.734677	169.689623	23.547628	22.756271	23.939232	10.981638	98.520467	190.953397	63.844555	25.803530	65.680892	17.910458	62.513381	9.619727	19.601699	140.217782	13.469253	33.164599	16.032795	58.777862	12.645877	41.308775	4.961351	27.573499	27.400295	32.367598	19.130031	3.371310	44.410143	86.323942	3.898649	23.239102	34.649545	3.082666	101.024664	12.448735	34.816116	55.184263	63.678014	43.377133	135.962697	84.682372	7.742616	28.668682	215.552297	35.647301	28.226444	127.795739	95.660910	11.126946	36.792496	 
18.409062	101.945957	22.654711	174.670919	31.232262	32.013287	86.183076	23.855524	9.690691	13.031726	34.124743	6.625584	3.187502	20.431555	9.485698	36.341975	128.894832	9.768567	44.282012	72.638186	41.840932	17.959107	3.159165	138.739281	24.769217	94.492255	17.815756	64.324693	30.825088	12.194806	3.286146	3.121571	0.599494	21.132660	44.604873	6.976589	12.721866	79.994654	36.568228	31.295975	28.580647	11.237577	1.006078	76.790656	41.903959	18.906087	17.546925	24.602431	9.407995	62.565914	20.715998	50.270747	12.771237	56.333988	13.590595	4.258815	1.624228	111.475428	32.898552	24.080444	53.007600	3.427858	29.469491	31.761406	9.320831	 
87.375435	5.806769	35.008854	4.484910	34.139597	111.213507	11.048290	24.613537	86.340265	25.644170	8.371784	50.574732	42.477442	2.879493	19.285893	9.630352	119.189383	34.541306	13.563208	3.517014	54.052684	157.054750	18.678816	19.758098	71.215514	53.818862	14.008051	5.569701	40.477116	18.188147	13.973304	10.168688	5.491565	15.413960	21.813692	20.263345	34.652711	46.577332	24.816809	62.192370	49.951370	31.085052	13.392209	12.953040	20.554898	10.145510	66.938352	61.221378	2.401469	12.663446	19.971087	53.024517	9.055325	61.378883	106.085222	3.644263	69.275024	24.765735	23.775278	1.444834	3.638914	38.549571	29.391747	261.725870	9.756876	 
84.294538	2.640712	27.287072	9.502587	185.043188	68.191627	24.642627	3.447655	75.823674	24.891058	75.458228	17.612822	107.466765	41.790473	101.877020	54.894973	25.028679	25.544037	47.799775	0.716765	24.741968	128.479078	7.428444	16.386149	35.779662	11.413394	9.688051	40.059069	98.885182	8.992643	32.082892	25.513834	120.291470	4.797340	0.974774	11.422601	5.692382	113.710227	18.797298	18.918736	14.200522	4.850987	55.598460	16.629970	72.658036	42.253113	26.226073	33.191653	16.353921	122.686046	27.089385	12.213898	6.163281	90.232547	2.885939	13.444810	25.563643	5.696631	5.517887	18.847150	26.190607	181.901074	30.544976	14.700610	22.009961	 
62.547916	21.576916	79.943810	43.049459	33.047332	7.308809	2.743155	32.155267	17.588281	34.190824	21.430083	4.702583	10.323090	29.147259	128.342208	32.606460	53.191604	37.595068	3.318947	62.467775	47.651263	19.065762	0.553568	37.755708	90.564958	19.408261	21.329214	5.545863	0.096958	40.027961	42.779293	55.790508	26.355093	43.927085	25.338573	48.877143	10.043092	54.194013	11.325574	29.200731	67.064316	62.105127	29.341244	12.247173	38.697817	40.510822	34.801718	9.891195	22.265938	36.883920	4.949642	6.179299	122.876867	14.865353	12.033233	14.966415	36.655883	12.182271	87.743316	7.621754	17.360471	27.619245	21.943974	57.858627	128.854849	 
124.173626	16.271615	47.364866	16.701104	31.947505	1.949310	108.828718	39.087120	5.591670	18.136920	58.479258	0.269913	8.598896	40.261999	41.904020	8.277244	34.341475	46.239116	29.546445	15.446802	4.206144	10.475166	35.091177	25.670871	74.286085	63.656480	18.071478	83.390669	44.980558	12.490061	7.069437	9.454645	48.127577	34.663131	12.321614	22.022851	3.286333	6.884542	5.168583	16.661486	94.129885	19.121453	3.536446	39.676766	30.433109	22.794963	14.873040	0.486211	8.571806	41.896698	10.040077	187.801231	59.321519	8.454630	21.757580	20.488601	22.528366	17.175496	30.956254	68.264482	14.365870	27.405926	58.504565	2.571871	3.471481	 
41.136033	86.546385	33.054250	6.486989	22.530632	10.888210	27.197720	59.543476	58.525058	52.904382	104.639398	77.116152	108.454610	74.322969	51.854860	11.157882	24.217981	52.060675	135.544627	45.010037	102.055771	47.365372	2.509420	38.223753	3.332041	30.244327	14.013084	103.435265	21.739628	39.764623	11.832046	6.666611	21.291889	54.150480	0.552776	48.185495	40.470018	17.005536	61.814704	12.835646	18.746012	118.358820	8.298563	2.063093	66.505631	13.325147	56.160921	42.515803	20.553950	5.083444	43.886136	29.929291	36.415058	85.542327	11.927619	35.466579	1.712294	8.526098	76.685675	6.848855	10.066262	104.846757	18.473241	5.321445	86.021358	 
126.556760	19.005994	29.584959	8.093002	45.553736	93.376952	53.959649	28.736643	50.739938	33.854594	11.232495	26.915423	194.835670	64.632424	4.296633	49.423986	130.438723	4.695454	8.160748	75.923752	124.775028	37.621335	66.982834	8.782629	33.884634	9.681346	0.645320	11.324495	27.943846	7.181113	57.816053	4.913589	30.388200	21.287233	40.456954	5.105914	10.782722	45.330368	60.737204	27.277965	31.407483	38.165631	7.778508	36.884435	14.637585	37.240535	47.227115	29.415536	24.893357	19.768837	59.779691	2.251295	14.332888	10.790711	3.722683	35.159561	12.487282	76.605760	0.412896	54.663558	69.891792	15.393726	57.393331	2.623654	74.427756	 
12.535185	5.542298	20.918162	4.440932	23.271058	37.504897	120.651352	41.107533	42.961193	87.410300	24.761534	81.954453	79.186598	8.117387	31.535743	5.602672	9.652109	38.022041	22.928671	20.332223	26.237746	37.379524	96.325827	147.542064	36.534009	1.952284	72.554091	28.713575	18.043837	28.481352	52.716841	98.638504	7.057580	29.744450	33.251722	4.932800	17.741280	16.394149	99.012164	158.598685	8.225978	61.819609	11.703490	72.864708	32.945253	42.837285	6.543952	38.731698	23.119702	0.663969	55.029808	11.006867	16.558947	9.263821	87.683250	51.930244	3.329182	113.093170	29.676392	44.372209	39.702841	8.213275	54.745070	2.806598	25.725980	 
30.078411	28.522341	134.434354	52.369860	15.200687	3.144882	20.324717	41.344945	35.269022	9.212530	33.621860	19.480721	11.394924	58.804104	60.846378	33.697729	35.547782	98.333927	17.941462	58.273118	26.336963	2.181497	90.016712	9.045821	13.063773	6.026899	42.078514	45.127442	24.998712	32.095687	295.044088	54.040714	86.420909	9.142743	0.933450	63.070374	14.238839	11.173835	22.063551	65.897232	72.771607	7.174723	18.887103	23.353410	6.422008	124.557185	14.595553	9.270240	21.280373	26.321112	15.934332	36.701206	23.912921	61.157028	9.858526	117.107922	63.121268	18.043354	25.970154	64.785346	136.913097	152.078193	5.833910	1.949623	78.579320	 
87.733439	18.190394	6.276211	2.213575	34.407991	10.270508	48.710679	17.824240	191.161092	4.952067	10.406375	5.100612	54.992540	118.746243	47.836637	6.000248	15.878305	41.568396	76.442266	46.764351	31.682696	4.476957	11.920914	20.638663	37.284475	41.122127	6.547656	104.910546	58.025098	15.662342	112.745417	20.959191	6.368412	26.094557	34.868510	54.426245	66.139935	212.966529	45.275694	9.782791	44.581690	0.801974	10.722926	41.145401	36.733920	123.933365	15.946315	3.120423	3.342035	16.615933	70.612090	6.162996	232.866442	18.912598	8.389969	6.036617	109.572316	21.864896	101.404435	8.702990	112.356166	39.820938	26.032124	99.888931	10.956846	 
20.162086	34.679965	38.721490	6.680861	15.042206	33.395314	21.325770	76.438948	49.842264	51.499391	1.330908	102.358867	18.987044	18.216319	55.282637	24.843061	79.025480	174.256738	5.287439	5.342943	42.131580	38.798144	132.668413	16.379748	38.815065	15.286648	0.655927	7.289521	30.376334	8.665700	1.363522	18.109591	28.281217	109.474680	1.112402	21.734157	89.784542	129.735789	4.156157	28.581630	3.564797	33.351719	15.976674	18.551835	59.345215	2.935180	1.464954	166.961801	56.273891	40.521225	10.384278	5.909318	61.188384	11.464446	79.579412	5.191230	19.033503	18.111028	92.654478	113.292573	1.224439	26.877968	14.565358	4.892042	37.695442	 
14.256425	80.985911	0.343139	95.522661	7.000284	28.879896	110.235232	9.342118	35.374872	66.233476	60.671733	32.378113	116.173758	6.978767	67.819382	7.989908	9.460263	9.875320	10.338416	19.742416	18.017933	73.114387	17.027537	33.831382	25.348705	9.231478	106.478173	142.763539	1.487205	10.637411	20.583847	22.852762	19.586800	27.707575	10.759616	54.889770	65.012595	81.995836	43.545738	56.879776	44.971488	29.019217	95.860560	44.616320	81.679770	70.016666	16.717014	143.199507	13.388769	40.573061	7.232667	81.061301	191.195953	115.217858	27.719585	77.248765	73.546907	10.558819	32.609690	204.377889	6.557021	3.986908	40.064052	18.963081	32.356741	 
61.049554	32.146073	82.945239	4.464785	21.682427	17.530715	5.072838	5.483849	20.942634	38.283998	58.487225	30.816566	5.949046	5.457883	28.971975	31.000142	36.373893	6.171803	13.652029	17.864208	57.235852	3.702700	4.984524	138.934398	80.858988	8.920717	137.437649	24.953973	102.440282	1.409793	22.845908	12.258644	3.003503	28.288309	71.516698	20.251573	25.236947	123.126107	43.025732	20.365570	12.308147	30.247474	26.363699	5.341970	11.410748	18.269385	33.185331	1.484421	2.328327	36.255082	78.329128	33.981473	45.755687	99.294144	2.055149	4.557128	1.932830	30.564084	53.320103	56.044781	17.854026	5.530247	38.898850	37.928354	11.518877	 
50.382651	2.748015	61.991785	9.021007	4.764043	47.202421	7.121256	119.107432	56.250325	10.821146	56.041001	136.614913	52.618895	80.932596	8.714000	95.856754	47.224827	31.841787	1.238818	72.923536	18.948227	46.417269	55.442857	2.081173	17.139266	17.463487	27.719627	10.719413	17.845988	26.426465	0.699681	14.603158	25.507669	12.537409	7.711212	11.508550	13.567991	104.042891	58.818784	11.022304	101.858446	58.575358	12.548691	67.117392	34.632763	68.997397	56.258364	77.449013	20.069096	13.917205	1.242201	28.392508	9.324758	11.376648	11.981040	12.139467	10.986950	94.715517	54.798990	65.212423	35.007842	5.000598	69.919695	43.639573	87.929744	 
30.903765	52.124333	37.371281	35.231272	68.822372	14.132963	102.896960	7.152625	57.912701	49.859768	25.399495	14.835511	114.050901	37.118484	0.598011	29.942952	3.566963	10.562149	52.548191	49.953287	19.605852	26.369031	128.226250	75.997817	22.282002	2.510007	31.689631	21.253445	34.708779	52.761894	23.036091	4.610017	59.234273	70.396625	46.308522	36.908117	27.577016	46.603352	78.257812	117.807599	43.132051	4.046417	16.508645	5.926577	142.964251	28.475972	46.481140	16.058145	4.326227	17.915255	7.162142	31.943476	15.080014	74.003497	151.266202	82.913227	86.513090	65.996700	93.697964	17.325213	17.880883	14.121650	78.102197	100.950556	26.616176	 
12.068525	22.261585	4.434018	12.996830	38.806011	69.599105	29.957179	18.754894	118.578770	32.105615	23.008559	25.402586	44.230482	70.498451	62.239399	25.362452	154.123644	67.319300	45.864343	32.150762	75.823972	61.662637	4.697360	32.934948	19.913860	1.505296	30.866968	1.563486	60.876728	22.142661	3.612076	13.376194	2.888730	8.114077	44.870573	5.194690	72.138900	155.631164	52.468801	7.807150	23.418531	58.940392	18.289947	5.093633	9.468150	55.056658	2.998762	17.476912	125.068320	9.614637	0.150541	12.061026	45.861923	30.131470	40.823128	17.213847	74.069751	41.286300	5.787498	89.104996	94.591628	17.017286	95.684928	38.414421	1.754729	 
4.910995	143.721063	54.536130	36.004474	21.753748	12.478612	11.689466	29.779022	127.158803	7.641054	179.677912	140.160093	46.014464	29.977223	13.597808	154.156666	50.378965	30.229687	19.230744	39.980907	87.434716	31.645013	23.100444	17.993108	40.063243	15.334214	10.721395	2.614719	26.641365	17.805249	1.671070	34.739158	98.242704	0.744161	131.653536	6.141258	21.771538	27.278446	231.422101	19.751308	51.802221	114.151121	145.252001	9.285577	64.441609	71.270998	72.749663	47.786766	24.471382	28.512427	16.176556	22.409310	11.069474	145.665097	0.464595	2.911053	80.156266	21.145452	24.619684	74.426652	36.111074	63.692689	105.519583	32.566376	73.227691	 
8.042960	125.815592	1.156478	27.638091	49.606841	52.426656	78.490226	87.697720	53.761976	70.566042	10.878642	3.788590	26.092839	13.675006	38.178489	15.039132	4.553255	44.690668	9.786012	123.281142	96.217843	5.397259	10.821532	55.375283	41.631474	26.339777	32.617663	18.171457	15.239176	77.223655	58.453891	76.178582	35.082440	1.298504	0.668727	29.953616	9.148386	6.266718	9.655941	4.658703	23.060120	112.411753	69.808906	43.853442	48.399195	12.048472	29.964969	2.040578	58.204674	54.191252	24.783737	8.293444	94.662641	96.655987	10.958432	35.877202	33.996602	7.111263	14.170499	195.984165	78.876092	3.797397	79.877246	13.667300	47.851812	 
41.727456	12.291596	11.160644	2.358609	4.970591	35.580600	61.074857	46.748670	34.894755	38.815822	6.179764	27.401600	35.441541	9.500042	7.919939	46.090692	28.180960	8.815004	21.652402	39.148028	138.173727	79.868366	3.001046	47.769103	29.857097	20.304332	0.358634	26.582730	19.065224	8.007801	9.360789	4.428940	45.867867	39.028480	35.030687	14.060056	3.057724	18.019400	8.331987	2.354063	4.663924	20.043380	9.951823	29.669760	47.814021	55.699349	14.070259	41.951375	43.250696	1.493324	21.065071	4.511915	4.715395	89.063522	9.365535	69.717662	59.431772	205.499413	19.611423	90.888175	7.929670	19.495288	48.773899	48.068878	0.735395	 
58.807276	1.839632	0.854440	92.138603	73.686333	6.234384	7.581892	42.908634	113.454530	29.083778	11.214352	45.209738	0.304236	22.065432	118.156037	17.728715	8.670349	55.423391	49.365609	29.509485	28.530968	51.577578	12.377764	31.808531	28.121096	35.202998	5.389901	56.216008	13.535304	38.599707	19.826916	44.240431	0.950820	18.182692	63.055029	103.256001	1.562528	30.198351	38.477458	49.849664	139.752793	10.753930	23.930602	62.048739	69.219653	48.932465	21.300232	26.577223	77.125916	10.966418	6.154500	84.392689	25.341265	56.784692	114.237946	0.703228	12.933080	33.418369	30.342286	58.878423	1.121595	6.132470	11.598886	2.150029	0.722172	 
11.282769	142.407508	53.914930	55.409887	17.545955	26.178103	51.272431	16.941009	75.139712	14.583673	20.283102	2.774052	42.038679	19.174795	6.865479	46.070046	34.651079	57.320681	11.925622	23.093032	155.696129	101.565385	30.023090	7.576895	29.661205	11.671005	26.355577	69.323272	66.771242	30.322701	38.809944	2.269181	24.174140	7.479474	114.961446	39.152970	4.339426	0.591602	28.029739	43.752925	12.382235	69.634837	99.432783	14.204476	10.775277	37.068822	4.224409	18.027655	39.985478	17.103896	15.714287	65.754366	22.296076	9.618476	26.191376	24.484598	45.250454	55.889816	156.672213	14.136983	38.227409	0.950646	26.800925	77.581011	16.879402	 
40.207736	77.002084	165.791768	11.767953	159.312162	31.882142	27.798496	11.933308	78.668333	61.819300	21.634282	6.944583	10.290403	29.222080	103.031610	96.134080	42.865391	161.551022	4.641244	38.829552	94.935677	167.526251	6.208952	2.049774	39.116346	67.637318	1.344636	5.799733	92.804689	48.278341	16.990512	66.938633	58.411692	29.666772	14.496225	4.148423	4.503931	31.357330	2.317077	31.936389	161.344218	21.808929	22.075220	19.083984	49.627999	72.062343	122.706978	2.531701	34.209670	12.020080	20.041961	1.415055	8.965037	63.734475	37.277671	3.515824	13.627294	154.480877	43.863932	219.869395	23.163737	56.578135	178.612068	118.239202	76.300096	 
195.533322	27.242869	11.872097	33.414929	58.120261	66.304574	8.999300	66.738606	18.953484	20.484537	9.139732	68.152201	40.937354	18.330315	17.494933	69.629590	12.158118	23.101433	15.250910	50.756894	35.216850	48.280321	4.248705	6.477104	13.056459	63.472962	105.892530	11.654983	6.377225	67.973983	6.844715	3.884343	8.496994	29.554429	95.337175	207.736517	71.819081	73.256113	50.061984	19.446383	166.803967	42.649922	4.357027	37.165953	1.082090	9.407490	15.196726	51.118545	58.246896	8.058828	2.386366	16.195333	16.043207	22.288276	50.334684	14.638811	35.424701	4.229210	44.246995	6.642858	3.669230	25.273747	85.076963	8.387204	7.956971	 
25.833433	80.191733	37.573929	17.314034	56.791201	82.087234	20.342317	0.394199	39.520980	9.391108	5.746997	15.014131	0.832258	14.276885	13.707152	19.165183	39.769182	26.146540	2.729079	50.348117	25.055706	33.765813	5.227205	15.767364	21.734526	38.826684	5.726510	29.799782	40.399673	8.225174	58.852082	4.391579	144.699854	262.808674	5.173852	23.678503	41.934358	28.930166	227.206597	4.234156	2.992213	77.886800	53.412196	88.441679	129.176555	56.914752	1.454505	51.064573	44.184476	5.016166	46.642737	11.325086	1.855461	14.059485	42.084418	57.606665	143.174201	8.493317	6.326359	63.331011	43.076353	2.043033	96.150081	18.302549	87.741053	 
25.818693	15.606505	40.986488	14.105450	94.477202	47.234455	1.312134	5.122124	59.994965	1.531459	60.144411	68.790749	50.826165	75.523077	179.848916	17.542938	1.240268	6.622482	106.512707	36.966037	23.202215	45.620670	38.775508	31.389397	130.448306	6.093614	42.594865	159.344383	35.119015	30.946347	10.278729	95.203022	85.116205	24.313843	18.994223	56.525806	3.843752	0.986218	27.138319	0.386202	32.527848	9.249801	75.012783	4.313062	103.505090	106.028647	11.847085	220.635724	55.819522	119.659497	71.870347	3.124752	6.885750	5.974733	64.252911	11.484828	59.852082	1.447735	39.034006	10.849407	41.799743	5.403944	19.766632	48.816016	53.792731	 
2.122331	29.218675	5.542148	110.442389	39.862879	28.701162	62.119400	38.066124	0.874217	67.833083	32.543637	59.112664	9.281956	12.541582	74.678076	18.645742	8.589227	17.876157	0.347773	17.824441	1.653163	68.941219	61.473363	3.439362	30.318955	34.376361	58.410010	10.540365	15.560474	12.445815	14.700425	104.988974	11.065395	24.010677	17.990123	8.280459	5.382986	25.071552	0.674630	14.428458	44.706930	37.493464	6.116577	36.467051	49.658032	115.444254	14.878128	68.448967	15.598619	106.080832	11.645331	0.944636	16.550120	25.365816	81.093896	53.136866	73.965895	30.748123	100.180480	55.625847	10.740353	28.441348	17.498963	46.530491	35.868654	 
20.870008	36.993824	18.939263	54.525069	45.592259	4.130580	42.113570	19.382260	43.405911	21.739496	18.222955	0.340774	10.720419	35.700551	28.391622	90.537612	8.280180	23.173600	92.252427	14.773594	18.272995	174.184651	3.719089	27.911419	25.596961	3.660170	9.929539	61.485041	17.623034	16.722812	77.537102	12.870066	15.190769	8.144856	6.827091	2.719615	21.458817	8.159216	65.556638	107.534701	14.298021	83.333583	25.843081	1.424696	36.365247	10.088689	44.535312	1.413030	94.067765	0.436781	148.228858	20.317759	60.925862	6.297880	124.722272	16.892097	36.809604	61.316711	4.682194	8.116786	40.091560	0.692006	72.603721	7.195335	31.419732	 
11.750793	23.721810	105.104077	40.319785	16.791998	21.063267	93.175980	4.865366	57.593927	6.322306	63.059336	27.743057	24.218287	18.573145	40.463170	47.569587	5.949869	16.816700	160.001717	36.053525	0.907021	8.240167	32.093768	13.463409	0.491349	22.569569	11.963401	19.888251	12.769285	22.596060	8.626005	24.708448	19.066321	20.935756	10.273945	51.342458	25.882788	59.248514	24.243735	19.870516	10.187524	2.533155	92.267092	53.037895	0.660125	30.254497	31.941072	167.709327	50.054568	20.059207	111.707416	21.221603	31.879403	85.421411	56.589880	135.341761	0.872515	13.575339	77.660279	48.238702	106.788434	70.827272	15.282769	20.421579	16.084926	 
12.082297	13.559294	3.438320	91.707071	39.932082	50.110251	24.164773	60.954276	71.827987	28.228091	58.935909	88.255618	51.311745	64.640015	22.125919	13.589749	11.433600	24.040743	8.363522	3.320825	35.572803	108.008814	0.720515	31.052865	56.748692	44.810991	13.428978	38.041922	4.314632	53.982835	36.020642	50.140159	89.863839	17.452531	83.901013	3.190733	2.516436	13.546556	36.685525	21.862148	72.771500	34.026804	10.227220	44.290624	18.486875	21.529726	2.485355	36.206741	32.346432	28.710802	13.145349	60.376404	17.957088	2.478499	38.365097	7.952482	21.102080	1.431144	19.362153	75.584474	5.088606	82.424333	15.478833	6.532601	23.549979	 
199.501246	10.488869	85.162991	8.823810	43.226614	16.323441	111.909533	36.577791	23.618361	44.707188	79.232628	11.178139	15.073041	35.396033	1.086360	105.369361	74.705589	59.102591	17.920819	1.510986	2.224032	4.874232	21.220841	45.952380	44.313702	32.049640	4.674449	44.654637	104.036617	35.877370	25.245292	5.821400	0.610952	40.723605	6.563289	5.330062	124.260846	6.413101	38.163878	30.251099	5.203712	37.959627	30.837486	21.353387	15.481410	21.666777	14.264974	8.220999	5.974413	33.670552	9.987869	42.206060	10.355437	17.306835	6.240606	119.265121	53.983589	39.420656	72.572124	82.972746	53.928426	76.414741	53.839623	85.431983	0.640208	 
3.464335	89.378791	61.408208	5.019468	26.201558	33.714132	6.751365	64.298797	43.017430	52.555138	6.634223	17.543285	12.857242	0.685361	21.466913	12.372846	39.722546	27.811915	3.087259	69.281615	19.908174	21.927527	21.726033	28.946371	7.419429	12.160944	16.639138	3.131244	12.305931	24.593508	101.998356	42.641220	81.791963	73.804811	17.436204	47.463024	15.681739	99.223522	70.991017	49.981675	9.268682	48.089852	23.644357	12.194224	46.947584	121.564208	37.114939	2.709269	12.149516	111.812068	38.709846	14.302315	19.500302	12.250682	104.469097	45.804983	74.420377	36.230102	1.192099	48.992382	47.243177	8.218096	29.853396	14.122412	20.431900	 
45.529071	66.203858	168.696065	74.181250	32.205631	10.570533	65.515111	69.434081	28.901261	11.079946	113.489390	34.868904	1.459135	3.576936	6.534946	64.292844	50.962349	37.936161	10.976920	37.376910	71.168239	102.108487	11.565099	9.363542	3.593986	27.435257	84.829273	9.316297	0.834409	1.786154	6.971897	22.708419	3.353052	18.045995	77.806085	2.563374	0.285878	68.453709	15.193887	51.641478	34.582657	11.711334	36.367082	26.457781	0.225672	33.494252	39.801182	111.080652	18.241556	53.055233	7.934326	33.733326	93.785313	15.868023	67.642076	16.650184	28.880171	26.262784	15.565724	15.390862	31.968049	8.974623	0.876651	92.507295	20.508420	 
23.192715	28.974624	29.947710	1.972985	37.358883	15.214657	46.570262	92.083396	54.704916	9.547848	34.195860	39.228127	18.656770	269.193525	10.086455	161.417505	7.422112	4.311131	33.113592	84.674450	3.510946	16.996596	67.951854	57.618277	4.971193	19.133072	281.871421	50.613814	52.173936	38.868710	46.010625	5.167064	38.172231	32.408069	14.097407	19.858886	104.319028	83.207130	2.868628	6.188036	88.888326	15.898127	48.213824	2.993996	46.219211	43.653231	121.334520	35.370470	14.341435	1.005164	21.123364	83.225606	9.353188	63.807474	2.510069	134.317739	102.046657	16.590816	47.116049	119.227374	17.581387	6.793831	33.057689	11.583998	194.788668	 
44.686768	25.766660	83.718282	4.258527	48.878890	14.640416	8.932256	66.905115	9.885995	5.094695	22.306619	25.320357	18.251320	24.769238	5.738522	2.583550	12.302478	10.859725	9.257147	20.744950	34.342528	129.609460	25.830268	71.942451	75.068110	5.806056	18.100171	237.988185	8.795650	35.635656	59.792856	45.024385	44.751749	3.869048	9.684200	15.628939	15.894113	14.635245	92.540739	174.036600	0.525675	31.110818	3.219209	34.949762	100.017027	16.636673	33.285750	9.663100	2.745862	2.444193	0.350255	40.655642	13.341589	4.520776	5.821871	16.205152	135.364907	44.093938	22.811784	66.848602	31.542340	2.722609	8.302750	44.641289	27.963405	 
9.634316	10.411242	7.596319	16.097425	29.265561	34.320340	27.672181	62.203684	1.268323	6.594509	3.558210	54.271244	42.327000	9.901984	49.557666	0.493267	13.260526	83.548943	110.756718	71.362254	37.886613	33.623245	6.233717	32.283833	77.091455	19.843951	33.049453	10.249564	5.278284	28.363001	5.722961	6.903285	0.900669	8.345654	46.023518	5.028227	120.807926	1.210625	8.821256	55.438500	35.928530	45.277487	7.984037	6.242757	147.786226	4.637976	3.301425	1.111747	24.864376	24.079181	80.680127	2.377014	9.061552	12.114232	46.595334	33.793794	99.890859	84.350158	60.165988	83.631557	31.151295	168.024297	11.051396	6.127301	69.777175	 
26.403873	72.426032	54.043830	41.059824	25.151152	23.600498	4.476510	1.757645	21.889630	22.704681	120.438103	69.870946	51.511633	21.072873	97.993720	9.922397	10.077698	29.582690	51.288810	56.252182	1.500272	13.808101	6.917804	140.095645	108.014269	5.704660	46.592359	75.703233	23.801389	22.404039	20.733884	58.402158	62.578114	8.289683	2.555217	12.473957	9.070323	53.389036	0.520655	9.972671	0.658713	70.322247	12.765015	5.270254	30.809530	18.777622	1.120854	40.741532	39.684857	3.028652	43.900682	11.463130	1.199735	70.744511	1.265494	27.336501	12.764232	7.087844	23.018286	25.964108	32.146599	12.723750	5.976896	97.356477	51.463341	 
24.774564	3.274928	10.289107	64.134941	108.737453	20.174003	151.469547	35.439139	49.225292	163.596549	10.859118	12.892892	81.203513	8.986039	8.550762	18.950565	32.535254	49.607201	126.476051	25.214793	118.128992	17.851827	32.960614	3.348166	17.520661	50.756052	11.230433	0.833547	43.131882	8.485513	8.854764	2.526268	65.278045	2.370104	55.414256	22.520779	15.412510	96.006135	8.139719	57.458212	89.573597	153.292008	51.045310	20.983349	25.754019	131.818019	15.470277	3.501695	116.329722	86.591060	82.538110	157.239269	16.785070	5.867735	3.861945	12.174946	55.576401	66.756154	18.858775	20.862795	22.601458	99.778037	4.887145	0.781751	4.704332	 
53.598712	31.413137	22.260306	66.565525	20.426636	11.140334	1.201142	15.404157	1.449671	38.970117	29.246634	68.108426	29.281429	69.171065	12.322454	61.539288	8.609287	23.562182	110.115795	31.228688	23.808823	94.409596	65.903147	55.233357	10.965344	52.675236	68.891164	49.620113	88.972370	1.907075	15.897342	20.591138	9.402899	93.030009	91.185202	55.010840	14.262191	37.967728	43.199190	12.356420	4.544958	115.241130	21.110852	4.567210	20.890778	14.442879	9.424450	1.400864	19.501658	22.007658	37.134577	7.433464	8.308763	3.904978	0.234819	58.817837	22.129977	44.782182	31.654730	15.010172	9.781005	37.893292	50.105025	25.382281	2.429747	 
82.020089	12.980824	25.445029	71.064470	24.122933	79.544491	4.567607	79.931587	29.984639	6.369966	5.120743	75.135901	0.495372	4.312854	35.624584	12.365385	72.418515	15.375589	43.446210	11.844724	21.752028	50.985887	1.710039	9.349104	9.733763	54.133432	50.616256	2.098991	104.880541	4.439756	28.658943	150.636852	1.139823	47.298118	13.047664	154.726887	16.126187	99.552129	29.255209	15.476020	113.586645	23.870177	19.515526	18.661435	51.033250	155.425895	11.251353	68.963320	55.580367	40.157395	10.170790	3.782540	19.918037	55.528812	6.214460	1.317380	1.308300	97.820960	7.323743	30.448232	13.658401	22.271025	45.332774	30.895541	23.302449	 
12.939318	17.832260	34.834603	27.880480	3.146351	31.356329	14.355954	35.332057	22.638238	12.128513	56.732829	33.873060	8.205743	9.656606	2.657399	5.520304	38.533219	9.874483	12.584410	39.068659	77.361984	1.699896	12.952240	4.161175	12.871961	59.213960	16.336303	25.103773	11.696756	75.032347	98.146508	28.830711	2.030398	28.628011	18.711264	9.092916	21.332803	129.591531	15.687607	27.856808	46.256311	169.787289	53.796683	1.619373	89.842265	58.165793	1.083275	16.878831	97.700291	16.286666	34.906096	12.511567	2.104321	10.719189	10.882897	5.768118	6.789328	55.203817	42.930998	49.244458	0.870859	7.220730	43.931121	6.396947	37.899292	 
74.053651	114.518331	7.776381	43.372148	64.372692	109.560394	5.458151	20.331289	84.730268	90.754292	77.407653	133.281132	29.450076	44.363453	17.509673	77.495561	2.236088	33.943673	2.692168	27.090002	4.258153	11.497668	4.652401	33.879971	3.115110	50.245810	67.996995	5.730943	79.397565	10.852261	43.419069	32.602311	5.359807	122.190145	5.716992	68.606012	59.094278	10.828058	71.164532	103.433910	27.840340	46.894545	7.556192	11.648247	6.092225	5.894950	13.393625	9.729590	13.222166	49.449275	1.817916	122.893889	20.325902	0.894951	32.058866	68.226025	11.101997	15.502325	62.534736	13.719549	108.206882	50.128106	40.061592	5.652878	37.542384	 
88.825099	27.468675	47.889252	14.143597	74.139113	26.939411	42.017867	67.348288	3.358724	4.419826	49.683817	26.666162	61.185666	0.835594	43.216669	78.399935	160.124655	2.538437	95.793844	61.233984	7.987241	76.308527	139.433626	1.156168	18.937820	75.197421	100.512151	8.631905	43.674892	66.126467	26.092359	6.203981	26.275953	5.753541	10.883423	28.655895	199.557155	3.522002	14.242376	111.871804	15.702217	36.638756	75.402712	55.141427	126.292841	49.543158	39.003957	74.969652	2.221007	55.148274	11.457070	21.347409	12.563941	62.342262	8.146252	7.717087	15.938461	40.841544	28.808085	114.860471	19.248686	69.710772	9.477973	36.290641	18.759156	 
13.724490	29.970769	111.916193	10.100682	75.657804	52.356184	50.443064	13.684372	16.670576	0.846252	30.867649	4.429167	62.908062	7.661571	52.189869	2.732916	1.051091	33.760594	96.535959	43.347462	57.540811	77.336724	1.638233	7.260998	19.482592	1.611338	152.362626	43.464419	94.987476	14.240444	9.969416	22.490130	67.505279	34.008774	50.273594	79.213777	32.186223	34.315787	30.614613	94.606517	3.296244	5.576929	13.946001	20.275007	23.663448	56.920210	64.582908	10.380376	59.154688	17.074863	68.499650	13.578561	76.132715	57.720048	23.599516	33.848299	127.249698	4.595329	38.527985	13.986420	40.831345	54.459376	40.520808	73.439386	9.560411	 
95.195574	4.321578	77.589277	170.444423	34.072025	14.951962	20.014074	16.749042	28.375318	7.486720	11.574600	4.730627	27.608841	58.008362	3.593869	0.239355	8.274503	14.917521	18.193558	29.090729	30.539636	17.344096	101.583041	37.945595	50.663996	95.161932	61.181390	20.938428	71.175139	35.611421	5.474257	149.207241	150.392610	8.028510	29.778625	28.905907	156.370794	17.970001	36.677072	128.217294	93.051119	37.510692	40.882740	3.836479	30.281831	51.587185	69.868611	13.440716	87.931614	8.435136	61.210619	28.744411	22.303881	81.022972	12.334385	12.028572	19.515038	32.743777	72.754653	19.755566	13.174113	57.735204	14.395949	26.980094	52.776807	 
43.735320	4.028152	25.414646	73.166994	6.551970	275.264258	17.056926	5.775355	7.443642	201.737909	10.317788	8.013089	8.679918	16.477051	4.607236	120.857525	4.972744	97.320962	43.665251	120.072436	60.362960	106.959907	19.827990	3.318803	86.270859	12.636835	8.443603	29.710545	78.499761	57.934962	123.502133	36.414762	1.302117	5.594859	23.036931	64.251290	20.946110	12.574418	1.563885	36.450601	2.840347	22.199146	6.795856	43.472430	41.234043	68.988668	3.060774	96.923560	174.169625	35.333448	11.806600	10.169827	11.049996	40.575080	77.909202	23.253634	43.304869	54.463858	51.871767	2.375719	0.823264	4.064590	24.539662	34.246415	51.836511	 
43.223695	36.488137	162.598855	35.345559	52.816346	43.531008	18.333855	16.237336	34.188322	27.790205	13.724596	155.846032	54.094799	90.281638	92.286963	16.296411	9.741779	6.404958	97.803912	261.936189	12.838696	13.006759	83.709039	7.316932	100.978133	106.480129	44.703881	50.891936	196.007631	13.564217	45.070620	16.332524	18.244436	116.969085	87.234204	48.645527	45.324147	3.206069	56.189357	18.351312	28.182428	51.516199	39.202140	11.194518	0.250956	17.138812	23.737331	226.441380	6.330379	27.792087	37.142089	141.115975	25.566500	6.712300	45.891582	52.184017	23.157863	29.675478	16.239913	11.491908	75.738656	70.951989	8.027769	101.943550	7.946830	 
68.020517	60.702444	33.404709	34.686505	4.728112	7.241562	4.869063	38.128374	7.709643	1.850992	10.627117	146.114762	115.639098	11.709644	61.606483	53.819513	20.626012	21.980990	37.906636	15.786052	13.164944	19.332724	26.054704	204.735814	44.242272	2.802043	44.190969	39.051028	47.560517	4.982040	26.244235	43.964178	31.414923	38.232721	57.218313	5.166178	23.640150	35.722529	43.527182	53.094935	57.360269	23.753103	51.652118	14.339955	11.171320	3.131117	65.180457	2.787677	37.920618	42.009885	7.606826	3.311267	2.617359	10.602912	8.332520	18.364914	9.150775	14.323001	23.055653	19.603345	38.946405	16.299125	84.036152	18.991907	26.721164	 
59.996787	189.796459	22.161893	22.362988	11.952782	74.544483	19.755696	22.597021	18.094989	57.840352	5.430443	43.403413	54.160123	90.069301	141.631723	48.398064	75.725484	10.214169	13.874681	17.379051	18.742937	146.398080	17.876412	63.947667	14.084718	101.841691	34.353510	53.622851	56.029374	11.713150	8.646149	42.389501	36.571691	8.234918	13.350064	32.147816	0.798342	38.837616	44.203074	20.679940	6.300822	77.274246	18.446404	59.663162	7.764536	76.578064	5.157400	51.564958	58.735623	16.878106	12.912441	73.167504	47.170372	54.441701	14.122952	83.781548	32.094497	29.475866	74.199956	39.328990	16.482078	11.267238	15.124978	18.753370	2.259975	