64
0.000000	145.047740	41.506827	17.235089	0.882093	91.408765	8.863094	111.676749	17.395726	61.467971	3.780446	62.522363	61.888593	121.594209	48.890892	53.718159	61.026967	23.968750	1.518249	15.773274	17.658520	107.118610	30.848582	4.445969	126.802371	1.867804	56.985123	8.304141	11.590620	77.381430	112.314876	27.561662	60.039488	19.322184	12.462108	15.099894	10.888203	100.599800	13.341790	2.390547	43.808525	8.801007	64.545724	49.574666	19.011473	12.971926	27.520871	48.288817	17.439690	28.446725	15.885977	76.323725	96.081447	159.361534	10.068305	15.623004	97.139483	5.101592	60.486771	42.838386	30.144926	59.111199	61.483272	57.042348	10.290755	 
36.920302	11.431089	89.780265	83.876589	48.533141	17.646290	53.166597	45.555680	65.251859	47.076725	144.977723	31.353774	5.908109	27.557439	21.378922	1.021863	68.071800	29.365062	33.521077	51.556751	92.703765	8.207484	76.905902	9.275451	46.557544	20.748012	50.753404	90.570881	173.726824	15.463777	5.043104	20.234368	6.106930	25.706860	131.021318	3.440710	43.266104	6.397312	22.594538	7.590956	31.358073	2.175282	38.754788	38.669842	106.614132	18.094195	5.844137	71.248076	27.723627	16.875005	6.177123	5.263374	46.636168	31.759652	32.112960	136.120900	26.436143	20.417090	65.107966	94.538861	74.649212	33.701457	28.648619	45.825258	16.844643	 
11.962457	56.278608	0.977889	15.630394	5.721793	2.393269	92.653592	5.044961	5.146254	20.441971	37.866800	65.246216	15.657065	16.633467	7.026389	32.005036	2.050747	72.481384	46.868972	31.878354	122.617113	61.684729	3.636800	105.586228	110.476122	5.200368	9.924699	41.115151	77.784351	29.381956	15.863273	20.650916	51.009426	60.016392	31.940418	31.691905	15.619002	47.252624	45.883864	12.533003	27.682376	17.887733	5.944894	17.684864	29.595135	26.467300	16.993951	23.436091	54.934921	74.049230	84.253207	7.701838	42.267858	101.937328	98.002171	56.371560	11.041425	110.203788	25.320568	3.936111	46.923297	111.114588	10.460940	31.515767	38.321691	 
41.954766	53.969319	1.344612	3.300126	11.622705	15.683074	9.179468	12.615991	36.083698	33.874012	9.446958	41.017025	82.356693	11.099101	14.102444	8.215964	24.545303	2.919474	13.142881	16.366430	60.110798	19.797710	145.834459	22.202826	73.948007	11.152465	22.316833	59.587983	58.146680	19.438660	122.734239	16.607953	2.082668	15.966399	86.775209	86.231477	92.422783	2.176814	10.068053	15.903823	26.313512	17.876723	45.236324	171.270937	27.340407	3.145471	12.271263	96.819556	51.328251	20.793764	14.744990	52.340712	21.508884	69.996696	37.082352	3.531195	57.178912	53.912872	5.665362	4.589270	37.802654	23.568961	65.936421	9.886922	7.054036	 
20.439199	1.478757	7.130542	71.582296	8.469598	90.860182	18.537099	50.331317	2.093539	22.983343	20.853062	16.629089	4.492514	55.751260	7.799841	63.065712	106.946221	18.460299	11.804690	63.054806	111.358871	23.932605	65.661772	7.723178	8.534020	5.026199	6.403986	1.470482	11.008828	35.736727	7.862910	64.924787	14.299238	10.160905	39.395624	16.684155	28.261739	102.961831	10.277008	1.303789	32.885457	18.674571	26.334019	63.242952	16.462731	19.634889	52.465525	2.852987	21.529185	15.011336	31.769323	25.388180	20.207732	140.118718	20.488122	10.991977	27.681779	33.038662	60.409497	67.871012	31.974496	46.062961	23.099535	9.874550	7.584667	 
36.490000	25.009854	17.203697	8.584671	28.086342	1.056671	23.767672	64.058681	146.178402	57.956965	70.031057	4.765361	18.612586	58.147299	15.089760	43.778109	38.782940	113.229234	55.999585	3.308049	10.398497	31.366084	20.322835	3.937819	87.288199	67.385274	8.460275	6.890799	0.972472	46.631071	154.476830	23.615118	9.488145	5.244241	74.474464	10.294373	15.547909	13.580911	9.305460	20.925525	73.735964	1.183772	9.543517	7.111098	49.606705	125.058547	4.808141	78.258206	131.182432	3.046091	70.115777	23.016932	37.976231	55.155736	7.958907	12.643284	13.814082	1.392968	63.897299	165.079621	51.600576	57.358274	45.590531	44.110025	7.978264	 
7.863719	50.762485	25.027092	10.117431	2.219746	1.825182	8.215622	26.587854	73.832777	32.222962	15.474491	6.906665	51.973175	6.636681	16.308687	37.913272	85.843179	3.791629	15.660704	65.298444	74.865903	80.696298	13.847760	20.281270	12.062275	27.831939	29.730547	26.457407	117.915664	3.494384	48.104253	15.531907	29.095748	43.574957	13.811202	37.979476	87.540620	94.317030	48.265741	30.496894	122.823296	203.345461	77.553530	2.879289	30.864231	48.172228	9.793333	20.489058	1.663202	66.789032	6.805658	7.854978	4.404692	115.760416	77.213511	2.660380	41.156846	111.368670	121.556173	10.953617	24.510376	27.479503	1.930235	35.055330	1.449654	 
43.219484	126.493580	24.824611	103.875536	24.644292	13.263389	35.937950	18.925997	37.547660	0.870680	86.004356	3.912516	78.029639	17.856193	19.626915	135.819810	4.329064	52.382410	4.697350	14.125126	23.252738	8.596503	21.746184	57.206939	2.493716	85.434915	66.580428	21.383455	107.719484	2.386649	1.556670	49.995773	52.611181	12.146831	43.029896	65.645386	51.335435	18.562907	0.961013	21.074509	66.451048	20.544341	68.623028	8.970265	7.751852	0.394131	25.253309	37.739094	13.405738	37.998686	22.538701	17.400675	42.674579	65.839190	3.384082	97.788792	68.207903	0.566093	15.408062	5.268182	4.244533	61.059482	81.736394	17.578325	43.292559	 
49.576362	16.252815	13.259619	56.705464	83.914565	65.154681	34.156155	56.163917	2.277009	6.087338	91.987841	3.999955	7.268018	188.061717	16.785411	35.826496	60.485522	9.934327	35.216753	32.896718	44.882701	34.681071	89.860126	46.908813	22.141669	23.461093	91.388398	66.575480	13.726303	27.354256	16.410081	25.918324	103.329311	0.403090	12.935263	19.516813	4.784904	64.903703	39.129287	25.001741	17.505765	26.144591	50.978896	40.736635	47.741002	17.539185	58.901548	5.237264	14.341577	10.565288	38.703264	96.456286	22.791366	0.855176	57.928177	11.691726	3.927742	2.904246	94.351519	40.672403	57.521453	128.160229	89.557678	25.009733	137.698805	 
4.659990	53.254545	71.558440	21.190816	52.303928	157.341964	52.276879	18.794612	49.993648	11.197321	21.786336	80.262594	18.657934	9.191290	99.487782	66.910250	11.424493	18.962043	35.509603	85.644410	138.456637	36.955940	7.124135	68.451949	4.071386	15.109996	28.265694	24.679704	408.475209	7.902236	4.014640	31.377600	2.097712	8.733151	9.568962	2.822188	13.999486	104.529260	37.785036	9.683479	18.293429	12.699591	13.282135	46.248335	30.113236	16.752650	20.848677	8.838627	45.589263	22.165813	4.592983	12.729521	57.224857	109.861381	162.202563	0.628881	0.247309	58.271381	10.214965	25.736254	29.251081	14.914305	17.022666	13.863625	15.562910	 
24.901455	35.444971	10.168202	14.441550	68.055688	29.368765	1.487441	82.412520	30.156563	34.048586	6.032939	65.595310	22.097019	25.423866	4.274619	23.603520	31.906504	29.930276	21.419731	5.933247	2.873596	2.928957	62.505371	88.674836	10.507814	78.610001	2.047356	24.012833	11.334022	25.673459	44.439100	5.998802	44.902913	61.158082	57.717227	67.461853	141.276261	22.612503	15.175250	25.669858	30.686040	58.017591	4.796748	34.571477	0.974546	68.547511	10.392275	0.906421	2.333359	4.125148	114.823649	30.933540	28.885669	42.192758	164.128704	269.288581	2.248215	103.866517	1.383111	15.907291	28.955488	33.438106	2.988539	30.323800	6.657262	 
104.171465	158.893432	61.291227	8.204982	14.858602	16.878674	54.338347	13.252051	72.780243	54.110342	2.081589	12.894139	65.188943	25.057359	28.593914	3.019752	14.902946	46.574916	22.350767	11.858106	26.188307	9.923835	114.303990	4.771363	1.380515	52.497559	15.044556	64.378855	1.999243	8.145191	44.447428	7.621182	50.614056	5.892655	50.917057	23.414876	184.105801	23.856438	7.274983	43.589742	17.691224	6.355185	27.591253	10.257578	51.087259	152.690384	9.733643	128.255494	39.452056	54.783658	121.891955	34.946926	33.735682	4.557747	9.034089	52.961415	72.174758	7.549980	49.162509	132.237177	43.585462	1.806610	39.988219	150.999059	69.222097	 
41.043992	19.987134	71.282175	98.798853	18.701958	41.430486	40.748745	52.234060	44.395587	10.927483	1.831580	11.159788	1.285446	22.599711	22.395578	84.738766	80.892561	36.765286	25.561230	60.072444	4.578352	6.170084	6.957581	1.998775	40.511861	31.695784	55.728268	5.079597	27.684306	37.054157	108.304758	27.967860	2.635503	60.487997	11.195257	38.173847	41.286759	43.499736	17.033402	8.603127	6.152936	11.171585	10.756599	92.152549	45.834197	2.980663	75.640453	9.527889	41.003012	23.842132	19.365804	13.062711	45.440159	14.490181	39.662395	35.853121	18.426441	9.594178	15.235081	41.196030	20.904856	6.310363	48.070108	37.113862	36.999902	 
11.308709	13.305463	58.699386	8.958885	8.958355	42.827313	168.298495	21.094337	44.977494	91.530854	9.133204	12.107283	27.912029	22.455577	9.941396	3.099728	2.537379	52.270310	51.307890	71.444467	21.196438	15.955079	15.094763	82.595826	2.125270	0.823077	3.467721	98.974988	52.934969	16.428881	62.453149	31.300540	39.740855	6.066835	11.491097	41.511185	45.158945	11.373826	26.739287	3.327385	35.881488	26.697713	159.367013	36.644176	59.500476	43.335402	3.853509	12.066922	36.345420	16.501991	136.972539	174.307296	46.684517	117.130557	13.019369	179.183281	32.672467	103.419289	34.634605	59.519239	115.623882	78.766617	60.419816	83.958998	53.888768	 
62.136111	14.431924	11.360802	49.145744	37.006525	4.461027	30.674564	25.659700	34.713123	3.440192	31.207886	30.636032	26.699648	26.154791	7.323181	4.461399	8.724444	8.607876	65.556412	4.024632	44.182357	8.365028	49.079250	38.286386	35.816365	77.960395	10.800931	30.396608	120.436559	22.424874	51.592965	49.532576	6.272644	8.478643	34.977395	19.563974	1.654184	217.905047	127.677616	60.530681	72.032171	70.137173	9.817915	126.926240	107.290968	12.652713	31.245030	57.318317	102.502640	76.148090	40.678444	31.402771	80.860933	106.194032	54.488470	5.164636	198.792140	59.156735	35.547345	12.255332	37.332195	33.596560	3.602841	157.737078	21.898721	 
19.104195	39.067241	9.674184	6.287720	26.452903	4.897927	17.839025	0.658632	67.926931	77.356136	43.169295	9.659314	36.213292	111.782045	4.229523	7.829477	30.006395	21.483637	20.039080	32.606484	8.234084	30.690881	87.454287	13.782452	40.291903	105.850151	38.474729	59.278056	10.512696	43.856422	5.114729	68.380445	24.368698	38.351326	3.842596	21.900069	22.336683	8.866979	100.321327	6.958692	86.526108	22.535958	32.588367	1.737973	28.569912	75.907559	23.047951	30.645105	23.311673	116.428792	105.420925	67.566075	12.519946	12.287944	116.034291	8.035403	24.723165	8.751642	34.572693	23.469564	2.306057	15.682253	70.196811	54.802852	55.755887	 
6.568030	13.105445	42.236595	6.813195	44.528525	40.383643	12.712554	12.956490	73.772653	29.065845	15.173890	1.334629	13.351997	37.937216	89.171746	28.438768	2.229387	77.002475	10.762281	107.371016	9.315935	33.806975	109.441397	19.223755	92.205229	69.603959	6.175916	4.341647	14.437168	41.406756	7.476642	87.480566	40.359466	21.368470	37.813853	69.414336	39.024629	67.796047	10.854956	64.407004	32.833347	83.939625	3.041246	52.900617	188.224179	22.714499	54.087500	19.467447	39.867292	141.793843	87.191863	17.241103	46.331153	55.024561	93.210878	48.324591	12.369933	9.189933	36.736548	28.674605	76.953855	44.531756	79.287460	65.275608	27.819952	 
42.892009	64.134493	18.165115	54.725602	9.230940	26.386966	8.512586	10.153335	25.834314	17.163846	32.395773	5.943300	21.170570	16.689346	4.201426	51.845789	59.877867	8.248876	25.980653	80.172334	30.434491	6.055146	16.139431	55.657417	95.174676	15.493846	7.448316	18.129328	25.742871	0.742650	15.584548	28.434950	11.491472	17.266700	27.801874	134.612205	103.048124	23.745731	52.913639	2.404665	164.106815	96.305490	35.996472	25.247791	15.438565	21.349759	2.166081	85.395657	35.574395	23.507376	14.020217	48.044421	102.076898	8.503257	6.282383	39.341960	98.493226	28.403163	53.166592	14.412598	20.984794	6.139276	20.616985	20.703550	39.503960	 
20.855534	17.125698	5.003691	10.085530	20.879729	18.312617	131.123105	8.434549	56.111640	31.101980	111.700768	78.894653	39.228418	22.111674	13.535976	85.001634	10.843890	78.416557	5.857218	82.198913	79.825129	3.547792	35.268450	39.830241	28.651941	37.380829	43.905436	40.479045	14.581138	4.079982	68.219010	36.574752	65.316806	39.688511	96.263155	83.010721	17.205577	26.702238	1.560813	2.561441	111.305490	9.205068	55.620074	29.671421	101.259855	13.607910	13.540484	24.157451	5.130771	86.674507	61.901497	49.473885	11.784932	3.510701	20.855044	38.825082	37.885631	64.195552	20.802736	6.886192	2.556808	32.465354	20.485879	1.841902	1.037311	 
19.656694	1.301549	13.798968	23.482400	27.279839	104.496584	9.210983	7.812310	24.928184	2.394226	21.343524	27.317075	40.772169	42.000942	97.206529	62.715188	22.876640	57.839765	22.085204	2.183552	84.904495	6.315118	48.414575	3.112718	19.529306	249.645654	37.304449	52.986194	20.307587	7.829829	58.273962	130.730946	69.873884	0.401288	42.393623	7.022670	12.318293	15.281205	30.587951	12.034854	0.405325	17.569924	17.874798	63.724708	1.239679	15.072192	28.798978	79.675319	66.941464	43.186657	47.534427	104.446729	4.468996	16.575908	6.049654	12.438879	216.118423	16.704951	20.059818	9.316715	17.477185	44.416710	17.728268	45.588033	64.100638	 
8.729618	103.995930	1.696133	68.573677	19.318845	6.204265	10.933695	18.760819	8.573985	63.095450	38.019290	92.115295	46.216491	110.526345	12.482948	53.855272	48.159992	17.933768	140.614558	10.107718	14.808716	34.126533	33.155910	19.920488	23.381633	16.676150	53.522420	23.519799	152.918960	22.503853	43.033721	17.034972	9.154900	115.406598	87.295578	40.148356	103.320949	5.276556	3.441621	139.418639	32.655143	52.386482	35.585507	15.870878	55.514961	11.135941	13.187290	63.140557	1.537772	49.485752	21.930087	117.674604	74.512237	0.810839	1.872541	34.931254	23.583569	14.048235	24.482243	29.209910	4.038464	3.744135	13.924963	7.605045	50.150731	 
3.709205	4.158440	20.778618	50.238525	1.105535	88.914869	1.824983	5.044180	2.280785	31.473463	40.030211	0.536261	18.773495	120.523393	15.975058	4.792260	13.482948	87.742311	18.767144	8.896110	79.277474	5.518033	65.421466	25.434215	6.860402	0.804805	20.594703	23.571082	52.339535	45.498336	95.555899	20.105239	48.573718	14.196353	29.780672	165.241014	8.614374	4.958049	15.383295	16.178444	113.469805	10.377411	43.446162	22.731088	21.670895	123.838665	2.237095	17.354654	82.820900	29.083917	64.298019	10.523213	55.129907	81.457241	123.539930	27.129392	8.307110	13.838519	7.038863	63.755819	184.632365	3.831833	28.791171	10.698281	10.210448	 
32.548211	41.012898	45.585579	143.559581	0.498089	93.756077	18.645309	6.519285	138.299410	3.923567	7.546955	58.056178	13.704166	0.748188	12.043179	44.311117	33.268077	58.563661	13.775798	147.688883	10.265819	77.293175	0.344608	64.332582	12.238198	0.640179	13.241079	3.808421	42.426230	28.676697	47.930337	182.219392	10.375468	89.217810	26.555538	22.113754	14.964422	95.067469	55.792998	35.261121	3.522679	8.561403	13.074389	43.699948	21.089782	6.129676	2.848054	26.975260	4.762824	205.726221	131.794699	59.236429	104.899613	1.166450	21.411776	118.599168	11.872968	10.952590	2.585238	34.981998	74.983052	3.489282	41.906526	43.803971	43.314577	 
121.126562	63.849258	7.648538	3.447869	68.969185	18.569290	51.462653	16.457492	45.714924	0.953868	78.482961	14.828466	35.432287	17.042146	33.757277	4.716674	39.655354	3.937952	51.564763	7.840495	19.428312	7.689504	0.826068	4.894722	20.611605	104.550741	4.586134	27.927131	62.033021	133.884189	18.944593	1.243921	18.730240	53.523984	13.071177	20.334190	11.549234	24.073868	54.375937	46.177811	11.885999	3.029534	130.957202	102.249033	15.474576	80.891993	6.047874	2.268773	23.038617	104.028852	5.342368	2.420716	16.919242	187.312378	9.758875	42.473875	0.589116	49.332782	46.922032	79.029601	91.008395	25.241738	150.067257	7.366313	52.216584	 
14.156106	10.323845	106.538015	0.956441	62.676582	45.576985	35.370069	9.987550	83.666394	11.879548	66.607837	24.781746	72.270433	33.338935	29.121223	73.928108	71.976692	45.915719	28.192774	34.658473	13.308829	6.426468	56.268926	6.091881	12.948365	16.632940	2.102295	5.386880	56.919474	9.545109	110.106446	70.014665	4.226894	28.779533	151.984264	8.598003	50.508145	37.115981	17.863709	36.861471	168.669391	7.714648	48.759419	163.577126	66.528182	28.326859	15.905321	26.276169	22.463317	21.404131	10.714202	105.314125	22.780561	118.364066	31.483026	1.851891	88.621108	192.236393	31.068560	5.745583	55.014331	26.060088	71.596756	88.755832	17.338122	 
45.966542	123.181303	35.282608	25.183212	3.583729	1.924714	31.754881	92.064108	85.180266	73.329305	28.192938	48.870515	80.715264	12.309190	121.943585	124.352293	37.639464	36.134745	0.544922	9.516774	24.030885	28.649385	3.994657	16.329542	54.803435	4.631982	8.649752	13.513420	36.011797	62.695845	27.592702	81.656980	32.903015	35.637108	6.283373	54.569017	12.304218	15.589143	63.462416	161.598565	18.652283	121.337763	93.122724	28.885671	3.043482	40.550965	31.490187	9.135172	63.737706	149.919465	77.998847	9.697957	13.929465	21.522754	52.167274	18.380503	26.655950	15.146187	28.313051	47.291565	31.718493	5.817647	47.340461	4.067692	29.984594	 
2.313486	19.241376	20.724843	81.802141	8.413331	37.793166	7.485485	7.298076	71.396623	29.181978	22.676765	2.584653	41.869117	37.223531	13.636359	16.557326	4.563192	15.626603	151.108244	14.555508	74.255647	5.664692	13.488135	135.941726	27.985818	113.010476	17.380759	5.644872	1.374235	57.218878	82.480584	40.414043	28.990961	22.541983	7.335831	58.634929	41.619444	51.545486	34.200759	9.372610	0.433588	89.652510	34.335500	6.980818	15.561572	130.988743	16.309827	23.647627	5.739406	88.970044	1.453387	57.797986	3.440497	249.098026	20.703634	59.234039	30.466613	43.542819	15.504457	38.179829	94.116405	9.634725	4.699002	3.079332	16.422464	 
101.194804	26.738184	44.044721	33.005470	23.207131	32.462402	93.533833	128.375525	27.584383	70.816002	125.806104	16.064378	11.541873	8.897091	72.214416	7.490227	6.417632	194.583006	47.418362	13.446655	23.184796	74.565106	33.980807	62.394213	22.379978	4.081656	62.489000	15.774310	105.076833	0.648026	18.700577	74.363295	22.656382	155.217505	37.215730	13.850420	67.535315	22.333738	64.493418	7.937690	28.719077	2.576616	15.248953	104.316192	51.803886	56.419579	26.947027	78.546745	18.824971	124.170241	6.440765	0.435696	0.624077	15.407673	10.267925	14.576147	26.231394	21.712014	14.428959	24.504783	5.933005	4.830428	6.942360	44.585050	40.302743	 
1.438362	160.245891	0.888900	36.891717	0.765710	6.839189	122.172360	28.338628	72.336823	19.976092	46.384633	4.201666	36.455802	20.295325	44.614674	12.302866	29.461062	11.725176	19.086375	92.801226	64.750088	89.104760	1.152288	39.739036	33.482751	60.719588	75.497743	47.969356	3.651433	13.985364	3.149972	53.125009	67.971205	140.207271	48.924716	21.536293	81.574562	10.853458	58.139496	35.011414	0.645270	31.815345	14.551265	11.041525	3.058283	43.805434	29.147211	44.211572	42.640788	27.632040	20.703447	5.059616	16.666705	27.119729	9.171615	51.127936	12.019690	16.772025	2.967861	6.280696	19.691698	48.700481	6.387827	66.479809	19.130117	 
12.966780	21.923413	22.328772	191.272475	21.989253	33.655607	439.296007	37.956043	44.313918	87.955477	36.490949	16.830394	44.560866	9.836110	111.607345	46.347938	9.061230	32.359011	10.229323	10.751098	98.730470	35.073774	31.343788	10.399711	67.166976	57.182304	23.395990	3.357918	19.185732	18.026596	59.635874	7.711130	46.552967	48.420815	7.102755	3.930440	32.331073	23.346760	4.524139	113.932627	33.112456	53.540972	8.315123	23.199225	10.011571	30.415401	31.418475	21.652976	6.716722	11.779673	5.475468	13.014727	11.060354	19.030883	21.537298	1.081215	1.916640	27.294432	102.641767	4.100905	27.254565	10.848542	16.369593	32.664723	91.452099	 
37.376248	38.709321	19.763237	45.994976	12.941209	25.795584	21.660375	72.380012	2.448915	2.078055	106.924025	63.680624	36.225727	33.273879	39.665244	11.498382	1.255642	58.364164	16.642193	19.173614	6.041029	35.990132	39.765941	13.975214	3.804040	74.562229	77.667579	31.444955	11.627286	3.438428	8.826051	25.439823	6.154144	115.232150	32.603729	45.707631	8.335197	15.815994	21.540323	32.766967	36.432206	58.408331	43.042664	49.333042	16.011290	52.522643	51.646168	3.616415	203.088352	38.617717	9.511072	39.089535	24.674226	51.883031	101.934553	29.715775	10.282159	43.656730	157.908796	36.555335	68.590673	4.506598	55.768139	13.324533	1.562734	 
144.639935	289.608307	42.334524	30.263028	11.647446	46.398963	22.899456	157.809998	10.228005	35.266102	146.126151	20.895324	4.132430	22.385407	17.856165	30.961661	6.556601	24.094650	41.982271	12.647402	50.588722	47.001147	93.794699	166.749154	52.299039	38.662907	19.494718	6.390239	99.944787	21.025653	19.996724	13.838100	0.683315	11.184740	59.837303	35.000936	13.430030	24.341912	84.956781	0.847895	5.160140	19.163109	5.818968	12.625543	20.206527	46.189371	0.988687	50.258430	36.816341	45.735122	8.494457	168.288215	59.680395	32.195453	36.888147	24.329053	23.141816	20.121056	47.101239	28.186878	62.069716	7.440515	128.507413	17.092384	37.899831	 
19.845792	28.658531	72.111947	28.344296	14.597877	23.725481	82.566721	98.948495	0.625977	6.853684	17.915895	12.832738	142.821953	18.133452	3.898272	11.267074	40.380676	51.015369	3.910762	9.347398	15.481784	41.479390	3.193465	93.285472	58.078749	93.817556	22.569935	59.068464	26.048786	18.672562	159.283574	49.485443	18.269264	63.823765	69.563619	75.971974	61.721430	130.513023	288.194522	11.592283	5.121053	5.723790	41.739738	39.960801	14.594890	2.718693	95.903009	18.085415	21.673153	37.546553	0.556187	44.768807	48.684624	6.913710	35.276983	8.272501	36.481089	54.650776	0.929150	1.033977	23.558807	76.952332	109.647643	2.859906	10.905940	 
71.159720	53.896740	53.806232	4.880070	49.410217	13.520466	90.746843	57.064467	28.142787	25.442996	5.009184	8.161890	21.586229	78.599260	39.268645	21.170018	6.565651	56.142956	132.912894	90.202950	40.659038	28.597657	6.664794	163.341370	54.269794	60.043934	9.782550	38.604480	3.687767	11.918363	7.072700	115.916101	2.576785	1.366633	93.175482	157.253176	106.073259	13.280634	36.500197	11.630194	27.879200	10.390942	113.298316	13.828611	234.618465	93.056096	22.898039	17.701985	61.151396	6.410237	41.316190	66.205300	37.395023	66.794294	2.297554	45.439584	1.851278	38.934095	16.821953	23.590991	6.971106	6.532055	75.886998	16.301138	133.884205	 
29.062633	46.506329	92.229871	14.725159	64.006472	79.181386	53.238140	1.648016	64.801293	94.907215	81.840290	89.593885	23.932069	15.390479	5.308659	64.537620	95.917028	103.788630	20.493073	45.535370	3.404762	23.288699	32.932781	5.684530	42.537374	69.095920	14.188657	1.924346	39.258466	0.761961	73.968610	45.106165	34.197649	43.710220	4.420036	127.533593	174.917868	28.849325	4.423426	76.888924	18.575393	6.565828	17.364161	60.625157	3.254947	14.474173	5.743762	14.800665	5.023243	47.566984	1.639009	10.540462	15.858930	137.339060	42.955350	1.515701	125.992647	10.009237	87.918474	0.926841	43.445942	21.429431	39.622555	10.024068	37.072991	 
54.524594	7.685238	150.494503	47.553132	23.694378	31.318637	17.504597	77.806574	6.657103	29.304233	34.055477	39.626227	86.192444	67.590781	16.684619	65.819224	15.375698	79.342980	162.965931	41.547916	42.640848	19.516609	7.946143	6.907720	47.048687	3.695658	80.760867	8.313989	29.363440	48.018671	32.782463	1.104617	7.479078	20.126480	47.575408	0.272294	149.486160	180.721117	7.132035	20.763607	108.550745	10.359057	27.675240	7.456057	7.066049	1.189228	21.652244	111.736332	50.801756	2.146889	30.062198	26.589636	10.822391	2.977151	6.242176	0.603242	88.748953	12.512900	34.605232	20.548535	4.962408	106.910059	5.423284	54.929200	42.113169	 
2.753041	29.289834	60.193644	4.044541	105.531748	2.637432	23.770969	42.961775	7.267405	27.747969	12.142809	6.819635	18.785302	18.660047	4.392633	4.108577	63.575267	31.732373	131.117865	31.121745	29.350375	7.476245	13.233934	14.224086	27.469562	63.633281	21.902395	11.901733	0.665864	24.501677	64.829016	6.176589	41.848132	19.654756	22.107534	17.133580	30.455186	81.958006	10.486219	3.667960	23.669119	34.312691	1.099563	20.277489	46.266845	150.595444	1.514427	62.040772	0.923283	152.611319	20.008694	16.370035	10.064203	5.697337	0.733829	2.883100	83.826401	26.408283	68.663578	13.717190	36.947558	105.016213	63.381905	9.038535	37.069589	 
22.265386	44.384084	3.504785	29.476943	35.284343	85.432324	19.583296	13.411232	25.928853	47.693869	58.153355	85.724949	79.234800	29.583322	10.027744	246.213460	9.277934	103.217616	36.159922	10.190656	24.073425	17.967837	19.111212	3.041443	42.313358	198.477093	7.166804	22.849707	101.013511	39.024431	39.115121	33.113892	14.936830	93.469419	15.368235	66.943644	7.737319	0.156423	66.644492	70.643759	24.136898	38.077942	100.386924	74.434135	34.865323	41.032556	21.556455	42.367204	75.104001	29.867359	19.546843	7.093487	16.113954	120.078006	3.450108	34.183810	33.971536	110.143142	34.334534	80.903497	12.382549	6.866945	0.418314	43.866766	12.901397	 
17.222628	11.285731	47.431569	23.258654	5.111730	46.008708	29.110271	41.015995	42.633619	38.370235	22.052976	17.169330	4.069769	40.851366	121.897952	44.007061	1.384330	8.802627	74.854555	30.173642	161.613426	81.176526	67.357856	41.235531	8.983460	103.479057	16.677308	55.612629	42.906509	138.264787	40.409100	15.305350	0.527097	118.610785	12.001688	5.467530	5.504807	71.351103	5.017129	27.045581	13.365500	53.076710	22.514477	24.271725	100.679165	3.700682	30.885740	15.095031	10.435535	62.153100	94.328888	12.275740	44.213083	62.053743	73.668812	23.732206	3.392454	2.444443	30.917584	21.770933	32.710250	89.833385	22.392986	28.917049	62.722147	 
98.022156	68.111045	38.912974	28.581683	44.532448	9.131748	32.587232	50.400899	42.932796	26.623998	18.436782	23.348154	2.316796	62.600080	4.739907	16.049420	20.085936	85.553586	7.069237	12.023718	9.217840	96.761918	30.946485	39.672279	14.311452	67.739410	55.390022	6.384642	62.424232	51.183886	4.525775	25.462587	22.399385	3.121145	17.382851	18.935839	43.638327	14.673547	19.469935	11.704215	145.821963	25.684661	69.023495	36.578692	93.207160	7.237161	22.220472	39.953258	25.983875	59.786664	9.469848	4.621434	55.041583	71.715835	23.017549	23.198337	23.073028	10.124332	11.411571	25.542538	12.445873	5.198437	24.079300	21.292775	3.654701	 
22.304107	54.700361	39.708607	15.201012	69.707507	21.195281	135.766678	18.803458	8.730774	93.862452	9.488497	9.572527	93.853296	22.557876	111.359641	39.985364	22.349009	52.257960	57.600888	50.794927	150.238644	35.254547	2.064339	17.084461	61.551602	13.646880	32.509391	19.001679	93.743498	3.352853	19.738804	11.871740	40.216101	42.774380	61.039117	5.414537	11.575543	34.663062	25.819211	14.862918	33.431498	26.502804	172.937090	44.285739	65.217036	2.374148	20.790201	312.006221	56.265779	5.428964	0.681876	0.769705	20.514586	16.128235	17.521617	32.456910	88.702454	0.503015	54.192377	2.108519	2.718843	9.409071	49.097449	2.266563	22.104628	 
43.264131	4.069716	34.119365	49.368064	39.011817	11.077739	89.256734	110.135450	28.569663	14.132841	48.225016	3.279468	37.984537	31.077495	20.398336	14.357606	104.665056	7.542065	45.649232	75.372137	98.077786	11.250083	5.535238	43.407782	54.268008	6.997907	1.927502	9.817208	2.848348	13.188058	21.035303	14.185567	24.355662	51.676402	33.362277	4.441178	15.532393	40.836907	36.317887	29.624354	32.474985	10.816996	13.400883	91.192670	46.460664	62.921773	41.126342	43.173132	51.296984	10.383024	61.662749	65.483417	17.378196	363.818778	8.958677	20.682898	41.357063	45.671513	84.602066	8.308820	29.044145	144.197958	118.445688	1.931459	33.499152	 
17.759585	60.183908	8.814756	40.620094	15.089205	5.593714	112.393918	42.338697	14.046022	9.006872	31.395150	7.899385	78.151041	58.931259	27.244802	73.260089	57.520107	2.295209	114.834658	18.220884	2.238678	25.763702	22.934345	124.459443	31.178902	38.234537	34.343023	64.064983	87.119045	18.134950	2.031884	16.211218	14.009467	2.468706	41.401212	77.146585	45.430292	50.277874	39.923297	0.546402	25.619527	72.527780	7.526310	29.737007	10.233710	56.178857	49.414155	5.015741	34.148811	4.677465	122.656792	25.635302	69.436590	49.734988	11.927308	83.924636	21.394635	19.034319	22.366323	7.746385	40.980839	7.695656	52.492345	18.266506	45.383441	 
12.551313	61.144706	1.416653	14.981553	13.123665	6.757967	84.880967	12.723415	43.314623	3.445474	4.633401	4.006225	44.336026	23.340504	116.920588	108.247159	74.528866	25.936417	56.871669	37.215139	19.583943	45.603684	49.556207	20.072388	14.773974	84.948854	59.233066	26.579532	18.377652	40.696966	4.018441	1.371688	66.649433	7.332376	12.711593	127.635515	2.846156	29.013891	24.565890	14.982993	2.769186	89.532866	18.879203	9.302017	62.535140	34.703060	49.126963	1.804105	14.821093	211.703279	46.153396	59.362716	29.454251	73.483804	26.422675	26.493968	44.650615	33.792971	25.640807	44.405473	69.443407	18.602900	77.168893	42.673255	11.619382	 
77.683848	104.299688	11.964995	107.646056	93.431844	54.621591	58.512956	11.056486	30.521504	31.854206	146.968457	6.992158	31.777292	33.453656	337.461227	35.891933	34.950017	36.935561	20.926597	35.467322	35.579145	6.227802	127.840470	99.265704	7.624146	48.016095	4.700012	13.664317	3.520435	38.156567	33.195373	44.457819	94.926764	80.914642	11.011459	97.077925	88.875080	82.912077	48.612082	32.598551	32.136860	5.907570	120.031769	8.877050	3.101261	10.265284	10.491023	24.420096	35.712146	24.175298	5.392932	30.617197	6.863717	107.264431	18.659349	107.934452	16.235353	11.247160	9.606704	3.931191	2.669081	78.721595	27.180922	6.591145	10.904384	 
2.529928	49.925027	29.839792	107.090739	39.582152	23.033254	22.000309	175.080127	73.638919	124.310408	12.895277	5.619706	5.501174	136.552345	106.586383	10.932164	7.335873	14.806776	44.764573	19.394579	10.777168	86.279162	16.760697	13.718761	123.921216	1.965630	55.563661	22.631818	34.325422	12.700824	118.686151	3.243704	6.304836	7.667926	127.220400	17.490408	107.641893	10.212517	21.466743	9.109650	23.811316	50.602286	10.663292	19.305837	53.255361	14.613828	25.260793	21.760209	23.601359	14.211318	81.992840	41.278599	44.984622	55.594618	17.402018	109.978095	0.848139	36.891995	40.242201	9.071689	37.667699	13.745487	13.858136	17.855923	0.962268	 
16.356356	267.001011	24.442743	11.691555	8.747204	47.561735	140.369738	16.319531	7.427488	25.422829	9.986227	31.155937	147.635242	25.440903	87.180772	8.428282	22.168403	153.920058	16.533704	33.955070	21.347711	54.295953	68.707220	24.227696	94.656913	56.531564	42.365085	18.830922	31.045468	57.120830	14.360660	47.834820	32.773072	98.290651	112.159163	32.623576	21.398730	1.990829	7.539911	5.532997	207.712298	23.805984	31.370774	83.839937	45.743912	6.707675	0.302924	1.849793	18.948895	45.567546	10.805690	4.671537	25.777936	38.663446	4.872251	38.541156	2.824505	9.471807	30.955390	1.359319	50.574338	14.703518	153.193799	40.993894	33.641124	 
61.228254	23.055693	9.806234	31.452091	104.472709	86.890352	29.610621	6.861814	92.728859	65.954076	15.247807	40.371368	10.541544	0.706997	79.766482	34.708820	6.986549	24.646666	38.735856	43.838370	7.130079	28.416390	13.293705	3.562939	27.320412	3.085968	9.261216	10.011719	1.578335	10.030146	33.512679	75.692608	225.091488	22.859808	151.852891	17.971654	107.634884	75.904804	128.896240	131.909395	44.563601	16.904130	36.431065	7.536788	106.795918	1.535256	93.240709	3.470109	82.361758	58.478088	41.805213	83.081810	4.785726	23.652354	88.841260	8.030354	21.182551	71.634981	56.639958	56.485844	15.317549	17.237152	90.504052	36.741510	37.550084	 
36.076193	4.795996	5.539675	15.091969	18.809348	17.848499	18.010666	5.433297	54.990177	72.544752	32.294056	7.727417	55.108032	53.851492	19.032566	53.225755	7.809545	86.417860	45.445470	21.307874	92.837172	36.286748	22.405997	55.901283	24.490509	10.741493	8.286117	21.490586	58.480560	14.212054	34.867310	12.145832	19.399413	41.363794	10.896269	40.712298	21.337944	12.480362	45.606499	77.265025	22.313994	38.964367	9.686535	45.407170	12.156221	5.823471	107.953612	43.667787	14.455672	35.963133	89.729556	16.492696	38.443721	34.297327	63.115409	87.776500	129.185853	199.951758	26.851773	14.007670	2.988778	17.866273	53.875516	89.821754	41.656306	 
7.531406	37.178203	214.523159	61.996312	61.301367	40.406109	52.191491	11.925956	6.971793	52.978817	22.369816	11.507261	23.362579	70.464928	14.635906	50.001863	120.870408	61.863052	15.378100	22.738270	16.730721	50.891065	23.917923	22.793312	40.931924	1.281974	0.328967	17.726340	1.464600	16.774781	31.024996	43.810342	2.728721	12.134745	58.707060	9.093824	59.045556	19.892235	0.995823	44.831816	0.663723	12.680764	11.787856	124.659953	56.079276	0.658134	100.358556	4.284478	0.331741	5.470660	5.749757	25.763568	25.331873	4.361722	29.269578	19.737571	5.902425	8.267861	3.615221	29.164300	65.892999	37.003346	38.881245	33.911685	18.212947	 
9.454075	49.148954	14.311325	14.342327	27.482594	14.656039	17.583172	2.546123	83.593599	8.567226	53.271800	27.800114	37.013984	12.871147	62.357672	20.744847	19.969659	6.980565	30.978527	52.802330	6.252973	141.797138	29.406781	50.336466	79.973104	20.161548	2.709538	7.661891	5.902879	89.983423	22.688261	7.310913	28.459227	46.625272	0.330763	70.558332	44.882042	41.403969	42.706347	18.458051	18.586992	22.641320	28.735471	110.076541	93.923965	44.401933	7.375741	14.384365	4.015420	5.458648	5.707133	56.058911	66.382120	86.118061	20.046030	92.741133	15.557315	45.074897	44.387860	57.515509	6.660071	20.020554	51.725933	42.039275	40.094370	 
197.476214	49.870481	13.500104	6.563117	116.843698	66.098718	29.954943	65.359842	30.876620	9.004350	31.703778	92.767818	1.631622	1.610990	44.695701	21.115233	25.912023	16.675213	16.139086	48.798599	49.890613	17.378413	31.551261	231.547514	31.270758	13.180180	16.009211	3.210630	10.206029	24.209838	13.389110	22.574103	1.374871	34.466737	66.536162	98.515741	16.888448	13.063435	39.570987	55.215638	208.457888	67.325315	1.767312	4.632714	46.625929	24.195386	17.021069	3.795137	15.287873	33.472387	15.323405	19.453777	30.164396	35.201765	45.982395	42.705296	23.546239	31.373149	89.213534	14.679729	50.071207	30.010622	3.248371	18.827737	15.536803	 
55.197447	9.111558	81.348207	4.473115	3.076225	3.547840	8.586922	16.807566	71.112168	1.404713	56.567389	34.049396	76.910569	24.944959	2.270477	271.233675	19.012925	11.749827	6.538098	7.519819	17.191882	4.046460	16.304355	4.327563	69.686108	22.565335	41.668107	14.885471	51.977267	110.505010	26.333375	54.463621	20.312274	23.023146	43.911655	10.666107	51.941247	2.103025	70.160181	18.490320	28.054683	134.266323	1.856493	14.398074	18.767119	299.288818	129.752968	39.461501	9.474413	3.349524	25.902197	30.894993	7.131079	39.425101	12.125837	37.473354	9.875823	20.864089	7.237779	26.949048	8.396795	65.282468	1.892430	36.239908	56.347493	 
37.066785	25.115475	74.092346	22.228037	7.609432	22.618399	127.730998	17.076087	56.848911	153.485933	127.094438	68.706287	58.024062	55.047052	16.876943	62.563903	27.918077	34.473231	78.328040	97.007355	11.471798	93.625377	43.552760	23.206455	48.943420	28.585634	24.917237	54.970276	13.836419	12.914155	14.635398	27.207644	16.797543	8.599538	16.536073	32.224695	43.264556	37.091139	71.442430	23.126084	7.026188	1.989706	19.667289	45.606458	9.367830	83.429961	16.732635	58.488219	5.758909	39.418630	32.682037	31.485292	23.105981	2.559821	14.690020	100.952354	84.831930	43.726281	40.860004	11.667604	48.314679	11.475886	11.948883	33.245686	13.045406	 
240.825490	18.920873	32.202987	3.768700	27.146021	28.532863	14.287082	40.042057	63.119228	30.110011	49.159801	24.898373	8.983975	4.703882	91.937733	36.245003	18.392469	50.511326	38.092475	20.378883	46.374596	21.489892	82.468146	82.528872	142.905105	4.178562	20.918906	47.330177	27.279929	116.161460	22.998784	11.975544	28.396872	17.521668	34.451038	17.033648	3.752071	11.004155	14.620238	39.707667	2.460879	10.914385	6.583154	8.112379	38.804363	83.987260	8.731291	64.211637	107.482913	4.342877	22.257075	34.082174	23.721889	4.387653	17.056413	24.082448	3.186413	74.439006	151.314244	34.761130	31.841464	67.136294	1.383819	13.835553	42.428328	 
11.989907	24.724503	70.050425	42.931664	2.801527	55.371677	35.746048	50.062820	49.597200	45.945837	40.639117	63.926337	10.390647	120.621110	21.909441	56.896788	7.396908	10.132840	13.892986	79.208840	73.177749	43.860883	2.176588	19.022543	44.973601	17.010577	29.446173	55.164279	23.411972	45.318614	34.369646	11.028997	19.430846	20.987787	26.439813	59.103670	38.704540	9.374784	11.491041	37.738030	3.171148	1.285689	2.928792	43.446083	24.286828	18.255975	13.637303	14.370076	88.119531	20.701217	18.809646	65.791929	64.501782	17.169082	61.673723	9.674816	120.534199	56.905754	1.691483	19.867682	51.582999	117.833289	2.818588	5.806188	90.189433	 
32.021153	66.801958	88.234070	22.538059	58.187175	18.032283	18.699714	60.380764	4.585992	98.333218	37.308810	37.689847	75.867801	36.181449	78.852472	53.738044	47.113317	2.319586	29.186848	64.708346	38.721207	23.584333	53.852106	56.657437	1.037801	1.536763	29.647802	64.147936	1.751000	137.977417	10.312955	26.566340	23.304894	11.364617	28.871495	15.821450	15.128361	17.056771	174.233135	1.472858	67.630290	318.806952	9.562117	25.388442	3.297212	43.077437	40.135032	15.020910	37.621092	1.085470	40.474352	25.068588	22.572951	52.073782	98.949341	7.158175	0.808941	108.764105	112.594894	15.773759	7.843385	61.454739	154.929444	16.602374	61.710683	 
65.617334	21.790215	43.101791	16.712887	3.172375	2.808280	8.380489	12.255816	5.518740	2.066141	16.546226	49.517527	16.467052	9.227301	13.053568	15.611202	31.597835	68.876094	62.004845	1.543516	36.105257	34.648351	50.818134	48.644606	1.059037	5.217001	16.736077	24.106677	48.380437	61.801732	56.095245	21.334815	11.652718	22.095220	85.969939	31.400652	17.939739	105.275832	28.063859	68.145192	144.242303	1.450717	27.984473	3.591854	18.814375	21.271936	4.564745	20.105007	50.627652	37.663590	49.948979	2.673903	117.226375	36.191926	17.490124	56.735663	47.154148	9.054561	7.940674	60.243827	131.707403	23.211037	2.237372	31.909678	34.921135	 
48.500756	13.274261	42.606210	9.480956	67.680575	71.657128	36.446498	22.368470	0.985055	31.909000	1.563279	91.737213	22.387848	23.011338	76.511189	3.305677	44.166459	30.346473	41.760688	133.634339	3.365182	29.183585	22.766110	17.932955	54.228723	20.200128	35.946323	16.156844	23.931848	49.624370	6.129010	5.466701	7.519746	22.077576	6.334980	41.375275	10.162396	41.872315	22.483773	12.185138	57.382275	5.801305	55.263707	59.447395	30.333318	23.120088	7.303902	5.883901	4.244538	36.795607	53.060838	34.877748	55.559621	28.956392	12.668352	41.305297	5.589658	384.781044	9.358738	16.730272	9.420890	22.734120	10.517523	6.575445	38.385852	 
24.435703	66.486561	50.563045	27.586856	37.392952	39.425037	12.227723	21.265670	40.862871	69.842660	31.459646	125.972386	1.928037	14.612686	48.453843	90.122052	38.363222	15.395193	20.634640	47.256957	62.675898	76.237646	130.661218	37.851048	54.474673	39.004191	24.411675	28.495821	13.035793	43.262671	14.365805	47.388877	32.260690	89.558611	1.927020	61.442539	43.542353	36.782450	24.924507	0.858306	5.449298	10.722244	13.398033	44.096924	38.210221	1.931469	2.073389	9.012806	7.313667	30.180493	112.765324	46.948609	22.703919	6.991461	29.281373	70.658119	6.230505	79.829983	0.808988	12.566277	1.080239	21.861552	39.896601	11.448386	38.746824	 
88.952258	91.227922	105.936784	41.232083	11.554031	13.247660	45.546480	23.150699	2.336116	80.873305	91.163103	174.621345	2.183672	53.085093	15.018550	6.973227	48.975656	123.519286	1.281122	13.770737	1.879843	31.830246	109.655446	9.480806	11.180690	68.520556	80.613940	12.400759	16.894589	20.362038	1.572701	44.373951	1.072942	23.578359	50.882168	13.672157	13.904379	50.816841	18.221484	23.880146	9.827962	103.612631	6.059286	90.424105	5.141191	14.923578	44.523348	7.706451	58.686937	34.108800	23.383661	30.500463	66.756885	18.177129	153.786998	33.601620	2.824373	5.998159	73.422180	24.352369	2.317600	26.117446	44.279698	19.834809	7.222918	 
7.053430	46.887414	12.206789	15.463493	109.523542	18.863378	46.967579	22.775287	20.795073	70.704755	128.257261	23.566103	61.662066	19.571164	30.482516	18.705093	18.952858	5.275604	35.313513	36.697763	28.426262	136.453402	102.787015	56.441985	85.292067	40.176478	28.526144	25.158827	25.979616	63.952987	2.980569	44.591879	65.314883	19.942167	68.361104	12.785340	9.525788	37.004875	78.882329	12.191323	20.656775	2.169670	28.096452	10.069674	35.076099	95.245620	10.578158	28.471978	33.210519	48.993902	58.730563	3.041438	63.060463	54.745606	14.830563	26.004886	88.705448	63.357252	44.410147	30.949212	82.207612	2.804884	26.081205	21.624899	4.707088	 
59.581383	5.090880	0.937436	44.191606	18.142459	17.779407	37.429822	18.018442	30.323248	3.319214	26.078998	10.904085	58.934831	2.310465	47.446121	0.589709	10.647815	47.967792	84.358698	33.698638	17.562544	29.530817	70.579622	8.407516	94.106953	26.398674	42.048990	1.289278	6.366334	20.768237	47.219540	110.311026	97.873358	34.873144	26.089779	8.258953	11.473557	62.034290	23.124935	51.500120	13.605799	58.263441	3.603738	15.533629	13.467650	64.912549	71.095388	20.940920	32.465652	39.710016	6.302365	35.829809	119.984278	15.087561	4.252069	11.608874	12.484385	134.569243	85.698484	11.272989	20.808518	31.289901	2.092720	33.845510	61.032052	 
14.549303	44.028855	46.309281	5.117836	14.787503	18.336025	40.610236	33.490860	2.567197	51.040431	57.623028	45.593700	23.374276	4.747519	11.283456	86.072912	73.082425	2.518045	9.369295	41.285145	2.920226	8.906347	4.232666	41.751916	21.647239	23.544290	7.404636	96.482679	34.989494	33.178512	76.675066	152.749375	73.246096	106.261675	32.228339	18.210235	230.007334	20.806240	25.456401	20.239314	60.605122	4.418887	80.699741	22.795501	0.939843	61.300958	93.082153	12.188426	10.133891	72.444759	58.835015	5.910645	13.692128	15.949833	137.525001	5.997868	31.831150	7.720493	31.916145	89.606839	80.319659	24.367793	7.463680	0.398478	40.634669	 
66.174775	72.067881	51.282856	109.215719	41.099570	2.679534	26.946485	57.561853	53.604441	11.826995	46.080965	107.386379	26.017428	41.512283	85.676415	38.859067	46.822993	113.828286	35.812529	47.291786	11.755405	18.315682	56.603355	145.377795	3.038017	7.693224	52.124801	7.777285	90.505690	50.689470	45.616782	9.004347	1.366951	19.639736	40.751977	51.619884	41.737253	67.618197	68.404353	20.958845	44.002354	33.251949	31.231174	1.870582	46.765577	104.450723	53.664766	91.768525	3.482878	12.746566	35.624583	18.698790	57.458255	55.171942	16.607378	82.931091	26.881358	28.172611	132.828659	10.140748	1.500615	34.861517	43.987027	11.178907	1.744348	