64
0.000000	9.231410	10.208651	8.818397	25.891842	46.797484	103.102846	11.304783	53.983768	44.142296	15.862869	32.131853	21.516922	52.806960	27.541464	3.565858	39.008441	42.411421	121.943827	90.372735	21.286235	1.248334	23.115768	49.603629	5.168539	9.733210	98.022438	135.155223	61.737673	9.088253	11.510992	23.014770	10.622157	1.037890	180.199696	1.502334	143.237754	6.290383	21.109915	20.230379	74.355075	6.554303	38.240212	11.364262	27.723558	29.040725	34.652605	1.378271	12.011124	8.334836	8.999134	26.117520	45.907533	94.503091	21.869361	14.477893	27.040499	20.647906	60.721973	69.429169	17.256675	7.761595	73.719329	35.610523	36.361815	 
10.942610	8.551783	10.154086	146.713803	6.132995	19.824369	24.274390	22.230144	3.719975	6.948019	12.982248	49.314516	19.251443	36.647240	19.945579	1.206499	4.668631	45.070472	177.653623	36.748511	1.361289	4.464840	52.708252	3.968325	18.396130	18.107938	15.103838	75.704475	35.741172	54.830849	22.777987	75.227607	13.200117	23.609776	18.695705	7.468907	44.975888	2.950821	57.362078	39.495958	41.343326	1.729276	4.076114	4.613084	4.697262	61.349356	29.041131	1.772628	145.464257	4.724118	71.721864	4.709782	2.220985	15.731700	42.974029	26.456843	17.788511	29.973294	93.837172	98.861331	12.916453	6.969024	13.134304	21.106644	23.584406	 
10.715723	15.617181	3.970190	28.186824	4.257916	34.871394	20.832892	11.278654	5.537784	90.045108	1.068350	32.535256	33.655041	33.918907	46.318033	71.850144	157.401364	28.343814	65.445292	14.218134	22.304635	7.267764	7.523277	20.647349	83.396132	92.073828	2.044530	31.337511	11.619824	11.741489	76.388057	18.901567	20.538231	2.478741	2.096335	20.875611	1.777855	58.638557	26.492449	36.005828	52.069435	9.116130	29.399713	90.804926	51.958792	65.833819	134.627315	14.834267	6.104448	27.132113	25.939014	28.306855	17.369954	1.290255	28.908270	2.898435	58.143405	13.838548	43.346250	7.710777	30.388130	8.592176	39.441272	9.253473	22.135842	 
20.735148	21.196243	18.731640	21.035707	19.371304	36.082409	24.184552	49.462751	0.301163	98.022994	27.924938	34.037505	51.803497	37.959726	67.102027	37.780062	44.571401	9.659352	90.219150	65.605464	72.055930	95.211147	60.602325	43.476994	63.499097	26.421487	22.646428	12.096879	34.712870	118.991585	1.209735	18.201517	46.748412	1.242920	47.860247	30.845753	62.851291	130.285267	24.738405	4.630076	3.438452	29.635322	58.715100	53.052344	90.783522	32.127342	12.925119	66.304739	95.304741	40.699817	12.481975	29.727977	18.107179	3.402435	20.814441	2.486236	2.594020	27.191246	34.084142	2.784837	4.595995	103.179041	54.269541	64.697468	19.580740	 
31.990701	60.467594	33.610169	68.321175	0.568407	16.543142	41.326607	11.712883	25.370635	30.522635	27.676378	88.458458	25.696487	34.009979	15.956812	125.944401	29.281038	157.223544	0.516409	143.504181	23.957469	11.185116	2.647651	71.939445	46.817276	26.953234	6.155457	23.534221	27.554917	95.208556	80.836664	125.438006	17.498620	89.188158	54.156432	54.512093	41.832703	10.012386	3.880736	28.347931	0.676216	22.005900	1.011150	48.749822	43.957320	124.514024	14.106660	85.663236	65.370102	48.509760	54.614100	142.918713	30.592132	9.254370	1.196359	32.801080	8.502907	58.469525	16.713765	21.754038	56.261653	73.558696	71.146928	16.280594	5.647736	 
91.931103	41.976758	78.420066	16.187841	114.364700	4.582253	55.009860	21.321144	19.350967	58.464269	24.513016	5.659191	37.888406	103.674723	13.073038	20.863826	36.834848	69.061672	7.971849	17.165861	1.212229	22.431848	19.616145	18.912810	1.369005	160.899274	26.590011	94.058082	31.166289	68.513427	5.572285	18.179538	37.900472	36.166901	73.731089	72.541578	27.139638	45.303258	48.063257	49.350322	34.591806	9.375490	5.825764	33.547232	41.715373	13.688346	148.455120	35.202312	34.591489	123.571253	2.316857	67.678669	118.288071	135.356675	0.670218	45.653938	101.668598	162.916881	7.280680	23.672192	16.000077	56.975146	34.662126	3.527446	16.199833	 
53.092489	36.919390	91.245248	12.914956	28.439354	33.879902	2.379609	35.016713	55.488924	14.762666	14.763339	42.079046	0.229140	38.132201	16.495622	36.206682	126.385520	34.824331	7.648687	58.430403	29.213595	7.855309	3.961166	4.509173	50.365598	29.449640	26.680137	42.819657	42.911129	70.598268	30.215770	45.522423	79.034991	81.880578	13.155098	14.583368	13.838922	1.716621	1.573610	169.280750	34.243519	11.263595	3.962209	10.239696	53.144254	24.540538	33.765622	1.500047	21.203516	108.789571	4.554512	5.129696	14.822022	33.877074	21.132708	6.040855	295.762804	45.543557	1.836092	4.814975	7.481745	30.536477	9.587559	216.412433	77.481838	 
72.336027	133.212325	168.996797	145.128122	50.222635	13.525764	106.603003	5.663103	21.269591	12.024570	112.544934	25.296726	65.010420	38.804630	39.515471	16.452166	1.408253	7.564236	50.345771	29.489032	65.838691	18.027023	62.737206	9.264587	22.625888	50.715127	32.117692	16.737972	13.901426	68.372608	2.374302	12.528828	12.735763	69.559388	13.613428	7.768917	34.203630	49.549139	37.171098	47.573366	19.425840	86.840615	33.235709	31.450392	5.561738	1.296960	36.164687	59.737716	13.688623	100.819978	28.308035	64.176805	19.538790	15.665739	40.449244	1.175676	20.340182	24.415315	47.319730	17.973352	31.360239	6.065040	8.285638	42.502796	4.069565	 
183.894518	137.871923	35.587594	6.811107	56.019827	32.417079	24.885167	28.272104	9.414362	28.256467	1.288656	1.709287	90.477136	48.234402	42.982443	0.613187	0.746515	90.978340	39.276117	10.900353	15.802435	0.752463	5.710282	101.888151	0.905877	73.919459	2.251669	4.010072	19.277106	8.712819	19.700850	20.196888	4.121202	40.663755	0.857017	93.410444	3.345227	44.297230	28.964899	66.976010	193.497418	39.857952	85.623457	55.087514	5.746864	64.899366	37.226654	25.725018	5.922086	64.399531	213.616320	187.191660	38.063529	46.677881	16.177702	61.994801	14.457214	77.863927	13.517948	12.250350	49.910055	50.776461	127.732299	127.357778	21.400468	 
124.771601	22.168448	175.144041	52.229028	44.511844	30.250575	48.500707	86.998304	25.914609	5.051451	32.369294	88.366389	17.472617	7.452426	171.764891	96.750791	8.366017	15.163123	83.293756	39.484085	3.125518	1.010778	55.917901	40.812594	2.572782	5.787526	21.533230	56.896413	4.076614	19.623443	37.243117	46.235357	6.065614	123.693034	14.567225	101.625022	19.053532	11.594956	41.826846	19.533562	30.170818	46.075023	25.890502	6.579108	27.745894	12.993016	8.768383	4.215335	92.199492	53.754520	38.948389	14.952714	60.819589	1.151366	11.782874	9.974366	3.455488	28.099794	63.130734	6.166468	49.345415	15.750019	20.895999	3.885970	4.902013	 
40.628760	109.685820	1.485487	77.501546	4.777128	20.542650	34.957821	13.766143	6.808573	22.846775	2.046497	9.495264	44.671192	84.398087	44.991544	22.554198	8.862265	6.801030	10.119772	89.394511	15.633361	10.055359	153.358445	34.934668	95.205561	152.157294	7.544577	33.681188	16.848842	26.317565	2.097322	16.489033	12.973974	10.085917	150.843691	41.527311	18.827608	12.344809	59.564465	18.291101	68.078732	1.761675	38.127548	4.651464	12.932827	34.069693	41.049700	20.948353	70.222154	32.054341	71.536245	1.046483	55.686337	56.477026	30.485350	37.695652	79.988449	60.969692	49.857928	37.126650	40.088912	9.696488	27.254246	48.119595	11.781186	 
49.457101	26.418056	70.546616	35.784653	34.940194	21.030665	19.088214	5.125275	16.826000	17.421193	14.652835	13.914225	1.519226	53.262702	18.822813	34.731309	11.175942	14.019814	14.776471	63.416378	114.497754	45.348073	42.858744	50.924021	13.092649	96.562285	36.122572	41.609908	0.245182	47.893497	13.692251	35.315682	2.316197	13.920208	2.891658	36.941537	95.908517	38.822708	109.887412	9.042149	16.502532	48.742554	25.081523	3.308115	16.712644	26.784158	54.853336	22.853653	86.535489	79.929880	13.319508	38.608384	56.060778	75.326545	128.136129	18.976377	112.595603	52.890546	92.720822	48.657934	76.694905	12.062421	34.893168	28.481468	42.413721	 
184.517361	137.255920	3.013388	10.908496	16.223904	12.170145	39.881427	0.417101	8.284598	36.955022	124.035142	22.405233	3.284254	23.585291	129.164448	51.838079	7.738878	3.928318	33.882717	19.740108	8.340619	76.859077	40.175500	40.955462	37.062156	20.420307	133.527953	0.902573	1.270393	19.367673	59.115210	75.052552	19.585551	6.253813	6.161352	179.313590	28.080870	0.383798	63.769561	53.397295	44.128149	34.232832	21.645298	127.923751	115.715315	59.535986	113.149149	7.538960	20.832982	25.311485	107.986506	26.167583	27.569600	62.447757	17.181039	68.814271	3.713877	39.438647	56.586097	3.947882	67.377114	110.673403	18.502288	23.787624	18.037923	 
2.562001	4.346964	54.133557	0.251030	27.328361	98.205302	7.735840	10.349908	2.350308	17.748028	33.354340	37.821279	135.137014	1.642291	69.109048	31.372791	76.756802	28.371449	44.822707	28.660348	65.003487	33.416065	43.249232	7.205106	8.383066	47.402547	56.204552	34.253165	16.538937	14.349441	45.279828	0.297573	0.584853	29.567710	14.270811	63.461160	86.432985	26.508911	2.876155	40.391983	21.890567	33.278727	55.561084	25.564775	46.008567	39.001402	14.794461	41.510994	21.155768	57.675247	3.348889	78.663579	7.057645	111.883624	16.779926	13.106283	34.311555	16.250397	43.591972	21.084027	8.921019	52.081377	7.740885	10.306491	121.766191	 
13.374433	14.430564	131.381856	22.779912	44.437879	19.305696	0.621290	2.583727	14.797300	24.541312	14.096016	11.884439	32.978738	16.081321	7.473786	9.820741	199.657676	35.471213	5.419015	2.796989	56.056732	18.646852	17.100448	34.728085	72.697230	24.464650	46.076666	47.891636	16.054017	24.592274	4.650482	1.413926	191.673861	0.271457	1.321410	18.102700	63.558398	40.953677	65.064243	38.811445	125.472047	75.760922	17.977952	37.909076	4.238084	125.533999	108.346176	13.680603	11.085713	54.429175	27.188995	66.083490	89.121375	8.658658	40.245315	34.755937	9.558167	80.013573	6.121940	78.728021	52.230532	134.434796	63.598818	18.540689	47.115119	 
3.083927	26.199483	46.464469	23.451542	45.440886	38.591821	53.541258	87.271238	121.603624	60.803835	51.766587	5.149160	75.959533	73.860418	41.134867	8.993832	17.814061	30.120129	12.979020	13.992085	124.208599	5.129693	97.760325	62.512562	1.071945	36.538392	80.765482	0.565526	59.713952	16.512493	3.258044	19.211448	106.199602	49.451877	25.826318	50.420117	62.679056	9.051227	86.217270	41.738671	22.727033	22.829555	78.918762	32.406675	2.655368	51.225219	15.960738	26.252255	13.144636	5.455542	106.751875	10.180303	16.800201	4.423013	18.929900	99.067422	20.743597	89.524133	70.521174	29.632615	41.802143	58.083847	5.279254	21.358990	14.660477	 
108.107974	47.008118	49.896432	44.856260	2.719079	26.193655	24.016239	40.696459	115.047546	80.712468	18.598486	1.034409	41.980342	30.654241	29.100459	2.361787	3.939134	95.784832	66.245446	55.556201	31.610808	9.161610	11.418332	19.125536	38.770823	60.802259	17.758775	6.116286	106.795531	69.854848	46.940774	17.010189	26.091157	36.214997	94.734220	93.661540	27.982976	74.547796	25.475552	43.359261	8.727498	86.887446	73.379098	159.587431	6.118541	22.936603	15.318073	32.698015	63.933371	39.634757	122.231899	39.779261	15.112175	22.509599	149.014077	39.437366	41.248931	2.547094	36.214102	40.548537	5.533557	7.262207	29.347852	6.928986	14.482807	 
0.160099	18.727978	28.934543	91.789041	29.801003	5.538357	19.880099	20.069221	6.077881	28.956217	152.043122	6.374151	10.120242	3.054663	35.866067	3.473252	26.146299	24.496940	48.561974	2.611727	5.870298	11.715245	73.575669	7.937882	12.695920	27.813346	12.754485	1.391234	0.790115	44.962790	2.137303	4.649578	13.147064	21.932048	12.955637	54.506428	1.792478	12.907048	82.406594	0.968019	6.484784	10.584327	27.681758	21.077567	8.104529	1.208724	27.552935	45.223260	42.252062	4.227879	144.821865	10.576136	72.774637	51.389058	183.660339	44.436378	6.447536	114.214285	74.497557	10.776977	54.447125	76.422748	137.434829	11.188593	31.982176	 
1.983268	12.198864	19.874797	34.933696	38.656282	21.424739	2.620785	20.233627	23.867297	2.877573	30.167710	18.784580	38.886895	34.240155	13.969429	105.521022	19.495701	20.142194	25.037378	5.607351	15.670044	10.445587	114.625477	38.279193	95.611613	111.595324	3.449368	37.925337	27.420613	17.845847	23.569273	29.939876	10.753256	64.036506	14.497777	20.519812	71.319766	2.270523	37.563807	31.666713	71.711573	114.429451	16.222961	44.813251	24.047264	10.915645	11.333422	52.959391	66.956694	26.535084	18.477128	19.233944	12.355530	76.956021	64.544924	105.601501	18.015543	1.031656	60.848248	72.666166	2.944179	9.990136	3.768818	9.916543	27.614638	 
107.610678	27.770798	6.573248	59.332128	101.067196	62.683577	54.353214	26.479626	55.722274	11.859954	134.799221	44.853100	27.402543	60.377991	27.781111	78.526455	50.097080	29.691300	9.336879	10.139358	5.695979	24.998264	23.039857	15.539317	65.476220	15.566016	0.532735	58.533012	43.922893	9.926709	109.563872	1.989968	143.124971	38.473471	51.381034	33.260976	31.591052	84.135164	21.994767	8.577231	41.604838	99.750278	17.989992	59.796347	130.401712	30.160490	28.460664	58.308358	64.907408	36.675953	19.904053	34.945895	39.577689	33.176096	18.406674	12.035305	52.629798	13.236439	32.220087	48.840313	0.434392	59.469781	14.861202	9.938997	4.427681	 
17.965043	36.392830	64.159692	91.512818	70.882274	127.038538	27.999088	12.456237	23.532883	7.845692	46.471619	25.551874	14.973962	31.317641	32.564704	4.035951	2.673261	94.515065	198.277742	5.299763	4.783468	27.497059	45.380693	33.195818	81.478487	56.734192	16.822966	97.762609	3.033509	2.617918	107.097592	24.275071	48.298346	13.258400	49.687876	113.915325	2.846461	3.220395	17.097008	34.153102	48.083322	19.551741	45.811353	3.098935	63.819937	12.457592	18.581654	103.462352	12.039600	18.047272	4.390028	30.159121	15.196169	103.465017	2.590966	156.708823	10.480685	22.738302	36.212256	119.133918	1.643847	22.412413	20.394989	178.994464	56.353916	 
32.973594	98.067137	38.924476	12.178637	27.697699	56.414297	4.018374	1.664744	37.239388	158.692854	17.388624	24.604143	11.453703	26.479882	57.992089	7.657813	23.572453	3.648504	76.207013	5.582941	1.041366	6.281510	2.973488	1.565194	147.473077	54.687564	17.922526	20.901538	6.015452	10.011327	59.076790	36.346086	36.702880	72.499856	67.743458	3.403329	8.212757	170.539395	9.217276	3.661940	15.294303	89.157152	25.435580	52.144951	159.747856	64.673423	0.218857	75.991522	40.077386	18.154839	6.285823	21.657507	15.469675	1.553492	26.691606	100.161480	22.635589	72.343030	56.592544	70.407148	31.485610	64.740817	34.967983	10.234798	24.558995	 
15.860042	24.047258	12.206138	71.200076	28.626334	14.655413	1.556343	32.776090	47.944374	30.178550	22.853857	75.167873	8.466560	13.795158	1.634751	70.737889	26.857286	41.470764	56.542456	33.871304	5.747715	47.535678	1.768522	28.232604	56.772762	54.099064	94.712756	140.182814	30.001728	19.214694	5.131946	118.573134	10.152242	55.657287	108.819129	53.032960	2.252457	9.541164	161.420483	92.678545	66.259547	15.404229	18.991045	16.630463	16.633438	53.039998	9.588008	0.599785	69.106625	85.756665	74.253690	163.425780	52.335752	26.407417	38.223644	95.963971	33.841885	68.304807	5.710888	34.664030	13.920354	45.940661	53.574951	42.837375	37.665811	 
46.210975	42.386789	34.203821	107.636357	6.023559	29.086382	15.979291	32.700076	0.843921	26.169206	94.954064	45.713860	92.812726	107.435986	19.918125	66.189972	44.550993	24.086652	13.067024	66.852491	55.712766	45.512526	6.195077	0.778816	13.722889	2.359127	32.277517	74.842683	0.086370	14.436936	105.276049	43.053746	16.675148	43.129215	49.454104	11.097593	40.239099	17.010417	14.410623	170.159545	42.525469	18.725601	17.962364	15.875288	8.391980	23.323079	159.797797	43.767010	19.116372	26.167346	96.533994	42.915560	68.143335	28.032764	33.590974	107.424374	79.067506	96.883157	56.983281	37.259505	2.090794	12.556457	48.945386	46.793328	1.168416	 
19.314631	124.216708	2.651909	37.672903	8.088645	9.428772	73.123186	3.973625	14.203454	37.528228	0.744563	27.634693	86.049630	27.042229	1.169607	51.191406	2.173214	36.357717	1.794173	0.673296	34.058445	21.095683	66.593696	29.006779	5.475134	118.917887	78.754667	30.514074	64.862467	10.364009	20.723490	48.983614	81.819833	107.224471	25.138026	1.998562	124.075149	85.615962	6.027550	167.189575	10.854091	27.615105	125.056549	130.594896	7.475920	220.045344	6.849053	7.280613	40.333970	35.955543	1.882586	1.076534	48.324003	113.280371	44.896811	14.790247	48.767621	77.632500	125.854519	75.195555	78.229250	129.516012	83.432140	15.259646	109.290805	 
8.884999	29.310845	21.192588	41.838778	132.296271	13.346605	30.109519	40.600398	43.965917	74.607594	14.694749	12.959421	39.442821	49.436516	58.177852	4.926774	18.197420	8.869858	29.214181	94.342038	71.186413	42.953711	29.503275	11.078206	5.601858	26.277997	18.920432	50.367719	12.045256	0.996772	4.940609	128.196098	18.644951	44.963169	14.058790	7.090401	12.247742	10.200562	18.000149	54.433812	46.112708	5.149346	6.473588	1.279474	2.991879	29.783223	37.773911	48.455899	19.399967	11.762940	14.826637	42.369097	14.257854	16.275317	3.437805	13.424040	32.621825	40.204667	108.482693	46.592310	83.906330	39.856370	6.147358	16.641806	24.224838	 
4.197793	31.352056	17.132311	12.485914	33.590318	9.819698	68.728512	53.461619	14.280679	14.150626	0.995240	67.774531	10.883779	26.449653	11.214271	28.798042	32.053068	11.594271	1.804257	45.396437	10.933402	47.113815	59.516876	1.256721	1.476722	90.233044	0.458355	25.169626	77.231832	14.373960	3.729777	15.124041	34.032467	108.576197	12.408358	6.059619	37.427739	77.727020	80.581688	22.750625	28.814070	48.105946	210.999016	8.514532	30.173190	27.253803	12.224251	19.574966	43.597059	73.377756	15.462120	25.016401	6.786566	34.247122	18.520236	7.025734	53.923153	2.634596	1.561827	2.945103	10.997822	18.363565	17.464679	74.500131	7.555613	 
10.296668	34.586943	98.604949	31.346621	33.921456	38.780443	24.270454	21.791983	12.467367	29.712673	38.606059	1.567649	28.341659	59.215763	17.038378	35.756002	18.160042	123.551389	59.800409	53.363325	6.097600	19.609579	5.671923	0.497085	65.684007	16.263044	60.086880	3.780787	69.716340	18.169353	7.334558	50.945876	12.629148	96.180526	149.231870	35.417066	32.626060	14.002436	8.217190	24.556331	77.120896	79.283202	2.268033	0.334688	94.030708	15.275789	2.569485	63.950743	11.597324	11.613165	83.281453	4.211753	96.737033	67.194729	19.343298	45.581586	32.258917	3.799948	8.151095	18.377295	34.260608	43.743891	9.464061	4.583729	31.462951	 
2.120466	40.485755	0.574063	12.044506	8.048937	14.565307	120.378456	97.628070	14.114485	52.803085	22.060109	65.751308	7.850839	44.813489	159.982900	28.971725	43.651924	39.137073	82.072440	31.815155	25.894536	67.411932	3.520237	35.557873	1.431289	9.573088	11.744106	28.781164	13.838225	79.680703	11.511404	92.998848	14.253288	4.486933	94.335280	5.377915	73.634353	35.492531	24.085994	2.290125	0.354414	45.843059	66.368030	3.529285	25.980884	26.983022	7.874342	55.508936	28.662972	51.717414	83.634913	30.238183	8.586438	61.196767	34.599617	37.972728	56.128380	18.085480	30.286116	25.768055	25.527444	10.118216	53.587418	0.859510	93.080860	 
179.326719	51.843904	4.246959	48.192220	52.976768	17.007797	44.276853	4.949100	151.706228	39.693657	8.744835	63.674448	1.723504	20.622048	52.118146	40.726902	31.664446	71.879092	106.377445	0.329132	33.289903	53.580219	4.671905	286.628578	183.654330	96.507156	22.742007	113.867681	101.991330	8.832790	120.854357	11.078811	14.799710	31.018034	16.989434	16.889400	16.418074	55.585820	41.880928	76.156004	39.400010	3.730655	32.136565	15.681799	3.142124	80.887620	42.303483	19.624842	2.136865	49.639378	293.769227	9.701280	36.043723	15.652332	17.350091	19.895134	23.164961	68.756224	5.855844	98.386481	24.540117	39.604482	10.476202	7.509182	26.413608	 
7.014950	9.614822	11.679963	8.799656	0.591037	64.909162	42.929384	12.169834	5.372452	7.649706	17.511550	67.360061	44.727498	1.138904	42.047166	36.121793	30.734500	41.389424	102.716759	2.479030	61.533244	19.670167	67.275405	45.484557	5.603584	17.081086	5.744756	56.669538	5.828698	22.451774	5.042555	25.156779	1.405115	65.294093	39.440723	13.556292	24.142605	40.484735	53.197836	129.782137	14.980942	21.066825	39.849076	15.553893	54.011470	40.429489	9.443696	41.467795	25.109354	88.390912	1.098634	15.934506	177.769850	104.954628	105.974303	155.956192	105.431844	18.681515	22.702328	5.100723	6.640444	52.267342	5.037440	0.914268	28.265912	 
25.510322	20.249808	3.483647	58.444027	31.283527	13.519987	35.422073	24.032160	102.323658	14.949161	17.435642	23.928487	45.913422	121.626318	46.557984	4.000067	126.170576	7.518600	30.542387	41.688786	10.978574	35.030812	10.151476	6.182775	37.959862	54.611421	59.181652	3.333306	28.470942	51.269962	156.161729	3.649382	40.110170	115.080651	25.078385	162.396869	6.652924	8.165256	44.264937	4.079477	77.899166	12.543581	21.981335	48.419204	28.479423	21.988697	34.409180	19.963009	35.626558	75.482398	0.351342	96.636175	38.573359	5.175424	41.965165	12.308266	9.312839	119.970923	15.147022	52.494484	166.588602	43.834184	24.984915	0.557407	167.159860	 
143.134755	1.012021	70.905737	13.884779	25.503191	60.356530	6.873953	7.243168	27.508169	35.348685	55.296877	36.109558	8.530329	22.655476	33.918956	15.282281	34.216585	76.798451	8.473447	7.936124	9.449940	60.235891	1.105663	60.870883	12.372504	32.501987	63.593668	14.070866	73.148509	9.665438	110.831517	70.019107	4.656821	70.006105	28.374162	5.640668	27.814566	26.083237	10.508081	96.407274	12.256309	66.803834	8.085343	1.041056	8.177613	52.817768	132.351215	3.853375	23.368035	5.832835	3.071047	6.099999	93.712454	38.475396	47.535560	95.885904	28.908329	19.315409	44.157404	7.935429	32.213768	20.916493	13.386603	79.033808	25.615334	 
58.204600	87.107002	28.311813	16.796675	7.961580	16.388060	53.769499	24.435787	11.779328	66.378945	51.828043	73.841670	26.620880	18.510807	31.208404	159.303975	18.006453	15.095599	101.940283	10.091978	44.283117	2.301362	4.415820	2.095333	82.194063	45.268000	15.338001	6.007478	15.691622	2.843492	40.875955	16.193850	18.864102	14.820980	7.149884	88.901001	1.082438	93.815648	91.570519	86.653200	3.566313	6.914369	14.356883	6.915804	15.061057	44.605336	28.206914	6.922860	24.650190	34.525773	135.304827	107.925620	27.420183	43.200746	1.176977	123.579079	9.063884	71.684260	96.767679	55.030287	42.490435	6.135867	49.694959	35.946288	0.942648	 
30.230799	2.780509	12.580828	5.077392	89.798014	51.445623	5.182480	141.199319	67.933788	26.482855	13.463523	86.598374	3.265091	16.606079	0.832296	65.708373	16.989059	60.662262	37.659141	19.073531	55.121173	1.577319	12.662194	146.038734	35.357352	6.369392	15.381057	25.947391	27.558978	11.130074	18.195495	9.756343	61.584820	21.920671	11.365537	46.200298	22.254854	53.948738	2.562661	87.778447	20.267578	7.388750	32.380717	17.736779	201.617004	3.025319	73.491359	20.233845	19.292693	26.355586	10.046653	3.926214	28.296361	49.701289	32.917853	114.426963	99.641449	46.963786	0.880088	7.191219	84.754981	4.985219	10.033734	72.089866	18.882582	 
35.259458	21.319289	210.822422	3.861405	107.701884	29.840045	6.648878	21.414034	78.141606	3.392930	14.810817	31.950118	14.715519	9.720961	29.904313	18.573728	53.917211	62.524776	99.954342	25.938732	5.500567	52.883473	102.849739	0.525208	20.542841	28.970673	53.573107	111.255646	39.891034	55.571575	131.669889	55.952551	25.975577	10.189514	3.989651	0.946195	22.868557	62.233334	39.657191	10.139334	12.060465	98.707616	112.624094	63.155856	7.984318	5.426806	49.810169	38.489325	12.202041	82.180684	19.350443	33.331012	5.301683	4.286341	23.356214	135.239617	15.134569	10.116279	115.112659	64.924051	4.314476	78.837942	71.826211	67.389506	34.846960	 
19.220980	34.839128	20.052999	147.332104	197.368614	41.449760	28.244224	49.157948	55.180708	34.086953	31.132960	48.165350	14.595289	81.143320	76.429928	4.419228	7.822399	15.553187	23.370946	258.758648	9.115682	6.842365	110.601624	14.986361	24.280609	16.451187	95.866466	54.081033	11.948413	61.627695	24.930827	43.223857	0.117858	15.240939	76.266873	62.942662	5.581251	3.486404	83.326211	79.323140	21.322922	53.971249	71.541084	31.481078	37.958030	5.890052	9.777346	7.166519	83.226016	31.620951	41.510189	4.201526	119.911797	81.528453	3.624809	51.302870	0.291650	25.849832	77.106331	29.208660	10.893244	27.378112	89.904514	24.874828	16.127943	 
14.231656	44.458221	22.405930	31.502117	64.501898	54.661336	23.872729	100.731751	153.758787	21.812100	73.371817	84.817374	82.614947	32.037349	0.226341	31.508574	7.663396	5.354205	57.294497	18.431258	34.939246	124.956260	46.913198	24.200450	59.017504	17.587701	27.932413	27.509225	1.325219	1.905004	5.091238	2.891899	49.107474	84.941359	10.787090	80.616120	103.199152	5.536637	0.793710	26.440217	38.438208	25.654217	43.962042	48.368739	37.934303	91.821193	68.128904	50.941283	15.167970	23.900606	42.599130	26.132138	123.192564	41.843486	59.268123	32.219924	104.253215	14.249069	1.773798	1.337743	42.357372	168.369344	31.110553	24.475746	27.109877	 
2.799292	27.748106	11.346862	20.849230	51.386077	70.571879	97.616480	37.870598	109.824708	39.621873	52.930645	75.955690	29.061349	33.796592	4.661032	43.364299	82.744426	24.651038	21.113389	31.530480	88.370191	40.507145	32.419218	10.787663	81.726546	220.435954	43.723085	4.654687	62.567623	26.436549	9.050203	36.651112	4.803036	19.533938	57.263163	137.196131	2.915742	39.882394	0.003114	12.528870	63.752496	0.364095	24.999383	1.307458	52.607358	107.236358	22.929282	27.695822	46.605603	36.911282	13.958606	34.469863	86.671936	17.735300	30.031518	17.574593	58.782563	4.327008	18.788083	72.026599	62.472708	59.843243	49.652611	98.708814	7.187076	 
6.876175	7.141864	0.599330	1.860336	28.813691	0.348271	101.108764	24.541624	4.125008	59.152899	32.427712	16.881696	41.869961	17.075074	80.159200	3.486983	0.840478	104.708385	1.543097	16.595524	105.864919	111.126239	42.576546	89.895907	50.111715	6.413334	17.477428	67.404922	35.401526	6.913837	62.228141	37.329922	60.850616	16.115658	20.510050	11.350468	110.091612	38.721341	61.886851	10.497781	50.093921	94.582647	71.250616	31.076404	73.409668	1.217807	6.338825	16.795363	96.826151	2.717709	24.819379	9.041706	28.262533	34.408392	31.647082	60.896452	20.479802	63.758434	12.733401	6.369714	81.104795	3.670354	2.521245	60.459321	21.439601	 
7.284622	75.199570	46.372756	6.721423	27.088839	28.262219	86.780293	18.645061	4.364104	71.802790	4.272503	18.434910	48.813048	133.647427	40.543810	6.120040	13.105660	2.097632	30.921482	199.391779	89.502119	17.073958	88.429314	32.160562	0.490510	2.898214	7.411523	194.573381	16.565997	28.677109	43.285361	39.284752	17.092696	93.817304	5.125183	13.409224	31.929562	6.936060	39.789855	16.416398	20.533962	86.133650	74.131675	4.541548	11.200159	13.469327	31.704909	11.972978	61.844463	85.944214	4.237746	45.110273	35.198239	7.772737	20.253073	22.062116	6.765908	15.565496	64.339584	18.337965	35.427339	22.824658	77.147358	7.992320	34.276702	 
59.135020	4.833382	83.326073	128.689072	12.838281	239.551712	0.837301	28.942022	23.977336	44.617094	36.700395	46.009391	117.959627	16.959403	10.192324	14.109771	18.087497	127.434685	10.172647	4.699060	7.984650	47.627374	2.122510	10.266404	6.375355	99.755561	30.988514	15.217003	47.722142	0.874077	19.781823	8.522098	74.688620	37.472194	17.805472	3.696667	13.105524	60.964099	16.820017	30.141782	86.880419	15.575539	12.066014	27.621484	12.696190	17.311758	2.593274	15.977460	21.983645	27.772676	53.215973	17.078842	69.675994	3.103679	38.792557	69.605043	78.002800	86.018255	6.031064	48.987885	59.522838	13.758888	107.826882	5.685467	43.251124	 
24.118031	82.063651	6.775654	80.610492	13.061269	9.811950	1.617171	3.456432	11.948197	9.641469	58.081491	9.030389	47.639219	20.327144	66.807784	21.699323	22.268837	27.426083	2.051662	120.466519	29.597318	187.262100	42.842195	4.695590	91.399721	11.766929	1.154681	307.234753	37.353076	24.650861	18.296228	13.875826	162.464555	8.837978	9.244458	1.686611	26.931453	55.767809	31.696807	2.413862	83.325939	2.560873	15.560940	6.742698	21.730887	26.665956	36.490257	23.068531	2.543628	6.204070	17.533422	10.062323	7.345193	192.886289	9.349414	34.658436	128.799910	16.522459	27.067126	18.556713	61.015698	20.363435	29.696483	26.761201	3.897794	 
29.377235	9.419052	0.975080	35.315209	19.524024	80.700783	40.576479	51.615035	9.807872	34.924080	39.048918	9.421683	16.647074	71.491093	33.143626	18.761280	35.824909	49.127572	3.844377	10.541089	69.945708	2.516966	48.697004	7.688509	69.606520	5.415314	5.384184	4.731980	47.062518	25.916775	6.676101	2.432746	65.694342	22.605008	22.821397	308.012602	9.529112	45.897738	4.839440	46.449693	70.622324	7.716481	1.759391	12.419333	41.494283	3.947293	52.017463	176.053738	39.289502	39.325751	20.950048	26.043211	34.292883	31.068329	0.923523	56.149076	6.863767	20.165690	13.678892	6.533141	173.652863	131.120086	39.895791	40.560076	53.494566	 
26.256988	3.557887	5.637233	16.400084	13.301819	17.104667	11.531160	12.529460	53.931129	28.893676	35.521262	19.611229	427.466303	75.090580	38.616091	16.868748	74.214445	57.937060	11.032933	98.685030	32.586609	21.921594	28.766701	87.717593	1.842174	28.803870	83.511316	2.549047	7.340001	55.668473	31.293029	30.002895	119.442484	27.815427	24.485232	4.409882	25.252974	4.165580	15.593801	33.381937	102.394913	44.925848	6.376595	121.485057	5.324822	13.905978	14.921505	134.573161	23.373582	86.047661	78.490574	7.544994	33.504123	17.049646	48.931450	34.280245	89.052200	84.410944	45.026139	5.406260	88.215864	159.008434	9.243324	16.000532	48.554549	 
39.793871	2.826410	60.602812	6.143906	92.300963	16.993820	50.446173	28.888246	17.216324	9.616900	21.358599	16.847161	5.858514	167.513024	2.610390	29.089301	1.810113	13.390473	12.475556	108.559158	9.453215	55.789882	11.978656	19.298653	123.679157	30.046599	32.986226	66.336804	37.766446	38.110142	117.644980	10.423506	41.861266	52.192747	2.426076	7.579315	1.557484	67.878561	174.085083	15.972529	3.903432	20.680205	10.082846	37.089353	1.101434	0.453111	12.835967	21.208406	3.560223	16.863382	41.016364	32.181667	17.806515	28.021623	20.566367	22.121785	66.089526	29.056401	51.477223	8.148173	0.984938	17.737375	56.549719	37.688941	5.813604	 
14.021120	145.415358	77.013315	3.317680	24.835021	109.055021	7.817695	47.799327	15.076624	1.737593	57.448506	108.005468	25.615895	0.499476	51.212852	23.281848	45.528488	17.570218	61.403602	23.516846	1.857181	19.486950	9.570192	15.660284	20.035456	2.673735	18.734851	3.310384	3.317367	2.753992	8.556630	16.495733	7.143360	29.942943	47.324247	33.848687	36.008052	26.093816	90.385046	27.804875	18.142836	12.734570	39.692478	69.144112	24.504669	32.229644	2.613338	71.065057	135.783427	27.483705	100.398480	7.197109	106.825474	9.865885	132.000381	8.166433	21.970403	89.724925	31.100611	3.639192	17.723447	128.418779	5.248781	5.395495	5.125810	 
57.584600	75.797189	1.260630	13.242404	7.878972	2.147341	70.994409	41.938506	1.121890	6.877069	30.544656	49.107114	36.174738	161.133926	40.100237	0.712760	52.259709	68.692403	20.924184	14.038653	15.802480	54.309587	169.272629	30.742176	19.347978	37.616635	60.528142	50.423571	74.143469	16.063338	7.617874	39.366977	46.278506	71.384682	16.106797	51.721327	11.422359	27.456335	32.954704	7.751368	64.814739	75.823561	157.517315	9.939986	14.137468	57.712879	50.204864	3.584936	6.728835	56.048685	10.880530	11.113439	6.007971	36.248126	49.132543	17.564071	8.143763	69.173513	60.985101	7.764662	10.819252	12.176746	7.637896	94.998384	16.436578	 
57.457177	31.408209	86.757677	45.417356	4.839408	44.731604	83.694980	3.114174	22.848230	82.214182	76.522835	0.946959	21.003096	108.580675	138.540904	18.713528	11.029215	40.426898	81.618200	29.897578	6.057765	48.150517	24.174393	25.023274	61.019748	11.586117	24.847773	23.963389	25.099064	80.656278	23.581293	16.655996	21.884733	10.803110	91.542119	11.884275	7.376923	13.101639	2.180722	55.989693	86.507283	61.154976	29.926303	19.792695	21.950228	157.144178	18.284918	64.922485	1.129192	34.037646	3.991603	17.026685	15.676146	37.664272	12.760236	20.891692	39.734117	17.144619	23.774750	22.612650	73.713279	44.883938	1.473536	130.221755	46.449650	 
8.555719	5.896176	11.465502	14.418661	3.424771	14.007181	50.927184	4.692476	27.271037	74.710945	45.300061	4.681883	35.912777	6.376663	10.392048	3.118596	5.213427	5.330827	87.167328	65.251024	29.859518	58.269583	28.965168	4.733008	42.041290	277.960068	71.669407	74.027542	20.523749	37.607073	45.021183	36.908131	19.467045	11.779861	88.378832	47.055411	90.646707	21.161605	2.510365	21.225579	6.398131	14.754144	87.541566	33.345809	160.511251	44.198194	39.933717	9.709186	24.993202	5.819750	27.871447	4.974344	12.377602	92.777606	5.037068	19.256377	5.463769	35.170601	135.304195	7.301310	10.698783	39.406610	2.628637	112.935488	79.671820	 
9.451568	33.190687	2.780499	29.518753	65.759843	244.375860	15.959514	3.925915	63.682485	6.261235	19.244302	23.152815	31.218131	29.185884	14.526750	22.639357	64.982302	82.074868	32.587427	45.339154	25.139585	94.436606	8.878490	44.603463	4.061893	12.762933	120.027680	84.499436	6.807643	79.142008	2.865098	32.913697	15.724978	36.213505	75.918190	45.273192	58.569613	90.486465	30.831995	23.275080	156.165141	10.851895	22.805335	151.741386	207.535724	4.532129	76.246320	10.357635	0.829681	123.414945	1.762496	62.959683	9.578777	224.858553	35.212092	61.167494	28.747456	31.471666	2.120709	51.446154	20.106769	89.520385	11.873653	42.425674	0.765982	 
25.918468	11.602847	34.421576	1.812349	22.409700	114.288722	17.176768	48.968821	90.920144	62.290400	2.860243	7.182714	23.362281	151.083605	17.148191	6.756791	2.020334	0.746918	33.405336	55.515670	1.004948	61.899928	89.525332	13.142010	3.825153	124.321283	78.335524	40.196251	147.368981	43.185773	12.218493	8.284727	25.503605	142.338230	91.299696	100.173037	63.807771	217.875242	71.009688	23.669237	41.593093	5.656169	102.441346	37.215972	24.672914	107.139516	5.276212	82.634765	1.179296	9.605544	4.312338	2.141304	3.265763	26.234203	5.782102	2.609893	39.139276	28.075182	76.640048	2.137052	32.501901	4.848194	40.735315	5.051243	35.430655	 
13.344733	29.749614	2.815704	66.855535	3.589639	7.471629	58.094540	51.362371	15.812655	22.769398	39.915548	57.645640	26.321133	31.150291	28.078569	15.952125	3.680976	24.981135	31.303398	35.376917	24.397128	5.079582	23.795940	22.580081	34.785428	14.616726	49.056027	52.157440	9.155016	7.925927	18.446441	25.916461	21.367735	78.740920	17.053894	23.137819	41.303148	23.045479	59.437515	80.813761	12.676451	35.895701	27.370466	30.878512	87.652451	10.320795	6.765736	36.410039	0.388060	32.110418	33.876471	13.934672	6.221562	11.413192	40.681944	34.361298	71.666844	34.083014	7.846559	110.340312	59.106290	57.342157	3.206535	165.235874	23.987974	 
56.810891	2.508021	59.156627	12.043592	7.480303	2.754093	31.338125	35.683837	11.216745	30.075614	137.351110	49.173312	36.365974	2.338225	94.423868	11.635425	310.232954	89.985450	12.569841	5.784261	56.648936	2.418270	25.024332	81.167274	30.213236	15.758035	18.750469	49.077720	147.875212	5.063610	74.664624	61.834866	5.540040	31.977651	4.885358	34.127667	151.326433	5.779431	39.840277	8.720146	63.435491	48.703381	113.563817	27.872049	14.317142	12.932160	30.175275	4.005102	30.172559	16.807592	23.607997	154.351597	26.945889	1.478275	46.756680	43.968083	37.031636	27.772080	46.630778	156.709165	34.601220	108.734500	24.762139	6.348732	8.338930	 
37.915200	243.903755	74.749107	58.199795	42.515213	31.711564	34.729916	19.033347	167.391687	46.609698	84.589038	10.093719	21.951674	15.487713	39.940726	53.598152	20.358215	62.497667	3.375212	48.031622	33.668681	59.474083	45.720014	62.490066	69.592074	97.304449	22.638391	18.011455	5.537710	54.145052	31.525014	21.133024	11.257018	57.084663	20.562333	18.049398	20.236741	135.386008	84.277039	6.907111	3.384434	20.348822	9.817041	84.605799	11.928135	20.614515	13.384239	22.693951	49.800292	48.547185	151.716079	13.223470	29.807085	4.150605	2.015954	10.517528	14.332915	47.646561	99.124737	96.390172	47.558554	112.109315	4.621982	47.661168	3.644712	 
40.661358	74.415258	25.202907	9.398288	20.895834	30.244714	80.820190	42.122956	0.667539	23.028252	33.176165	23.375831	113.177743	74.747835	32.087479	53.191764	5.539058	38.830667	19.071283	44.976647	1.674841	134.381980	41.457359	39.291133	14.918220	69.238263	16.821533	111.322188	97.290157	5.879753	14.414434	9.551353	18.997703	56.681628	32.127724	52.600769	136.417730	8.028134	42.289712	21.879116	67.060722	17.616900	61.733783	134.427313	22.280899	89.822361	23.684804	9.124863	36.913095	7.347685	10.215823	14.294818	95.966928	28.241788	21.557695	19.942457	55.314675	1.737824	56.317681	14.944656	33.185134	42.828557	50.011532	1.413531	6.452814	 
101.839690	74.950098	23.797000	184.438932	14.415958	105.858137	19.240517	135.493982	53.724433	16.759995	37.645619	36.354125	17.282695	43.068168	65.334271	131.585209	32.497743	12.446025	29.208496	50.464831	55.729380	2.697315	42.210079	10.615142	4.939837	143.951099	72.506953	6.303610	0.720156	25.256455	19.373968	4.968159	32.691781	59.059394	40.222682	22.246239	5.157286	9.555005	10.482173	70.194950	22.117101	50.667353	70.517290	11.688684	96.687369	8.979240	8.596605	39.319812	70.848607	46.805009	30.145476	60.907612	26.585163	12.454565	12.209298	56.142849	10.354327	17.675687	72.337353	27.724427	67.375402	4.821541	33.865368	3.825350	14.593191	 
15.188943	41.858134	28.210572	8.144591	13.369677	11.258192	14.584464	5.926105	33.309964	59.530595	17.107132	14.885079	20.549248	49.532335	91.514814	85.557381	72.960923	25.390583	53.618978	80.188772	9.880587	0.531597	64.964016	19.999475	4.008257	2.575051	10.792298	0.465403	27.156617	46.807923	31.865611	26.574313	110.103471	14.308389	44.141257	159.606835	68.643243	5.329322	62.440746	64.078411	62.575180	13.478198	142.820017	91.384279	9.832757	28.014561	73.957764	31.061753	63.926730	20.810430	29.211641	17.662549	50.430234	0.705875	5.436648	58.436956	19.939793	1.490770	92.432701	23.360357	24.162618	43.667273	16.450253	30.814679	50.806559	 
35.560250	20.105494	77.039289	65.788227	3.483734	34.721825	75.101799	23.379380	21.515595	6.324382	37.993306	20.797677	76.635546	95.981162	13.006074	31.684538	36.458021	63.214608	13.932942	4.950834	29.683056	264.688461	63.258950	37.333540	14.174013	39.565297	53.102345	5.954262	36.768214	23.758423	19.859809	16.651942	83.332773	19.561636	60.291956	4.550246	3.441998	25.371633	21.814498	39.686389	103.633961	8.685931	4.864582	33.638991	133.123449	128.370346	107.869850	115.320416	39.477968	161.012084	28.090336	14.138977	75.173253	63.262264	48.532313	26.707675	11.557288	4.368576	2.700575	62.412531	13.309907	32.864920	61.595676	78.360220	71.079214	 
38.682698	43.992939	2.652690	69.511510	9.807024	109.952965	73.405822	29.224441	48.817079	9.570548	115.585038	2.342504	26.082774	31.910266	46.201289	27.788899	12.810698	99.358032	68.535797	15.230727	114.394675	42.954329	64.064630	9.059355	24.253876	40.209277	11.232002	56.873053	72.843740	0.250054	19.311424	3.382214	5.718877	18.843059	1.171236	6.114787	58.323421	32.366276	7.891753	20.256243	46.738918	18.768505	65.493706	83.204157	118.376036	15.308012	29.252276	11.309993	37.678643	46.348300	2.404847	40.950526	16.378137	4.119250	49.830132	131.910005	20.893512	53.125876	49.253653	24.655198	25.725891	32.482760	54.324364	9.785879	119.332875	 
27.155864	28.090271	16.532151	110.081558	48.210513	31.950623	210.516995	44.420402	43.225587	52.568466	30.295035	1.642520	35.965066	28.672830	41.244465	82.725085	25.624989	9.730444	39.265945	32.263373	10.239129	121.422406	43.740705	255.962949	7.431768	19.359603	34.044993	15.271364	13.062395	107.444804	11.687070	48.769790	12.648288	5.353223	40.475375	8.043295	22.673403	88.987127	79.882022	31.389006	53.450494	34.036199	12.096893	69.779342	53.445362	52.732885	67.632508	138.389193	83.408238	28.850101	8.417573	0.584890	6.262105	125.024330	20.458467	4.835562	17.586535	34.167278	172.723102	6.771240	10.528189	4.294444	0.646873	20.981467	73.885499	 
110.397720	46.911547	5.842333	41.502357	63.643801	248.747487	18.724063	14.082927	26.588069	35.734157	8.593187	0.708486	50.176655	9.418115	9.914023	36.012685	45.009320	9.610995	71.027417	14.857403	73.897762	38.589067	135.405318	65.305533	12.408755	83.112356	4.539467	11.590119	13.729682	24.660661	6.918529	10.466395	9.273125	138.420002	11.454020	5.650714	69.139951	32.967592	42.460140	22.482065	6.000843	17.549936	2.493007	58.737944	8.603600	35.046729	49.473961	83.767261	0.894310	121.570145	75.446022	46.773207	122.066805	71.657973	56.291108	19.889795	17.912290	21.643644	8.438028	69.603394	18.278584	7.544112	32.263431	4.237202	31.160875	 
59.347327	53.519473	3.899282	45.851629	74.179371	18.957521	4.706321	20.650735	65.773789	14.959695	22.528364	9.576143	35.149316	21.135248	12.109231	53.064579	135.170084	85.526406	48.295673	23.329885	40.050340	5.855853	54.370555	66.906452	24.556457	48.727726	0.854766	80.604581	45.053490	16.331938	32.019925	34.569548	42.887962	44.993238	45.367728	16.404552	21.561888	60.817096	72.867153	40.188600	156.698523	87.328449	25.350153	38.282043	70.459950	44.578086	26.576003	40.095205	14.336259	16.359076	52.583018	12.093943	20.428745	6.617053	12.375235	13.464718	19.081633	5.805438	46.632684	6.709483	24.544752	12.222761	6.036726	159.071015	114.212375	 
40.601236	2.074111	7.936959	36.579206	54.600045	9.001066	53.450058	36.708924	12.505888	6.898860	18.878434	10.725294	16.988214	30.531813	27.795727	5.325016	116.777347	32.457396	44.907448	27.038102	6.834678	29.152254	20.045014	3.038640	74.195126	65.183530	6.967184	3.644766	27.529781	4.678296	90.273645	15.070109	190.378063	48.591205	7.695445	7.592514	113.326468	12.141801	108.482312	2.134279	26.606731	9.614487	78.929076	85.891774	72.047127	14.356014	30.696838	11.964668	113.248894	46.691908	18.694617	53.366233	19.419969	7.394107	18.708023	79.708320	42.583916	22.200160	15.549110	85.648681	12.053559	7.021341	60.094874	2.602488	14.281947	 
15.598239	18.242104	33.581649	19.403250	12.472893	0.748925	40.249225	62.115058	29.967096	74.245459	35.549600	4.851633	100.617801	202.934650	2.220620	18.065690	177.485485	15.257489	3.322411	59.529193	22.440925	43.959739	20.128687	4.576631	25.043142	6.616134	13.144264	61.967458	86.494482	20.284341	83.004845	3.422258	9.204426	17.881768	49.132733	107.638988	27.471953	33.343353	20.634202	14.568866	25.552736	40.761898	0.382582	7.151972	38.157493	51.066104	58.507325	83.341224	62.746094	8.952106	8.178179	65.665137	35.378225	72.198593	3.945004	48.312713	146.000023	127.883312	86.026614	4.745804	6.832911	70.294762	100.488366	21.557640	40.731743	