64
0.000000	6.044938	23.994256	42.541235	72.118962	111.938645	157.918434	55.963050	58.085836	83.457670	15.194790	20.167457	139.553487	8.762471	126.026992	2.478969	11.975526	2.132258	11.097465	95.145733	12.331046	73.722161	14.936361	9.942225	3.325589	21.724822	37.195728	5.290071	13.127336	9.986623	18.344548	79.749391	36.798746	78.676699	45.765786	2.154257	165.759357	33.649857	13.342111	38.736610	48.474790	45.730302	6.824099	19.748058	0.557842	15.944050	56.877442	18.849909	4.759753	25.208420	1.104007	3.673500	10.463152	12.982586	4.576749	116.319530	55.001437	77.502050	80.929690	4.306410	22.675908	120.626422	83.377107	2.269764	3.610231	 
19.272604	0.668868	55.613604	110.152731	64.496586	3.453559	12.838554	18.182838	24.608355	6.816182	82.164041	39.690428	25.522955	45.077394	21.137359	66.713888	10.218417	32.506114	87.089949	44.027368	73.345364	9.617062	11.672917	77.383992	20.089927	24.856202	40.841152	4.870991	10.536771	58.008961	21.926191	33.601291	4.218096	148.515514	14.294234	5.545215	13.531591	7.678592	11.865096	12.549971	9.861894	30.707936	17.379049	51.960826	80.105178	1.196889	57.435094	33.117090	3.668968	33.390577	43.097142	93.907116	20.443733	132.096361	47.864515	9.479120	39.566525	15.056709	2.926825	26.691621	138.783373	62.689078	44.276253	22.705310	12.327064	 
72.317832	4.925523	12.470127	3.079263	21.669215	6.190163	71.992045	6.115529	24.602637	11.540682	81.388699	90.633004	10.849023	70.533837	6.710070	50.363905	25.030986	35.943808	4.470644	2.831910	10.829716	19.924728	26.929511	12.054233	7.938775	28.606174	85.978938	8.913671	18.002242	24.526540	4.784977	10.511002	25.028489	20.204194	3.536003	7.715580	25.447708	31.762755	2.105431	2.324133	23.852941	57.760250	18.499583	28.883050	28.411683	3.059763	18.224857	3.579011	173.849485	17.905651	156.392368	14.009848	72.720856	33.584919	12.071818	11.926288	15.726097	30.525378	18.169786	35.716036	3.133776	134.258580	13.499291	17.776285	13.930372	 
125.730678	6.707487	114.708132	17.703803	92.703516	49.536624	29.120033	64.710766	36.581452	55.034286	61.395488	22.310241	32.816497	1.868592	57.608581	64.373345	51.730053	126.387316	5.507045	100.523250	2.232181	30.324390	5.065223	10.556732	98.226115	12.567701	20.892899	6.908532	20.588152	58.267521	99.128210	34.593741	36.948295	6.747607	4.123328	35.079085	93.682956	25.054025	41.730578	8.938076	24.320217	26.239392	78.828365	62.994650	4.825718	30.473801	49.672559	23.413280	7.250909	119.478351	1.661654	23.958451	20.993226	8.534244	35.276375	45.253016	30.158124	11.065230	58.105020	30.500155	249.579271	10.009306	13.458170	8.323368	23.257210	 
4.935039	140.835056	95.220817	140.330540	4.232136	6.013069	33.854008	20.684515	7.882261	84.499813	24.259898	31.523275	126.390460	6.302043	30.786303	9.145413	114.370931	52.900284	36.082866	67.689546	2.878995	116.824049	17.906928	11.757300	10.547904	0.490954	73.423092	38.155475	41.199837	72.651524	68.677749	12.217654	21.077937	45.111500	35.433379	13.510591	38.061276	31.367618	15.597466	11.571304	5.242478	47.663869	72.592276	10.210564	42.343394	101.816946	64.718805	20.610704	74.340379	20.167360	6.927198	22.737651	36.618299	69.380760	6.033818	6.764516	75.132626	19.055359	22.763277	9.523164	130.066363	25.519620	40.259532	15.639577	45.461512	 
35.166848	1.629149	20.591486	3.710532	12.404945	8.652568	0.610568	8.104126	29.834624	32.080317	91.145379	171.983674	67.879702	46.488584	2.460997	38.798495	23.846969	30.057081	27.536276	146.499494	86.015959	1.472760	71.759252	22.549199	7.648754	20.221785	12.619924	18.322500	89.389629	35.705967	19.000961	114.689143	90.644394	71.700935	1.331482	72.161356	9.186820	1.768670	24.005143	29.246738	211.205277	8.622084	7.161259	48.600847	34.529892	13.167656	0.394341	34.108109	12.978410	59.987263	11.794945	6.340908	190.733445	43.045164	35.929157	17.089913	55.356632	76.606261	50.120242	12.700668	26.022396	63.688925	32.896476	15.640862	48.763458	 
60.521165	4.915735	85.141537	9.553190	108.342546	51.216490	11.215928	13.073971	2.118753	96.766251	39.132133	38.325495	88.535281	2.645487	113.029122	8.305325	26.733375	60.704073	5.530692	79.198859	2.268930	24.212087	33.735195	58.874615	127.592873	8.621804	14.667578	56.634166	20.994644	41.323004	71.765243	39.344329	11.902082	34.338529	115.217018	9.501539	3.022944	12.838957	12.434981	104.421022	7.399417	9.922675	32.237692	29.662417	21.969846	117.739779	35.395437	7.253620	107.484046	19.120524	122.999181	0.795247	6.162194	11.544950	13.036258	4.626052	62.723852	19.971065	17.396365	15.634160	23.340603	8.184638	36.682026	46.507609	76.785853	 
107.425474	34.036419	12.895009	15.962851	22.242009	24.840286	1.800908	16.181127	22.944548	102.757311	24.210437	61.216736	104.284982	3.416816	9.496126	1.790529	2.801884	35.968142	14.263954	41.486534	21.466400	52.623237	33.324935	31.305692	1.816442	68.146407	58.092535	82.492345	47.318446	19.507011	33.039497	34.291780	44.873859	81.273305	105.986098	23.067859	29.698464	46.211040	12.105513	109.594888	38.342577	22.274584	48.696209	25.347864	8.159391	52.276297	6.556884	48.482346	1.597684	129.009053	0.732741	17.508462	15.233356	32.663791	78.042527	115.169530	11.749571	30.517081	0.841963	50.629425	54.731213	28.420037	31.472928	21.248951	32.156359	 
53.266026	39.828818	14.558539	90.201708	21.327261	151.389015	7.395860	5.798983	0.641024	4.478181	25.083291	85.348457	5.068983	28.104433	23.710053	34.681762	20.187547	44.095585	42.544228	173.348788	31.318790	66.613564	34.899789	12.937037	40.015805	166.268236	21.375289	44.725730	36.074039	45.918913	85.899197	99.791053	40.601178	34.794721	123.047752	59.546629	117.490566	6.275390	90.891528	21.050015	25.502301	5.138103	69.370829	69.220311	4.654592	246.817919	91.642583	8.512114	105.433055	15.403854	38.991021	65.651592	3.651134	21.391686	84.657519	6.918811	40.105953	74.263818	53.104815	23.811393	34.010178	74.571069	107.958320	25.376500	4.188793	 
43.175168	22.431998	22.539473	65.691941	31.852885	119.123233	41.748364	20.922740	70.046958	1.066595	9.622042	134.250453	54.199643	18.485304	23.583762	3.187017	41.782981	30.424980	37.212720	11.026070	54.609679	3.789242	8.468955	7.836731	97.031433	61.560814	227.187463	0.533298	45.204281	9.812827	28.480817	16.852552	19.185534	97.675916	30.712971	3.611983	54.924593	45.541621	3.710535	15.022078	2.883691	34.665769	90.051166	8.111095	38.333956	167.959529	99.314299	131.478264	84.111144	66.471474	21.230767	7.329802	1.484815	139.917439	43.588477	0.352910	9.044766	8.777113	19.059456	79.031413	30.496576	90.405925	63.601100	124.857676	15.122666	 
86.896275	0.259040	17.083102	17.928410	33.854516	31.834713	7.926102	33.075266	56.685623	51.994796	18.739916	3.024995	45.174411	124.231979	26.877582	89.840960	38.514003	4.453830	60.292290	99.791927	15.089187	5.949166	6.225629	67.942969	49.888435	12.546878	27.174868	1.331598	46.725351	218.798713	28.721483	26.582368	44.929862	52.706324	150.134445	78.805261	61.106058	26.783139	16.489234	34.985652	21.784387	11.263350	6.112584	6.144674	3.397867	1.069164	9.209380	54.896217	16.370027	59.101449	13.579440	16.515905	20.068328	21.097911	88.994921	54.838599	3.409397	5.869121	19.071080	3.690475	43.101585	19.531063	82.141930	21.453933	151.981342	 
14.183885	10.174740	9.073653	42.447416	10.101266	18.299009	22.983110	22.989270	42.594360	9.466444	3.376359	29.443656	73.136221	13.534929	16.595962	115.212501	51.667875	48.909116	37.601148	35.420788	71.975894	12.944542	102.250167	35.245540	17.588268	14.116452	94.363160	79.477834	36.895890	120.602397	32.865820	2.936686	47.708083	123.861936	22.451643	57.260074	53.633450	10.000488	13.285812	22.114100	11.193743	3.590386	99.292763	12.513633	2.214172	73.128989	9.240945	16.916640	0.306298	71.023685	14.062414	136.225015	66.737698	33.010848	29.206843	4.296990	6.292072	6.624318	70.219422	29.249610	26.974269	88.585920	12.476933	109.033272	5.133886	 
5.818629	26.038089	109.826009	48.178877	176.057337	25.466222	2.687133	43.395463	61.764736	2.970941	82.905219	102.697565	8.397115	26.979666	23.990299	6.289612	19.765145	84.144376	32.135629	31.510234	107.448242	13.558382	23.793033	0.902539	31.981030	3.017344	21.118031	5.375649	5.649424	22.264725	16.419377	42.135509	3.555009	66.513935	6.889539	11.459863	122.860865	50.924144	55.277494	65.691607	36.176866	78.768081	21.409850	74.839566	2.972274	0.202466	31.204454	8.846127	6.888149	73.137025	36.607086	32.485843	13.046405	50.798418	22.157975	6.041423	41.188818	9.732397	58.130363	139.891270	57.210478	26.174228	71.709792	18.268726	43.800447	 
55.812900	13.779954	11.308922	71.026094	14.117023	1.156999	61.316015	10.011304	92.344076	2.877664	106.766657	24.360174	42.054270	4.562507	3.995926	73.542980	25.815774	8.155055	0.742895	26.029883	39.918600	65.839037	2.942399	159.021883	47.816309	121.511930	57.555442	13.614729	57.852126	6.355425	7.266346	17.975225	30.535484	0.477286	4.601093	128.706430	19.407547	48.280468	68.486989	30.602957	19.002319	12.210739	92.547923	18.328359	22.069493	34.381078	40.737472	59.487269	37.426319	35.327653	122.860917	202.762750	25.132203	15.176971	6.633737	144.347046	53.239850	16.163378	56.669286	81.882242	41.380617	8.175960	14.550162	41.374740	82.821493	 
34.105793	40.676921	13.895265	27.949127	3.375878	18.368927	28.979533	99.345988	40.880249	120.884693	7.523506	51.478171	23.191665	17.321432	16.921009	141.392655	49.122244	231.402176	44.142741	9.096890	56.815827	38.963582	171.426137	29.264697	16.657229	11.963525	4.383127	24.753627	85.539824	18.327793	53.804788	18.699559	0.941995	17.245297	2.838876	78.318362	101.042195	38.527351	24.375592	1.473058	56.431764	16.363703	63.779948	4.383942	144.170587	103.034404	67.422263	31.129356	56.642549	6.598787	19.344906	15.453759	7.940504	29.712498	19.935333	29.501228	281.554411	25.169064	21.107259	4.037389	82.319595	52.945059	19.646943	35.196595	3.793327	 
62.098523	9.514133	2.703691	68.669310	6.199059	5.160591	62.778565	2.523404	1.904498	7.569914	38.773097	15.953747	5.436335	48.879488	150.797730	6.648541	4.536243	47.628651	2.338918	70.893824	38.255471	0.722356	41.456015	13.046367	82.135027	73.917436	116.722804	128.297741	12.617863	31.216584	40.402008	46.911472	122.513501	34.990918	56.801645	4.987836	119.194807	34.791271	5.285243	39.820402	41.364233	212.180218	12.886836	36.648520	49.447488	87.971914	24.172862	34.057240	5.912951	19.793950	38.623886	61.922990	49.583239	1.161058	37.996860	105.377963	121.362045	221.610481	78.068734	63.820134	31.119438	40.375209	5.567132	4.724284	46.905801	 
90.404491	213.419654	8.505040	4.231784	52.326655	32.876296	37.932044	3.565697	36.978060	57.134653	17.420385	3.428448	13.948480	132.752443	3.933725	13.611966	5.955586	99.295935	22.662303	80.715711	23.729142	5.793264	203.597980	18.876128	96.137280	19.913581	157.396998	23.326556	143.833995	45.718186	16.616307	41.879227	41.687568	8.023939	0.924612	81.387742	27.669500	0.643404	46.312104	5.937075	47.641798	46.346725	70.922940	21.996239	32.274844	68.532216	26.257806	10.549723	5.691429	30.914325	46.619626	3.085238	12.635980	27.703343	8.625977	68.884261	2.786725	5.343442	5.631172	5.420293	34.604654	44.408680	8.229652	7.576258	32.451606	 
96.642408	10.125851	3.065867	31.989866	100.526701	43.259088	120.092721	4.125100	116.062132	51.584716	12.016220	6.112852	63.325260	7.381045	25.378696	25.181892	132.218255	0.789258	114.375968	21.545530	0.475752	91.773721	20.556260	50.497424	51.723918	119.746560	60.895779	8.207814	39.275795	23.742855	39.743587	6.099445	10.614730	8.237816	16.310129	63.926141	23.307566	55.042301	15.568019	38.117478	64.276817	71.350388	23.405579	34.423627	0.848549	5.751413	17.198344	35.181719	36.063414	0.486079	38.858678	59.002536	23.410994	18.885063	71.091678	52.963468	102.461195	5.277864	118.906214	6.704541	41.121994	22.728719	12.723143	35.567451	7.922002	 
12.848030	1.968137	38.979721	43.273945	71.817031	102.549008	66.813472	44.928189	43.347209	37.102669	95.897914	4.823893	63.972815	123.445354	13.721850	54.750473	15.702639	5.623260	2.078568	68.980913	10.633815	89.970934	14.383951	38.583773	22.232418	1.998418	91.713433	12.084048	0.533713	1.728072	71.381116	7.389047	10.578628	1.934602	50.891451	14.874068	8.222927	22.351211	52.280006	7.061221	18.052298	201.957669	26.607632	26.645838	8.451299	19.051229	13.299468	53.725100	39.284712	14.586261	77.219179	5.523604	35.602859	6.600628	49.798116	15.612911	5.399198	57.719020	41.152679	15.104144	5.313989	21.631698	47.296947	82.278185	1.040737	 
170.420144	53.467855	14.564608	0.186012	7.642355	36.382619	43.730228	18.148896	2.086723	32.383537	20.364283	26.123729	37.018987	53.432443	26.384783	19.704057	43.403522	44.957730	8.588022	2.376201	104.149677	32.305743	109.895228	2.049756	102.988399	120.977432	81.901957	77.408105	18.750854	20.540798	79.054560	28.769308	20.728350	54.347333	9.389500	17.369243	8.768622	7.136130	16.671139	84.430733	49.116190	5.115829	122.912100	14.442666	33.588253	22.559673	9.651048	35.617485	0.239231	192.739710	34.442958	74.235801	16.525576	160.272907	75.428084	23.346750	2.018918	37.924147	93.872385	22.427028	9.665490	46.937329	49.899997	43.139675	31.472267	 
112.230945	33.377000	131.656863	77.165195	17.203623	9.590904	24.778950	34.298589	47.699739	89.816778	7.080240	109.356357	7.105416	2.991252	12.826878	23.822701	3.546451	53.377134	3.150921	21.236590	11.191950	2.269758	5.362011	31.191610	36.504940	37.089107	61.824288	16.490264	10.146594	120.550493	64.384865	22.402865	26.219106	0.268050	27.402818	4.890751	21.083189	70.172198	36.602007	47.386613	16.076902	10.778211	59.846048	27.908958	70.170865	0.362894	63.198489	1.065127	42.963322	36.883383	87.691355	5.635328	6.656157	28.912691	0.852803	46.954334	93.408562	124.509067	8.003397	8.352289	0.241372	78.167382	14.008718	29.712156	84.680495	 
69.989305	85.219759	13.260659	163.509369	10.618709	26.681979	37.811198	19.674718	52.322380	37.565856	2.821142	50.181115	59.509747	10.051446	55.160185	53.658329	23.396628	10.209731	16.081045	6.062085	11.171994	7.567127	2.400612	8.744645	34.697766	68.989827	14.200351	46.586970	110.673284	7.756845	35.430115	74.225374	35.138028	9.367632	41.151884	47.130481	29.050912	108.389571	58.725435	10.842815	36.275896	19.265832	26.589435	54.953357	19.049601	7.884792	9.688645	38.913264	6.293839	51.961263	13.982338	28.704426	30.999553	32.542050	182.356863	20.337899	50.181496	73.295786	56.930383	93.167810	7.056568	36.415184	32.850815	1.452767	2.639836	 
7.869418	32.351490	53.883026	18.176133	41.248835	7.318549	4.083219	12.798210	42.201325	10.283333	10.547212	7.821660	56.135124	58.015763	121.595769	31.371677	5.767012	118.380175	30.698176	49.440603	72.511932	15.436572	0.083457	8.919000	159.577028	53.838972	124.083861	8.459212	38.232388	3.001022	16.107128	40.844570	52.592370	48.506341	24.636393	109.689964	58.485168	9.848312	6.997531	45.843697	12.768883	46.964307	23.403183	79.400863	141.560152	14.194934	60.202761	31.445508	12.175775	34.036438	18.810267	4.682040	30.659165	141.394286	27.279915	44.887858	26.693955	27.495215	28.186701	16.567650	18.187972	5.192893	15.816633	24.720043	33.308037	 
4.976199	1.749299	5.060054	11.795337	39.627454	67.776321	15.594861	11.595468	99.151039	57.246188	33.757185	52.296013	23.796542	14.690544	3.063210	119.845795	151.262836	77.758921	33.831551	79.522126	33.162844	12.371535	46.846774	0.533402	4.745465	17.926775	104.590723	2.793897	4.626341	11.974584	20.942287	67.586919	8.245175	49.659026	3.684069	4.035407	174.622444	23.433869	21.650122	60.674429	67.044240	78.535517	20.434549	46.739967	49.513519	42.991990	5.047730	9.194932	49.168051	16.221905	21.974348	12.486494	4.591294	33.479001	112.136432	48.701278	44.653537	2.914815	89.928419	74.476167	64.713609	145.530976	75.498306	4.281838	0.653564	 
37.706193	20.485818	71.679265	36.668088	55.289641	58.529724	83.343331	39.446530	4.226919	90.196817	66.958679	52.515696	23.771905	116.346091	25.672605	89.093950	48.143932	3.078125	22.746206	0.778902	71.197716	55.385901	8.560165	7.545445	3.504876	1.865789	46.878285	25.367725	8.187945	56.176294	0.486862	9.830826	26.022119	29.631314	90.558237	35.154018	1.780587	26.362730	0.357248	47.286211	7.864281	50.095966	26.258314	20.170328	95.717698	12.186875	14.374359	4.072784	80.569625	69.197305	68.709640	2.706242	69.818687	61.597419	33.426459	30.839519	3.540573	18.485452	38.365141	60.859418	33.362534	2.135433	42.210055	14.188793	2.886927	 
242.092594	10.933085	33.364797	5.929902	218.655742	57.884021	18.183573	9.466294	3.766644	175.690370	21.752190	39.385919	24.666008	27.273420	109.886573	23.091643	110.566736	21.207243	3.940696	19.628982	52.915476	54.869771	15.951598	38.110678	7.066179	0.398190	76.301632	23.045541	11.289610	190.694432	43.219254	10.275897	23.460467	27.362368	15.628870	47.388417	54.119569	11.128376	29.138351	24.347791	73.226812	87.945975	6.844071	58.704630	84.081457	36.154362	90.213638	27.639209	40.076636	37.466423	14.077235	57.672607	33.371700	61.114265	1.979190	87.191896	57.089032	71.011084	37.283208	31.794879	57.869616	23.587226	44.520553	3.706306	7.327795	 
7.692269	6.691038	27.539487	50.769994	104.652603	1.161153	40.899972	44.357799	83.194361	61.242250	34.745000	70.799323	0.594684	25.137533	19.355109	8.011119	88.680006	45.874019	3.254965	70.491038	29.926331	9.431234	10.932452	1.483985	83.434788	50.205277	9.936097	55.387071	33.122881	135.329345	14.671363	111.262922	8.221921	13.222597	125.997377	29.778397	23.462273	52.361314	12.703910	9.873909	17.858023	6.369122	11.189794	42.538686	20.169483	34.296698	39.607853	25.173363	107.723874	93.995201	56.372093	4.651684	3.027925	1.970516	6.562068	9.703945	19.225355	53.905880	40.649919	64.913386	4.698441	40.959144	46.482010	16.637674	11.075216	 
6.621361	0.882839	19.602488	7.342705	32.164618	25.888135	13.090664	52.734259	68.465916	3.459140	49.169803	34.979543	46.149085	14.924175	55.285005	60.852678	1.707579	237.978768	1.504213	64.366507	28.735895	18.543566	118.233949	36.601157	17.778742	30.303881	108.954095	0.618004	57.544162	22.325546	3.855669	16.510009	15.784986	24.099554	1.204606	3.451312	22.339263	3.716677	107.339343	3.285973	24.898172	76.567185	68.424187	3.895700	7.641458	3.421211	14.443580	135.358190	29.127026	173.140847	22.008450	12.213087	52.485916	106.489642	78.508834	52.876151	13.803683	5.326827	32.308421	8.702125	21.335230	3.653441	161.452912	12.866673	32.872150	 
4.878048	140.485087	29.887900	3.432439	100.522703	50.436870	11.159258	36.233173	1.479498	1.667954	82.966826	3.973745	67.632375	33.178048	124.689195	104.707127	4.175615	44.248286	0.363073	33.367374	20.775812	153.025823	18.821347	31.696042	105.775172	0.693392	9.187526	107.470262	8.700683	69.783143	37.938853	106.334035	101.190801	75.160620	1.053254	10.283306	58.401282	50.524327	1.223001	20.341162	1.027188	13.937205	18.207158	19.510584	51.652236	35.415043	4.672136	2.417177	5.060570	29.055049	31.372263	64.415593	97.121186	19.846451	1.929296	7.882676	8.530889	37.831740	2.640557	41.248403	4.346069	44.570847	84.139116	5.546015	67.598372	 
16.796211	64.514761	15.236474	12.489602	21.235966	12.885510	32.683431	41.680804	115.408304	140.356735	8.079554	49.832187	70.650674	1.504606	81.697412	47.156979	42.469466	0.574900	15.310550	21.567847	2.663970	4.764049	32.668312	27.297130	107.655968	10.167027	92.142524	11.739441	317.952586	12.331086	2.644743	29.082942	36.378438	33.444920	12.167778	106.318467	107.614621	30.375028	2.784144	8.296345	46.292849	32.825196	22.870413	9.637675	29.452579	92.618998	22.435825	45.171223	26.885049	47.142695	3.663964	3.068056	70.231669	20.829127	32.734959	53.259140	137.166032	53.534211	22.904216	92.002671	36.392905	31.114276	71.934756	29.198948	50.362101	 
14.860319	32.787509	7.861451	9.015797	44.771084	3.149769	15.248853	36.616889	52.806962	5.682849	22.643935	5.047340	211.430010	9.385510	25.387283	40.192146	23.703710	66.125960	60.869991	12.168156	4.817719	1.579659	6.094794	10.182209	4.803964	42.821485	27.584046	43.051461	5.347924	78.599414	2.245756	7.969094	46.181684	2.388534	5.399868	55.122322	89.743241	56.194625	39.040264	16.189390	25.531761	90.665212	20.768274	21.444266	71.846722	18.001377	107.034784	59.738629	8.460336	8.324578	46.989818	29.452447	4.380575	27.962604	25.867842	71.016000	21.943232	26.025392	17.025478	60.789569	35.668528	20.186829	66.304350	5.405644	49.363215	 
28.291768	50.874101	60.681190	0.282485	27.483062	10.265495	8.946195	99.291011	5.429731	42.060471	4.361356	40.405904	76.719549	27.490750	48.716003	58.220229	72.648784	21.849105	77.112239	1.506354	58.254316	29.521079	2.710116	21.113443	27.854973	19.642054	0.281366	142.735029	11.496808	11.022836	7.005282	11.156207	22.176618	249.948096	0.512859	42.991688	4.378137	74.999271	4.860543	88.126671	106.971251	81.982842	2.544382	9.786157	22.955462	12.001983	45.665899	6.035406	1.762907	103.629481	31.874869	45.360767	18.783471	363.117538	27.453824	17.847518	53.932396	7.633557	3.747641	9.379798	11.417436	103.369663	83.631577	2.647346	29.244012	 
6.449804	48.198252	33.294948	15.050779	33.957694	29.789788	95.564628	17.517324	2.508960	47.860008	36.164699	4.218617	21.746134	20.005828	9.573094	15.408053	41.316744	27.619810	50.235656	183.439630	66.375254	217.742660	5.549210	123.050572	48.017879	99.128962	188.039259	31.432744	50.337103	3.373996	5.579271	9.172956	5.838091	25.067953	9.031017	59.051383	10.471129	17.997368	21.629003	38.172566	115.906443	57.014483	47.302534	3.386261	26.378839	4.311329	13.589433	5.335190	6.729647	18.610876	30.663983	4.208643	8.635274	10.525849	39.560643	4.106025	2.367786	24.835657	68.440830	36.042875	18.734916	71.710843	6.359489	17.826230	67.288608	 
0.439560	82.645761	24.427737	26.014140	15.879420	27.294742	111.059715	42.008428	74.397758	7.601669	0.145363	19.321662	20.034065	70.025329	28.667360	35.815003	31.912538	16.148800	39.131366	39.549149	2.809146	2.357021	95.573445	18.103346	17.342497	143.956516	39.055816	67.061961	1.457172	14.947200	17.122026	3.504904	106.196493	2.574730	17.708434	16.433627	101.819248	4.667649	14.403208	29.010880	21.803209	5.387881	51.785880	26.646769	1.728092	53.700515	2.983899	48.452110	63.230373	33.278204	5.052164	11.531390	124.567057	68.058289	99.655487	94.424860	25.426405	56.878376	177.496760	50.890307	3.901604	63.544882	1.223599	98.319603	2.898581	 
67.255429	68.942380	73.229831	9.916544	39.197683	52.100872	10.776535	46.233123	1.083166	2.875181	35.708031	72.626099	36.077955	19.975802	3.061382	22.189022	51.698031	96.045391	30.858050	35.786018	39.301505	16.818718	35.177369	39.680868	6.048511	139.095594	26.845247	23.432562	134.226067	47.686586	93.830949	2.726935	52.059402	1.748330	10.415219	8.930581	106.160158	39.851594	2.480090	30.128805	4.923601	21.280399	62.325694	63.571920	28.026595	53.815976	106.047229	14.208761	8.092721	83.064084	22.929034	35.092220	113.123569	2.550115	3.611195	22.719133	22.672138	12.242428	86.925491	14.013470	52.449871	96.787773	29.420671	125.201316	28.414665	 
159.056946	3.354511	8.121754	20.733063	28.513510	50.996469	75.249242	19.667705	15.285328	44.511694	29.119508	32.362056	142.077809	20.932132	9.989398	7.062982	54.856874	7.213618	20.260102	15.585357	9.407216	6.240004	15.746329	4.781304	98.233123	48.490507	16.988326	88.747869	121.601716	9.032961	20.023117	3.334597	60.627241	27.646356	14.329540	9.945913	76.367603	46.837506	11.127342	8.482102	22.071289	55.180822	34.095015	9.280437	25.374826	26.508135	42.948487	172.533557	3.539966	20.966751	15.715848	43.930408	54.213519	45.010530	3.235939	25.496723	7.278848	86.174048	62.895274	43.216821	33.923844	56.273221	71.757497	25.433194	26.842860	 
47.645456	45.620458	129.704297	49.419203	53.775572	75.215519	48.572026	13.051234	7.718051	65.534636	22.351971	22.740274	25.800310	50.397050	48.017002	101.731684	17.255085	130.794145	52.338676	149.473145	90.762760	48.486905	206.467080	19.509969	35.289168	24.334255	94.635906	54.334995	2.788888	51.008116	38.874794	73.158008	9.240003	39.802033	28.230541	30.601875	0.911682	14.191488	6.878860	23.641431	32.787624	13.780469	37.445779	89.065841	29.563598	38.915728	38.933326	7.956225	40.961620	47.644412	7.952157	30.844385	68.217475	21.467082	51.216227	13.206132	16.879706	11.009106	63.196635	11.602452	17.457135	86.592489	10.838638	20.355327	7.424724	 
24.749553	3.289766	70.018009	25.795541	3.877733	18.973083	32.384195	23.203486	32.205402	23.282144	72.987804	55.443642	72.569667	112.946486	18.978619	40.280983	2.773811	34.287511	23.981309	36.620280	48.596715	38.377991	5.775852	4.353121	1.899544	28.956498	9.921047	27.755474	17.050059	28.120267	33.215287	18.280513	9.718937	84.085902	19.953420	22.603745	27.966423	27.251135	9.841171	33.896519	16.266388	1.640796	32.649539	2.426169	43.973826	10.874705	51.928679	14.824620	42.896304	28.791608	132.914051	10.929727	41.117987	10.053004	6.710094	16.483647	46.502522	7.687662	2.348701	18.936406	23.248331	19.836560	6.279059	25.459658	54.093061	 
1.053183	1.963696	2.087968	32.623245	42.057350	20.988095	3.294371	13.832952	45.384042	48.118394	48.632026	2.236240	19.847754	25.627311	0.282785	21.998171	10.685981	36.808525	27.385400	18.076137	3.452712	65.055819	8.933816	165.757910	9.300318	22.447899	17.036027	27.576737	6.674993	75.308337	45.396052	27.112002	46.532534	27.826729	12.361042	31.015085	30.091158	63.747796	2.151806	14.872244	19.819029	66.844250	12.087197	62.328694	36.417897	51.610605	34.031886	75.547656	4.003182	12.258324	45.197168	133.207100	13.758913	195.725422	6.237804	146.298454	38.900040	37.108471	3.024008	8.321237	27.242545	50.885100	45.692831	4.087419	0.793468	 
6.370520	35.208611	81.677858	16.401928	11.247591	22.345788	7.409499	30.537404	7.254225	93.616720	138.887799	251.870695	98.107144	10.650680	1.479277	1.697603	13.599624	6.625114	28.018426	76.436019	22.084980	88.222962	89.104400	9.252402	4.229872	17.573866	121.550156	1.509646	5.751551	53.893887	8.420994	173.212313	48.484104	48.025222	131.309236	5.801569	21.026620	121.273787	16.329677	2.313554	3.234985	18.473748	7.422124	31.616395	59.687723	12.042652	2.024653	1.250323	30.556210	29.482894	30.728016	4.271624	35.018324	23.132938	115.235312	9.589134	60.807004	37.277571	9.216219	10.101642	26.342052	18.371447	21.318698	17.057326	75.465069	 
12.573604	0.381431	1.674109	44.444217	14.173222	11.906313	51.125093	12.417932	10.638489	25.561879	2.912039	234.507923	35.183127	24.444857	24.938218	120.274851	89.012903	13.308841	52.186216	42.459903	7.296656	3.726870	146.181647	13.487765	29.081553	60.361265	74.661957	8.385208	82.502507	9.565592	9.651349	36.909308	34.539880	47.108583	32.139646	12.417771	32.752155	39.751749	24.975680	150.503317	9.990614	3.926784	36.398408	85.614487	7.244535	10.475124	10.761140	9.012116	7.658425	3.281315	144.088898	11.184930	66.969378	78.465246	23.310312	3.046811	77.712101	96.925067	46.755377	20.330184	8.110941	13.953536	54.137129	115.665759	2.266454	 
196.363988	11.763379	44.928131	14.238878	1.892507	22.801485	9.171290	36.046949	7.479561	29.414155	31.658743	22.047500	9.757537	19.299190	136.244394	31.510806	7.620745	0.424000	88.437864	37.558543	117.809695	11.429057	38.167636	22.805179	27.016073	38.236071	29.789500	121.944039	36.688976	59.687259	48.389966	4.842521	2.846730	48.518585	6.527632	79.976536	118.779663	34.359216	29.568353	15.073275	76.753932	19.320247	57.682857	3.481314	32.612303	6.336996	14.613194	3.543332	91.373475	69.132718	13.366912	38.410164	40.525385	66.934452	5.146750	0.766547	26.512280	25.286366	15.942597	16.074197	6.436907	11.362211	54.650768	3.956405	85.405043	 
9.294626	5.538143	26.336932	61.224349	13.453056	14.947809	59.498922	5.422371	19.719702	11.482230	44.931233	53.748848	43.074808	43.570504	4.268724	23.809453	21.757283	5.545876	62.400554	6.347520	134.073659	44.732360	9.372680	4.113095	17.710752	22.089499	10.664637	94.792179	0.862547	27.329388	30.485823	0.435118	27.046089	15.093600	1.141688	59.098947	23.121356	34.177591	6.291053	9.724591	18.253509	32.074587	0.494196	4.246504	47.046969	16.749790	126.305243	51.046251	3.755837	20.361030	13.915422	8.920382	17.830803	13.911694	27.244213	75.401062	4.896728	43.290086	57.716234	11.444166	47.949869	3.459087	104.621830	28.609339	41.785263	 
7.469812	43.996259	19.635556	12.322419	216.012540	37.798382	15.728609	13.291792	39.496492	29.055014	101.242741	85.860608	13.659347	15.546741	16.861482	41.529997	29.927417	19.439179	17.661496	7.232034	6.678857	75.578463	10.009921	9.183520	5.548730	8.312322	8.148199	16.485231	58.230465	159.154788	114.319067	48.768186	172.930044	29.064646	116.859748	37.064299	136.311214	11.348828	88.740091	28.477385	26.904271	40.944908	2.510866	0.057894	17.841932	0.510889	1.071739	52.568678	10.296967	6.731177	70.412852	68.468922	4.813262	37.828801	31.534299	91.620248	28.016055	47.144696	21.304765	81.872703	2.722892	11.346957	45.848085	20.430080	68.463316	 
27.913313	14.861630	43.715881	27.135861	256.213266	0.801405	17.327446	2.149403	8.446784	51.065566	7.333759	63.026407	31.128146	51.263856	25.226740	64.673758	75.496474	4.305641	38.447713	41.928407	67.932961	26.039359	80.050135	49.122135	49.174828	43.805917	29.158423	4.727962	7.412440	33.796972	165.717802	24.160097	16.390154	10.513381	33.866884	19.420089	15.296427	1.349379	16.925274	28.606502	54.858189	33.490046	17.276547	44.682828	3.948675	45.245270	40.338278	7.272156	1.131862	1.811188	14.092979	45.127880	3.975613	34.568271	36.895077	41.568542	4.390261	8.117280	60.309231	163.815106	27.592535	34.205903	46.306554	18.392413	45.414329	 
41.302828	85.115850	62.455145	51.316082	23.980823	5.674728	107.051285	9.868626	3.809404	21.733770	5.272231	28.894337	43.531517	28.172302	44.277992	60.008004	47.059139	6.862858	24.005815	1.322572	59.081358	31.638870	79.561446	98.129168	55.569491	35.646888	151.739323	57.928681	3.840765	43.953355	28.188853	20.472791	76.802927	19.080719	129.842955	2.971504	3.503823	29.050305	65.952700	13.084456	0.657619	27.982957	20.709884	8.097835	6.574576	5.396984	10.136690	5.581240	166.939946	76.264652	99.493309	1.388531	52.456222	94.699579	12.120212	21.108740	6.105701	18.312454	51.995417	24.343679	34.040439	40.574460	4.433473	45.906542	47.739379	 
2.161428	122.595955	3.470306	16.071983	0.891931	59.822683	14.278545	85.720125	6.127190	44.151799	74.062943	117.849447	70.448743	81.435836	52.868076	18.750097	28.432783	60.372686	2.717553	73.495478	12.026135	9.581020	29.434089	7.869285	66.363701	55.028397	78.628486	12.515882	107.846664	16.726145	58.199549	22.123299	25.199515	0.707350	128.803982	29.290109	11.350888	57.549596	21.494977	42.888168	74.925932	152.230357	5.722066	16.894922	5.689954	2.896627	5.182761	13.732144	18.931314	38.494333	71.628021	50.172137	26.586119	13.878739	5.647473	8.845622	3.484599	11.576073	31.621092	6.912777	41.455312	11.978547	2.364687	29.889332	3.914691	 
35.461730	21.231851	3.352361	4.401764	15.598262	67.208400	22.161122	17.848133	34.938509	0.640258	13.416991	48.172808	0.420624	15.353750	90.789887	58.162891	15.995102	54.575174	76.285945	33.534087	11.189928	6.219786	5.211688	38.384640	10.073639	31.580192	3.052054	13.514080	4.185986	4.784729	4.162195	19.712369	48.633119	80.708419	5.105236	42.466154	24.917247	2.992001	61.039381	4.192819	18.174361	100.546634	102.753145	17.469513	235.562204	10.255834	4.378226	0.332445	11.343416	19.401025	19.911305	33.421330	97.716101	82.396114	51.985533	1.293823	49.097632	7.583769	3.492991	39.938641	27.098611	145.727437	51.695055	1.333009	14.510770	 
66.326912	7.706100	10.310617	11.089842	0.428710	9.858052	70.476619	35.838809	42.036525	60.267968	32.155602	127.554459	45.230746	18.960435	49.001119	1.840183	9.174352	74.202292	20.642091	60.951965	80.883806	95.351366	95.414794	1.408582	25.679416	35.060838	3.361537	89.986131	53.166840	4.792695	44.889470	69.326980	81.780642	2.657984	33.376195	6.431971	26.012834	24.490075	23.269277	30.028829	120.817527	8.217654	3.393642	35.875898	44.340677	112.685688	4.761758	50.173906	7.703897	32.651252	4.895492	11.517007	97.423881	4.429776	7.644900	15.420032	19.314165	12.670594	22.312714	70.547002	0.391778	5.144788	32.667744	13.464096	25.351793	 
6.722321	21.533947	20.022997	33.283334	13.994748	31.331304	13.880769	22.235042	0.887832	37.454274	6.558451	3.813008	6.032876	21.448091	13.654789	53.212026	34.997354	2.729693	16.965171	55.203465	81.598951	22.832113	51.381500	30.162524	50.005440	1.220743	18.220946	10.801430	20.914296	14.379377	42.147197	108.832229	141.580115	5.516705	25.975272	11.680327	16.101069	44.831802	3.574211	35.305770	119.912148	31.892072	4.154280	76.514757	33.172208	2.935492	119.547426	0.904764	49.374427	4.724595	11.697226	5.450862	15.696786	19.882024	54.085938	2.274633	82.095516	28.987827	64.299897	17.574653	39.047216	34.702858	3.259061	22.457091	111.111464	 
103.831423	4.899155	31.844255	132.503943	50.194560	3.805352	98.585196	65.391490	42.594699	29.502990	86.982258	134.785214	3.955034	18.903587	13.173660	35.921356	31.841800	96.809395	12.558463	23.051140	32.044629	15.754075	15.425618	14.275573	4.190579	0.653044	40.863263	17.294812	24.881957	79.276498	18.697364	25.507430	10.634099	30.767842	1.683430	24.345144	33.144353	23.363569	14.289584	78.156807	3.083697	13.594897	20.483902	33.256956	131.789190	8.375296	3.526544	17.360230	26.850874	1.853810	15.682447	139.690665	35.751633	59.252317	12.906804	66.378412	5.104542	28.693553	8.932723	14.929405	45.243902	11.927307	28.757607	43.860065	27.204508	 
43.701298	72.138245	102.294207	31.546513	8.878463	19.791681	25.171093	0.492210	37.477546	102.476515	32.301215	20.547748	54.143559	50.850748	11.458615	44.531024	9.018657	24.789652	38.378304	8.041998	19.243178	2.975074	0.617870	71.007385	77.438368	7.765970	37.921332	6.547438	29.522892	53.549632	33.392485	11.948799	23.769829	6.744686	7.955551	16.959733	44.271673	27.184120	10.938675	23.565620	7.384146	31.003390	25.395301	63.887605	43.403397	20.496486	17.636359	20.508631	41.270500	5.553044	13.622740	2.629951	54.210213	27.426766	113.390090	2.574615	7.420743	42.670939	33.843385	10.045511	92.557736	106.557256	24.734400	49.346714	35.782909	 
14.101683	24.091508	5.186260	93.177721	80.403474	47.450636	50.460312	33.622614	11.865266	13.372899	19.468985	93.846302	10.621809	109.920369	21.332803	48.976411	122.015370	35.731508	18.489371	5.556738	21.537349	127.092276	76.855640	62.866097	64.930761	74.943090	8.350775	15.839607	5.538656	83.003674	3.376507	50.257824	29.215311	134.128488	121.438199	139.530611	11.638295	20.355020	9.954972	55.763384	54.609850	55.894633	5.075101	6.431183	1.181175	29.501199	4.646786	6.703139	16.424859	140.528746	4.030387	107.257403	5.602693	6.695590	41.915832	4.260824	7.956724	7.639713	13.589644	38.590053	11.761840	65.524246	13.653786	49.370418	13.738763	 
10.727526	7.425538	119.126371	15.570755	35.368495	5.214496	28.819069	5.403364	106.626483	28.215334	27.154511	26.308939	16.700286	21.146123	6.852319	35.743484	70.323349	6.265930	30.444443	45.285556	46.022846	32.443263	42.102073	14.644378	36.146959	2.261183	6.270799	110.805673	67.758016	23.722267	4.495451	1.239544	43.530607	176.918254	7.152389	19.857658	5.172636	39.852709	29.992158	53.969816	13.641740	9.030598	46.376004	65.188183	157.013651	76.119206	70.685585	35.517943	25.135094	82.984683	70.123522	9.546718	13.731439	4.335522	54.311313	74.166768	48.011007	2.076115	2.406683	30.613775	38.074754	49.155679	32.930274	25.470424	4.829378	 
78.768648	15.832050	49.715926	133.278985	6.566931	45.279109	168.063942	17.023819	66.489034	58.425141	38.767073	58.522899	22.996634	5.203767	7.565361	100.378719	38.433857	75.454703	9.480649	9.609043	74.559432	86.226960	96.071275	46.278920	38.094846	135.749405	10.969029	65.948172	18.052512	38.492365	39.001232	20.601089	28.086878	3.958278	32.356670	42.372203	12.510529	0.932731	36.999178	70.807392	16.201036	32.718779	148.244649	13.225451	43.710114	105.300344	19.494326	80.171937	91.020521	7.926489	9.591058	2.698856	31.044297	13.893150	0.031124	104.903575	19.958600	23.657447	101.191951	30.916898	12.584663	13.108896	14.752907	3.981786	13.978999	 
75.251621	20.814060	73.342027	12.619183	37.369298	29.916620	126.991128	20.932842	65.864505	8.419826	15.014827	44.357740	139.502261	19.839680	43.295784	12.908634	89.587316	7.078418	22.169702	43.309207	23.094678	63.937668	104.493192	90.267431	45.673686	12.597635	5.983981	198.706977	147.551178	211.759772	94.683408	11.087912	35.051388	13.211156	1.758243	60.560820	18.862037	12.928209	103.802798	116.807997	175.868624	0.510653	121.175254	85.885664	31.756145	9.296787	53.281025	20.475169	85.854995	32.321559	5.447733	25.764685	65.792220	12.544310	44.238827	22.691811	46.464833	41.641940	13.555475	0.730732	40.923293	7.860804	1.210793	31.140796	88.850058	 
55.788256	41.902139	98.583313	9.571685	3.542090	83.946703	7.921933	61.662358	9.374682	46.806037	71.309693	48.524558	73.308252	31.465664	2.370969	19.722429	51.669450	52.121590	4.122807	47.233050	191.354775	3.272022	29.782185	61.968427	26.820859	7.587526	3.214927	49.056001	66.816865	72.275483	37.175854	49.663729	61.951108	212.694458	42.573036	8.293450	8.435771	40.829584	15.106600	14.612810	13.283190	21.751132	11.265252	17.466073	20.264854	60.381929	26.145801	127.531518	0.674161	59.020901	78.841428	52.113921	15.806130	53.736171	12.586423	2.000290	11.049716	20.232378	6.956484	130.556856	35.507927	32.656106	53.415250	5.295566	28.176945	 
45.540889	2.549385	67.255929	73.759062	25.776564	27.841913	84.866589	38.081157	57.086022	23.545279	32.689391	19.382942	153.814395	32.548614	43.038982	93.905633	208.042440	6.671103	116.453566	7.038295	30.816796	34.558079	6.340583	9.685886	0.269137	39.607654	1.526210	85.509241	78.810381	12.809967	16.394973	3.509638	1.668967	98.270454	67.135295	6.397867	7.025639	50.452397	11.329578	43.912342	33.066521	5.007291	28.263169	18.662565	89.174015	8.583552	79.318289	31.583150	63.421528	2.262412	2.039713	3.716357	26.913049	18.443006	27.940927	135.795892	203.650286	23.097174	3.029055	46.991447	59.863668	107.428316	103.554320	48.725822	82.373999	 
14.236781	32.268836	29.107451	81.432402	14.843199	2.355411	46.927837	37.426692	56.573231	99.960081	6.353714	117.189066	31.354963	19.539674	8.100319	93.787974	41.232988	84.700000	49.157275	51.785557	41.981799	27.966034	6.218154	20.260725	3.795818	0.417212	87.490877	0.482815	32.093251	43.782675	61.992363	7.964828	70.267244	19.726048	20.315742	7.706490	24.562404	83.453379	139.780724	28.734523	24.370592	1.795857	24.237963	7.718258	58.289953	22.730130	16.155552	32.924231	0.513175	30.249722	3.307328	58.886034	17.051501	56.760150	152.528450	6.855222	6.158391	55.327022	16.816760	135.711346	16.799741	79.810475	57.597633	16.278520	14.459586	 
23.944765	48.438922	22.865750	2.788657	30.554130	20.073501	86.619437	46.804885	111.134321	90.366579	66.334360	15.508757	32.074383	11.727007	18.662966	7.817064	65.136208	8.505747	54.692230	38.286584	2.142347	17.800791	49.556578	11.105912	73.073659	58.997473	83.370037	14.294543	88.512547	5.834900	5.911823	65.772106	56.898731	34.632331	23.439802	44.067211	3.892533	68.451197	8.863168	40.624855	57.305119	64.694144	1.242609	11.708046	8.072582	74.162767	34.133988	15.782775	5.628327	20.029394	164.289786	17.372379	22.004628	73.371283	26.373935	114.619059	4.268764	24.030301	11.244461	5.677555	9.206240	23.604801	5.418982	80.258336	36.014358	 
114.191280	17.758978	94.980175	19.719892	65.394240	86.468018	173.387022	194.839390	29.691863	40.714415	1.706912	53.143981	62.138010	24.435852	16.486284	92.750826	15.411141	24.741698	32.402928	39.991305	3.971093	99.008336	20.474323	80.653598	81.590433	39.385371	25.672359	22.959048	4.297829	119.472661	33.350675	11.419021	8.599105	31.454589	25.529157	69.553937	6.994301	35.394502	39.019436	26.452677	113.325992	14.473485	23.691669	34.452324	3.514877	23.296848	23.500501	163.630664	7.145819	10.694787	49.128967	100.777743	0.701121	2.161245	16.214935	15.249832	15.074001	12.445843	115.718141	77.270502	0.556985	70.757683	42.403672	45.735674	209.146949	 
129.865530	80.036992	49.414193	23.086783	59.795217	62.173630	93.042074	31.688992	57.572509	2.056028	41.446232	16.449080	33.090806	11.305001	3.332201	27.504415	47.224437	57.158800	68.561321	21.200297	40.612852	40.183713	9.199703	91.543279	47.532846	39.614681	68.659472	28.353908	38.257813	73.540753	7.700201	47.265694	45.437153	21.440018	85.804971	10.940712	37.832777	20.165359	77.490356	13.209120	0.215983	5.750114	17.995700	4.735780	97.483267	41.938649	58.497872	91.022159	77.090565	24.517837	33.617599	40.684525	32.702333	1.142667	32.736968	31.810724	34.151695	49.023650	4.035705	30.242644	24.693296	9.541666	10.962262	50.370833	7.364112	 
47.794364	6.328234	28.158728	32.895113	1.021607	20.270197	68.572955	101.413065	4.582127	17.504833	72.984800	10.700729	41.743729	7.829350	5.027326	9.982483	85.084388	15.231306	3.308157	105.341469	18.740923	60.473295	18.631952	14.837881	3.656484	33.886579	58.026767	1.844599	25.685081	74.732655	205.303167	14.614525	18.771847	20.213047	14.674896	31.896543	52.926737	45.016739	3.864705	20.682096	37.060726	91.240743	28.311857	30.906335	5.451685	71.146778	96.221054	40.037961	7.938298	1.597287	9.617579	60.880437	133.713926	36.432488	28.970022	28.132069	21.210117	8.584745	51.911517	3.382280	35.453345	150.618177	1.959136	109.232629	20.190053	 
7.771022	62.696991	59.867267	3.195508	25.805491	15.506269	54.827434	112.252269	82.960551	29.457575	163.594314	8.040599	19.127143	8.447395	43.765851	17.847178	1.296489	62.824004	34.410887	9.186440	8.631632	16.760103	27.520795	96.954134	109.784015	76.681330	34.499150	11.519161	14.411541	30.226750	10.405262	49.853497	1.659927	2.424420	50.461110	49.305822	5.575626	36.290804	22.183429	6.682438	4.017487	51.341018	7.628979	26.968404	105.325266	8.711462	76.745887	43.962416	4.920790	10.668433	40.801521	6.975790	44.996804	13.353908	95.067195	86.428985	12.842649	0.487182	0.781467	21.857345	10.774556	45.151108	0.876056	2.468172	11.571921	 
64.459192	51.932014	85.361383	24.979606	12.701883	19.632596	4.422858	22.476808	23.944162	24.272678	19.052429	44.198073	33.605346	23.011936	67.265327	14.254195	47.820754	1.048689	32.693622	18.302370	25.692644	31.470027	21.595253	70.301102	9.988052	29.482618	53.432546	21.878501	47.242056	31.864225	5.826202	103.210782	2.939434	95.811413	72.853523	1.555743	55.232551	132.898877	19.388567	30.310515	4.958553	12.482996	19.961634	82.214228	8.308464	19.393181	59.673941	45.452305	90.637205	5.309942	22.807111	84.074087	24.803173	19.121683	254.276554	50.256346	112.854759	12.012392	31.566216	26.352454	0.886066	188.234953	3.646718	19.064753	1.295855	