64
0.000000	11.372480	124.728719	50.545813	1.855170	29.861430	36.025942	89.907966	2.694890	70.356832	47.511513	118.277129	19.374474	37.028465	2.007383	2.882238	36.339432	204.626619	8.351484	39.035408	54.700979	1.260090	2.882870	41.099550	10.977431	62.351091	45.984745	9.347222	110.088302	3.417278	0.720679	0.491025	8.070605	97.681803	64.548354	35.243494	27.575879	103.119078	106.776039	24.880651	37.978186	109.457160	35.941497	8.580678	3.204600	12.128794	0.482260	27.908437	47.695693	20.893233	65.733275	67.963856	75.486854	45.999976	138.212888	23.849404	6.491070	5.542618	3.620114	134.874578	70.519834	39.926645	128.185662	13.060934	33.739701	 
7.037433	5.572389	0.489937	16.441296	58.086041	56.897335	63.073237	37.033537	31.011765	68.675164	46.873601	14.463991	43.391717	3.345366	10.044596	34.835119	6.725112	34.651883	31.420856	40.502043	60.218674	38.890918	51.121444	3.366982	145.338327	26.541621	9.314116	36.444674	18.371353	41.623326	7.683771	70.688869	21.031217	13.008606	8.829696	42.025568	38.663336	55.365047	75.607440	15.306867	55.174891	52.860769	34.881981	30.324785	20.927178	26.814664	42.197767	8.147532	16.691954	65.043707	30.746716	26.922080	8.550566	10.473958	69.157749	92.081485	12.594153	55.639055	46.364341	84.068099	6.764686	16.408852	3.132925	54.940652	52.031134	 
45.123990	22.271661	11.555060	0.998890	26.951415	6.092704	23.451937	26.560369	19.161820	17.399064	5.630953	3.305591	9.468008	30.872944	1.986825	25.931050	57.614560	64.707224	5.661464	45.194978	39.152936	19.349000	21.339578	7.972008	25.706419	51.453487	21.419980	58.774823	36.689910	32.843789	42.819321	245.602367	8.305896	10.365165	21.621286	39.968839	51.647026	58.474988	21.301822	49.284045	14.863332	35.907964	0.531048	39.011626	78.232864	9.737371	3.562046	13.293925	71.310661	6.500148	3.986451	34.014009	30.092927	0.667446	3.575540	8.587440	55.270064	25.227028	31.134691	21.808449	26.657776	32.368704	29.615238	12.263362	10.790010	 
15.650314	26.659153	81.099166	9.398854	8.269930	8.213494	48.630476	52.553002	5.103642	27.220767	23.613293	22.314630	77.182646	72.587520	12.711231	59.373404	9.199538	21.082914	6.151179	154.226801	7.530152	42.033017	6.309670	22.229309	2.377526	23.452514	18.986698	21.220194	105.025248	0.401963	79.259056	29.661573	23.678908	16.163581	76.484806	130.869461	83.993919	16.766250	36.606339	30.744700	83.084463	278.135133	10.109416	23.743115	140.086737	63.505343	10.303207	0.725646	9.835231	4.581349	27.796795	28.701426	41.335567	33.223808	108.266162	22.754179	8.484688	43.832782	21.090764	14.466614	71.144813	107.225174	5.638450	40.937033	22.770110	 
140.391375	1.180056	23.815839	34.103349	3.503626	42.009086	15.898385	0.971835	31.013049	105.088902	37.703721	35.021279	36.371901	77.355976	33.127736	41.044180	6.073805	34.217428	15.599232	214.494349	64.557894	43.908863	47.514524	3.339592	32.945339	72.205206	32.897478	7.724624	51.290192	96.279971	17.659029	62.368576	46.152623	13.786140	21.552144	12.844905	34.390718	19.846004	190.423352	30.535363	59.538352	10.349664	18.953251	31.098437	23.633880	18.124829	56.238730	42.782878	39.024724	28.742601	27.299521	56.914112	40.345758	2.504668	16.846650	6.058056	128.028571	25.965431	12.719443	63.533263	64.533230	24.730621	15.234842	45.136743	30.170037	 
16.098080	89.570822	23.678039	2.985689	94.059488	1.183782	62.471952	16.601076	3.884775	21.935169	2.405553	43.423089	64.279998	15.330222	10.155204	10.944468	3.590031	31.561816	52.313533	15.671189	30.626348	33.950018	28.614888	147.206983	57.317308	132.921063	79.937436	7.614714	80.777218	4.659918	71.408170	32.335898	144.581624	2.176142	8.837879	118.131098	113.417791	26.219042	18.584057	66.822243	11.497565	22.544952	1.009721	0.717582	25.466840	120.816875	34.236070	29.410306	27.140397	104.101205	124.638094	14.722303	56.120628	5.357297	40.296761	5.412687	23.254449	36.493683	16.552020	75.903488	4.638277	20.513839	3.367863	1.454935	22.698357	 
4.114324	30.465190	7.458404	29.453950	8.905902	129.597236	1.773106	48.244248	86.127865	22.123653	198.954106	5.198446	11.852897	55.384096	8.711037	262.588917	30.302657	52.038651	108.393342	0.465246	33.167320	60.996041	110.644243	61.383603	43.916883	26.198775	69.885851	60.371640	10.827041	12.803319	26.156724	177.150853	61.894097	0.756556	95.931767	33.296753	18.446600	77.117115	7.462547	11.262306	29.293673	2.525401	21.712889	4.413211	1.487276	33.889215	10.059992	81.740178	10.054966	24.503151	70.784833	41.763259	25.028164	64.532913	130.408335	44.013361	31.637664	7.943379	121.498290	35.409001	14.319232	2.683502	8.898674	32.632111	7.449766	 
9.196023	118.170550	68.148280	10.245716	14.916502	95.021026	19.491801	7.279824	46.459798	18.140887	13.917094	14.574835	109.937561	6.475734	15.247033	26.459971	10.145293	5.217736	21.423918	31.601041	43.755842	4.007428	10.493754	23.561515	9.205508	3.560824	82.163366	56.918134	186.194781	17.580386	2.314121	19.786769	38.070537	4.480710	49.157633	79.635151	36.926068	34.623310	0.426384	0.710393	1.327416	11.720993	197.136460	7.356303	58.879792	57.402465	14.428059	7.695564	55.780564	359.228618	1.004707	53.602214	14.858972	62.651009	50.519685	19.098251	58.019519	24.679429	18.051821	11.302860	23.807072	41.544338	11.026451	24.022975	1.779337	 
99.740997	30.806947	3.843879	23.289352	119.301234	66.863307	48.996370	51.529439	2.126666	146.902178	8.325293	55.474683	6.138265	69.473032	20.823896	0.780285	7.831245	73.695926	70.797317	19.611786	2.846303	18.769308	32.936102	85.663844	41.031061	16.072202	98.840754	2.996090	28.121900	24.435163	9.471316	77.567224	31.668563	21.402179	0.581239	2.713810	28.620168	20.489833	21.723395	77.510216	20.452211	10.974556	65.936579	52.712034	12.668292	68.170345	32.609141	15.534643	25.389307	14.050072	30.267638	5.375538	1.680081	44.205515	21.094045	47.290619	25.358747	49.650896	28.023665	21.711699	132.768039	67.318525	41.969214	165.130653	94.134797	 
39.288159	67.856855	20.800326	26.529985	2.110840	22.408566	11.097012	31.705021	60.715830	9.184987	6.586677	4.981995	34.588580	0.447016	24.271128	59.415413	62.755169	10.990781	14.687498	18.364842	12.784042	20.591654	34.033959	28.055874	8.306981	3.595555	13.047120	79.796204	28.885297	35.153854	19.294133	25.843930	18.095737	5.402297	18.576117	41.899856	5.544380	18.373037	16.220841	17.353128	1.641255	153.229881	2.545793	65.616980	78.058453	3.977821	50.975873	13.539545	37.939008	39.206362	185.088971	20.182786	7.427225	109.529287	3.265829	41.481034	17.754763	21.215781	2.965559	74.169495	42.662489	0.555483	66.710150	46.773532	0.910434	 
28.817527	202.112835	14.483830	132.361833	46.510527	18.914380	111.286121	42.627660	37.164896	29.930867	6.077085	13.566101	3.043372	80.916814	3.836694	81.781457	23.602989	16.758211	16.888723	87.064798	8.412205	72.485920	10.266042	23.395065	38.901231	11.071420	33.595711	3.939362	0.486234	114.404225	57.737494	36.096864	73.723573	3.597782	1.106233	5.234274	5.815520	12.761251	6.658020	50.407577	33.246375	0.761377	4.373971	9.975773	2.575924	91.713126	74.947591	54.964903	12.815407	22.290461	37.853632	22.231108	20.656132	15.172034	53.141080	4.590419	19.973150	2.961155	34.063719	57.096111	113.019473	76.916475	19.850798	2.259546	59.103922	 
48.054817	17.166463	2.573377	8.218470	60.326824	16.509523	9.390521	57.171530	3.433815	47.849067	31.116913	7.255564	74.169615	4.060784	31.209200	16.472604	4.130707	12.508597	13.178790	47.509178	47.115804	18.039088	57.128289	28.070503	27.783965	92.733663	20.395246	7.350610	73.202946	42.678024	4.621183	44.919586	31.830577	104.836550	55.854515	0.510166	11.055092	8.493113	24.493141	30.895251	105.537096	12.523641	26.288015	165.679633	181.032227	4.053127	2.018415	79.313821	5.744362	151.170255	28.656304	67.073074	68.585816	6.188152	36.762034	16.964143	46.476654	34.402828	8.205296	14.100893	26.137011	2.501980	9.608527	9.807800	95.806852	 
72.504990	13.064783	20.945392	7.571278	37.967613	32.136130	11.429366	42.675949	15.545267	30.736932	28.795399	92.494259	16.939019	94.099459	6.832907	6.569176	37.868319	12.531617	0.631102	13.072210	41.613915	5.690387	52.407204	135.393560	113.135324	72.656794	25.914081	9.310825	63.009562	52.875278	33.224699	34.333518	28.119579	11.086856	11.306470	60.661437	99.207368	27.828887	32.949571	38.613140	11.734386	2.073816	120.299796	77.734046	20.897848	99.152929	118.886108	122.955680	141.455475	69.468771	31.606729	9.727913	52.718530	9.900824	65.958306	13.964520	119.550559	5.388960	57.991992	12.882499	22.780111	32.693496	49.847429	1.125458	2.186512	 
24.425563	19.144721	11.924614	138.465712	112.044222	43.411112	43.384372	6.697533	67.612330	32.544330	4.301732	40.772778	27.432594	4.286381	17.084447	30.186141	45.219491	21.723903	9.043514	26.356503	39.343186	31.040428	17.410549	111.832426	6.465696	42.688880	55.444550	23.995664	29.223224	62.715458	13.074511	8.352295	40.184413	69.416395	2.882514	184.631825	124.433908	43.290748	12.464102	83.942151	57.351394	17.422235	10.226556	26.571498	80.964197	41.570035	19.655699	19.579494	1.279954	26.064964	45.407050	48.282456	6.133908	29.805683	146.464429	18.953550	50.696875	32.229235	3.675698	2.786634	44.894918	20.839053	19.487364	12.836445	85.764966	 
34.006897	29.790056	46.894588	2.228513	85.844230	70.549725	68.332987	16.317022	92.733589	70.878731	3.093854	78.197700	21.176344	25.081134	14.739516	7.628234	46.711880	33.591755	0.458532	63.768930	53.207004	41.973695	1.659151	79.204971	19.609985	97.563539	51.101355	128.912249	28.447685	0.290899	95.175192	75.470339	80.668565	54.383909	40.524411	21.317186	39.648851	166.515992	4.953213	108.068972	34.724474	37.002209	63.413995	6.439358	84.854151	86.908383	13.418502	109.331352	82.146347	8.746925	67.204628	18.798277	34.425910	11.738863	25.659493	1.416196	44.499457	40.459634	53.224950	37.021418	9.916256	17.387692	14.414668	1.398651	1.242686	 
91.202812	12.770004	3.699799	12.425965	4.613071	49.569848	119.474090	1.839151	15.700254	61.716323	40.281814	19.786683	21.520877	144.111192	2.979551	5.123393	28.780368	39.815529	75.097379	250.447779	13.433282	26.569703	7.465950	7.137189	46.389600	4.340951	1.919256	35.752680	60.714296	123.788391	35.852771	62.570453	8.855549	50.260516	1.575906	30.679944	15.802674	117.494487	49.517031	0.595018	56.339503	21.066886	118.670950	247.457324	73.723308	135.055074	19.320827	96.774230	3.887940	6.833910	11.815894	21.913807	26.191294	9.823820	2.735950	93.481787	39.783397	3.522665	6.334804	59.101441	5.564875	38.649818	12.542061	91.175676	21.209721	 
9.415880	51.188272	18.101368	99.642060	13.390932	15.362020	4.489780	36.324330	11.795405	53.522483	16.213317	18.365937	28.865065	51.505196	160.313003	34.808733	1.236309	106.835567	1.567164	57.134671	91.691122	41.345063	73.048311	8.584138	39.942740	5.405849	3.192774	23.570160	9.999571	8.353143	94.662944	2.553533	140.073152	14.415867	80.944224	18.973533	64.145778	11.940065	5.986046	111.804749	91.639633	56.507515	2.685724	25.035554	39.954863	125.239127	18.282914	48.833154	28.445968	6.501699	0.144616	9.777619	36.455702	1.512233	17.289539	12.525979	37.615671	19.110290	161.772591	7.629317	9.792567	48.064179	70.429957	31.534046	51.237705	 
78.312652	9.337157	48.713706	12.877538	4.607065	8.081935	38.978453	55.070622	36.099196	15.030060	26.276044	86.794190	35.644998	27.877481	11.705357	1.424139	58.871169	0.256396	9.240901	17.549906	68.030836	12.380580	74.533191	1.791980	17.043171	39.994529	46.155913	31.413388	95.903048	144.556339	61.909115	34.971238	10.162384	21.570962	13.631939	9.494612	19.998372	2.856108	27.834554	3.055665	24.926603	50.740768	22.469768	31.622220	0.619121	3.033403	99.924896	60.137052	6.396175	142.619619	14.781842	3.170271	8.730735	174.875587	25.841769	17.953608	27.395759	35.182613	19.478659	59.795403	78.374667	54.772804	21.818458	21.089929	47.102772	 
43.014076	26.432150	20.347684	23.134909	1.391086	51.811562	0.782311	40.633848	106.143154	1.283462	2.970359	14.986889	26.038992	3.523046	19.839206	3.015820	39.784099	1.641848	2.388693	15.586792	9.479186	5.895093	65.830841	56.816789	64.342677	72.517965	1.027023	28.090076	11.107464	37.105162	77.571204	16.394973	44.893792	96.360044	38.071945	59.584293	34.395505	9.910273	43.885495	70.069007	51.433899	21.477595	8.186779	31.458358	51.415931	18.286900	25.221893	84.687753	43.334436	34.933476	8.871985	11.352636	83.680753	109.832058	87.883244	20.939266	47.088467	29.750937	41.577637	52.042266	46.137890	16.752240	5.015826	36.339101	54.779771	 
22.338945	15.268775	17.037753	59.548515	48.071651	3.918618	47.665755	9.603087	25.241859	83.734917	32.287596	9.132826	7.457324	21.735437	57.544288	24.054882	24.397960	18.046854	60.640798	1.859555	1.947144	30.252499	0.272854	122.218211	8.979136	168.051181	13.777911	26.631494	82.381399	13.180393	114.483221	146.849760	163.367150	34.509812	68.322730	28.363368	6.603291	4.697220	17.025842	36.063610	13.560108	2.261384	144.287345	99.866248	43.422709	4.840365	59.946558	12.875245	30.141644	57.729572	10.680231	114.562239	176.818363	2.957887	65.889280	39.227054	13.883959	31.605994	5.189357	85.403491	50.424550	71.382317	6.505224	21.719646	19.509480	 
59.493261	34.783168	75.203442	23.549669	18.509988	1.012387	9.396589	79.277688	11.569048	18.846351	43.648426	8.547935	118.203918	26.425720	29.386724	34.181799	22.598334	5.414568	35.011665	38.153731	13.099446	85.085136	12.487460	42.073414	17.479136	3.123424	138.742536	17.828164	61.398717	3.454335	42.386992	25.333706	50.595157	7.618388	6.821373	2.542908	38.192377	68.909017	66.554156	23.326738	4.013750	59.492212	83.513314	9.017684	25.741828	81.646103	62.651111	21.772680	15.639083	108.336850	23.379725	23.502216	11.539433	82.703156	27.829699	3.062097	23.196091	103.390192	18.797737	45.942180	21.233493	25.917417	61.116921	13.389958	36.942455	 
45.403282	14.631576	3.161565	0.243136	78.008168	1.949945	59.859468	8.947814	51.220403	1.319407	69.432459	7.980661	1.153810	10.422127	29.788283	6.327504	58.878863	83.674584	44.616415	21.887782	9.073741	2.321821	4.211938	42.808910	9.674063	68.123145	23.597540	1.947236	19.261808	35.780248	4.120726	19.596570	54.347852	7.301894	1.302483	8.594977	65.416603	106.334861	112.411495	61.166240	4.774803	9.138217	17.471827	0.752071	248.300488	32.569602	100.937632	58.115460	113.617286	32.441721	51.525365	61.138856	6.126116	155.596402	110.851335	3.258148	0.840260	4.519987	4.520633	110.258991	8.912592	1.063584	73.090138	191.992035	11.916185	 
67.132114	24.379964	4.938014	8.108081	31.664513	2.169755	13.491786	44.853994	11.740572	22.904723	3.186461	143.653681	62.557748	90.013829	11.308000	21.786888	18.711332	9.709953	12.371128	39.405919	58.779806	26.458770	5.091432	98.454110	43.490299	113.929047	5.924400	62.982806	25.847490	46.411925	33.795654	22.661693	4.507706	14.389467	15.152300	6.024241	65.082478	41.939510	18.950895	39.593663	102.072887	65.418172	5.422151	35.776823	19.701181	13.397537	59.104095	14.032600	5.772644	32.987662	27.279938	24.131479	13.693971	233.437426	10.868176	12.936135	65.131927	48.520962	25.638242	8.209965	55.007663	80.564764	9.478591	8.097352	33.183144	 
247.469768	60.024470	35.618801	29.902530	102.610952	57.216582	84.991163	31.788409	53.661989	58.949807	2.176941	20.368530	61.829483	33.431149	63.492369	28.096987	25.210861	205.589919	56.009516	31.835265	58.716044	1.218195	84.231292	13.470368	12.527224	38.482303	43.210643	43.218515	77.946314	38.968422	10.126400	20.823306	122.609586	31.590032	15.451424	16.838163	75.874580	23.208375	31.693617	1.289176	19.430136	11.523559	164.115830	2.606275	176.728581	80.833314	8.650298	32.171399	68.187613	12.139090	41.821816	46.214193	61.676157	6.452165	2.346469	87.402672	8.061204	8.598566	60.363991	44.009981	28.820669	32.186045	6.225589	36.658045	7.308937	 
16.540948	94.497399	5.709309	0.072260	47.607615	36.866005	32.754482	14.703289	78.699865	16.930743	29.012346	102.105684	115.226403	93.754374	5.979758	10.772457	94.265998	121.560991	12.361159	103.685522	22.125054	45.323313	17.854947	12.200668	3.009533	11.538043	15.935292	14.065707	19.463096	66.572660	73.692201	4.848629	21.194246	41.807262	19.076191	23.877107	15.132806	3.405824	64.615566	24.732275	34.515895	47.935278	19.098686	105.734380	76.733341	12.749935	35.999172	37.789315	39.132362	5.727383	19.877167	3.465697	14.405977	26.224017	10.062253	6.881865	63.813184	45.164208	1.424916	53.934399	85.925704	5.387415	0.886044	42.392020	8.235073	 
48.682666	32.404212	55.253518	125.239957	111.046284	22.134020	57.353049	54.985683	12.251347	18.564840	86.723843	4.166384	4.367328	147.341777	0.666388	13.735915	136.804090	27.945146	4.510475	43.578889	64.344894	64.711887	142.619164	16.828009	5.911147	3.959883	12.413956	32.845828	8.731171	0.626225	31.230264	22.191300	18.365409	45.225199	21.824805	32.922045	16.407911	6.699122	63.570442	52.591414	39.712787	145.738800	5.461054	11.758488	16.061290	97.345825	13.259125	29.577647	27.272277	27.108907	46.803584	13.323044	47.805926	53.862054	25.817323	20.123766	17.402890	20.478307	5.284870	169.450432	104.921933	43.711368	4.392987	2.919699	21.845579	 
174.675817	39.290401	89.275586	4.999176	33.539704	67.196569	56.816356	72.150442	5.127202	41.635099	94.139102	56.775564	23.921398	297.425257	10.158470	4.565426	2.809624	17.651808	42.046169	2.265594	124.335260	16.760566	45.855444	27.157769	47.123389	9.406895	2.714134	70.786138	35.125515	18.711136	110.296343	54.138627	38.941137	32.368071	8.224481	47.141009	14.449191	14.859937	52.176468	63.346957	66.457547	14.145905	195.389418	67.550773	2.457981	5.707746	0.417444	24.201877	4.841583	116.044986	15.367241	18.481594	84.098455	41.834529	10.909352	4.445548	16.981808	43.758898	43.093729	22.581840	37.239066	10.146984	44.667660	18.910292	16.929824	 
20.789007	52.103733	12.469849	24.813988	27.373277	6.039788	1.061232	44.159825	0.580241	67.413562	21.118241	5.221119	25.903283	54.482702	33.393967	7.600948	7.037947	86.687494	9.095936	38.985722	64.320283	10.197943	112.527260	111.989115	8.315922	1.793956	48.015143	2.151878	68.474317	71.938880	56.977532	41.121971	30.196105	24.647692	24.956399	72.101139	194.812395	29.249510	20.268686	22.233236	25.300912	50.710193	12.817392	23.345857	4.716214	78.658543	15.367688	29.607965	36.605346	2.101485	8.241391	58.774012	22.540217	75.607685	71.646540	144.612938	12.006890	17.256294	32.746057	45.195350	9.544046	2.247695	33.466233	57.398761	24.948326	 
183.854648	41.813036	5.570995	6.441393	11.348723	4.981046	1.545606	4.866218	21.857105	1.234533	36.174993	4.952223	15.778856	12.068283	0.261578	2.759666	0.569168	9.687074	66.097639	12.785130	10.498076	40.108145	176.066998	23.897219	4.349143	25.176399	3.695431	45.852336	25.975814	9.230054	15.660385	108.270807	142.867755	14.063224	30.926201	5.283759	83.370572	3.821716	21.649076	29.001530	15.200789	24.780410	13.411917	30.027469	19.662227	32.351744	82.845695	58.363461	59.371854	99.801677	60.102628	9.563201	11.924852	57.236020	64.057741	7.927179	31.555618	104.342750	29.720374	5.889456	61.169186	73.129190	24.820012	156.170428	5.516707	 
87.693135	54.731210	59.688331	8.183678	46.438774	8.966942	68.970027	7.936367	85.677758	46.734303	49.528608	61.953157	6.800570	4.810162	68.431716	89.555111	22.592656	65.017644	15.393418	85.681083	1.402658	3.520764	20.663813	8.701895	24.868745	82.809046	37.930013	17.625177	3.920075	4.461470	52.825369	34.260368	29.432556	8.282652	53.394286	66.542431	52.915011	18.770949	13.314016	1.346316	42.012934	2.200427	166.636804	22.573906	6.237698	45.744305	1.126295	4.421679	13.457217	30.333923	29.054484	0.803470	43.048715	97.915036	69.499035	50.182392	56.999608	40.829639	1.483764	11.096730	55.237188	29.776614	12.901386	79.605926	34.009678	 
53.789717	62.479910	61.809302	50.687727	67.856851	291.333023	43.090670	52.128846	21.629074	53.411016	13.581362	27.101036	30.107498	79.379775	22.028514	3.563468	10.373678	113.888228	41.727169	18.794082	9.650921	6.169077	127.696504	8.553617	58.208040	21.065947	25.253497	17.614574	16.726625	25.444391	1.826453	6.300371	116.717725	0.765679	18.754914	5.626575	40.215528	66.573149	99.544798	25.849155	58.962628	115.096569	28.302562	32.333093	6.656620	22.445561	41.360958	41.807442	109.789151	16.190642	3.669376	71.825695	7.298007	37.666395	113.564683	45.246039	69.009188	8.617607	30.260327	2.523056	83.454121	10.610410	42.866928	41.538767	77.808147	 
146.596328	57.334241	35.564208	0.374350	15.316434	65.456537	27.194921	13.193968	10.577225	127.360323	40.118269	59.616931	36.807728	11.426272	69.837000	25.346023	38.711923	22.901903	23.503470	50.627184	19.589144	73.937786	0.821315	2.970044	4.482024	12.028372	21.837914	50.227159	14.233376	2.343519	5.506618	3.775954	23.570154	37.469336	43.690615	19.744211	5.047658	73.453939	47.031263	93.398241	29.095972	10.248106	14.995383	111.507702	78.757146	15.348805	5.229197	100.752452	2.688819	40.985104	90.698455	54.332988	53.097401	24.430051	5.978623	21.114885	1.526360	4.136003	83.240690	16.845732	47.995825	48.816257	0.210377	3.651111	22.583646	 
76.700824	8.266656	25.884758	24.582765	132.778697	82.451417	40.311081	8.033652	113.259371	43.608686	15.260094	9.431180	121.200362	5.887178	66.978997	5.468625	2.749307	12.176306	18.040182	38.717984	51.864794	50.589263	69.884904	22.863388	18.392296	43.940986	60.135388	44.454615	4.698763	22.729640	173.088087	49.780255	5.375871	9.738839	77.779342	33.091451	12.735236	1.257919	7.594178	97.197162	9.024414	32.421234	66.065509	66.398505	5.659068	24.143800	17.453687	114.919048	98.738709	12.274300	38.945044	9.950598	9.049761	11.793419	50.949766	17.340792	93.178953	109.218257	10.149347	50.646915	41.625618	8.734821	35.698632	94.442045	104.547229	 
120.921261	3.814445	31.519497	27.253407	1.089330	41.114511	69.024583	41.746201	27.876893	68.258482	75.896145	1.539656	0.724646	0.245620	71.143452	163.481063	156.823174	4.795477	14.139377	42.966660	95.124675	25.908491	47.373989	60.501679	25.232794	41.890215	0.768689	1.117532	136.919174	20.439018	31.246744	46.975257	33.022781	11.811080	93.739273	16.346218	4.099227	61.043986	38.978595	41.566835	25.723136	81.742144	29.782789	66.635554	220.799943	8.559192	1.262202	1.258753	72.376990	52.395719	82.186032	1.032832	41.923019	127.008606	17.096708	57.732946	116.125620	63.039204	36.936975	196.149798	36.599958	54.651217	28.791869	41.236391	4.032325	 
145.425255	11.024495	57.812476	0.781288	36.695485	51.232650	85.302063	110.435036	54.074386	98.016177	19.679053	2.263790	11.513886	32.041256	44.886047	41.868228	103.778998	54.910215	23.488727	12.404124	103.881306	8.696315	1.765917	12.197251	5.092653	81.217094	30.752598	7.453649	53.281309	15.563773	50.909881	42.041572	24.666360	143.781787	3.506720	4.452834	36.664891	32.629142	69.133871	1.665544	11.208371	12.707566	2.261079	7.929152	69.178744	2.323546	12.842070	81.998605	10.379689	34.194742	29.904991	32.313955	13.472556	25.883827	26.256001	80.933083	2.123325	11.669296	25.114232	5.581975	9.349623	111.242034	10.627868	45.323616	69.410344	 
110.491741	22.579728	35.864776	2.228449	28.280151	4.849332	12.568364	21.342267	2.413692	41.856396	116.211597	104.893699	58.976225	17.276493	11.491943	2.635421	36.218673	1.472781	4.222849	59.638180	50.887520	139.284462	99.479744	118.413938	26.512626	87.862386	89.166820	12.946269	78.871775	25.770174	68.922376	32.344792	90.483672	33.121541	162.337325	0.448883	4.936412	33.564260	9.459874	36.671534	31.589939	129.493666	24.493419	30.177232	24.514728	0.646058	13.376409	32.203831	47.749412	24.165357	171.966026	7.733552	17.654068	104.565217	1.013023	3.229715	51.245309	8.409002	65.963453	20.756852	13.057338	4.525963	0.803502	4.047207	4.008812	 
50.376415	74.331385	12.826823	6.389762	19.919317	8.217255	13.351102	35.713403	70.278981	28.096877	25.337157	71.533393	6.430495	0.931369	0.642862	106.680081	3.505705	3.811302	11.892308	31.582399	0.832907	41.414661	8.449559	68.950658	37.243488	43.103803	62.451192	27.129866	73.005780	3.001701	17.425183	9.593745	45.247791	27.166342	73.012766	62.887724	6.126690	28.004857	46.881493	4.331914	43.032104	77.816797	51.714615	13.272439	36.024971	34.892757	7.000125	0.796822	338.035786	150.667499	43.877592	30.855775	26.907155	6.517055	48.681223	20.590639	11.769755	18.318394	6.198188	45.015423	52.842748	70.713059	83.886186	60.097191	39.205236	 
10.117505	4.892009	4.596418	22.967612	20.439596	69.050477	33.439020	78.071931	82.203172	1.108761	15.613314	10.832405	2.010563	1.393449	77.568752	59.507407	23.799646	35.125675	3.472005	2.442835	38.521310	63.914913	41.517017	95.267739	39.654727	33.616605	77.850751	25.458484	2.232136	68.079383	29.490054	16.547724	36.271720	14.660274	101.854863	15.568541	10.992137	2.287902	24.103245	36.230390	138.997145	55.307465	57.178538	14.806044	54.615192	20.791264	35.746991	52.138769	0.535292	56.743399	21.329808	18.633219	108.885850	22.071695	21.709420	19.139849	18.137357	8.045146	62.727699	39.207280	32.269868	54.461386	16.719749	7.617062	40.102310	 
124.479063	5.823151	83.923298	67.220357	154.366683	26.234586	64.046699	4.904368	15.104136	60.672384	66.946729	20.019414	17.183031	3.850172	7.068671	39.568523	11.109971	107.087073	12.703905	19.845694	18.791420	45.444074	33.617739	56.216702	70.301042	70.241835	31.809745	9.934564	21.070837	23.549728	45.890582	101.064042	2.593665	11.635721	2.229683	2.481438	7.281886	25.968297	15.536467	92.614688	11.176884	24.459494	6.574556	34.211334	4.674132	5.361325	32.625475	40.932779	40.352818	19.456570	65.804820	55.350991	23.695478	14.291215	1.643767	5.996905	31.311396	48.454146	1.978213	6.792351	48.884011	50.689261	16.926711	99.864102	36.855399	 
27.560637	25.964195	50.192716	51.819296	51.596472	72.379742	26.159243	18.203573	5.570688	3.189111	128.503157	4.579612	95.358979	36.514849	33.767554	25.920335	10.266096	1.839996	74.294102	10.933088	18.506610	15.648411	6.028104	89.116470	20.808061	2.546410	14.763830	98.477605	195.455828	4.627017	16.417775	7.304394	78.487379	53.105147	17.499216	112.661748	7.949066	4.663181	41.904230	3.955963	6.863224	40.603055	43.044426	26.757972	45.325905	0.870478	4.225897	15.783109	20.905405	4.354449	148.113148	5.685337	45.497427	16.051154	82.120517	92.348686	18.103709	63.467947	65.781544	81.803776	15.424735	7.383977	241.548912	186.275604	6.701422	 
70.954085	256.124324	23.554896	94.897381	111.000103	63.895741	0.155657	19.209820	8.444211	30.324047	26.151625	78.615141	46.166041	11.825710	30.927978	129.471478	8.227663	31.577756	115.304149	2.231700	12.760899	0.683824	13.984475	57.967272	17.568854	62.754737	71.628407	57.248696	13.141904	15.488741	35.556443	5.948222	20.428755	6.253919	15.996581	29.027550	21.246445	188.278769	17.875403	34.670967	1.308366	15.441244	85.477666	174.615964	28.500023	10.722167	4.040487	46.078828	1.641931	151.329799	3.866070	0.783343	40.573219	85.333704	36.434107	18.918241	55.896764	21.256662	101.145068	21.551458	61.338814	30.541710	1.851215	80.580332	8.284858	 
9.061007	6.388075	50.954529	54.495288	46.221617	3.112063	30.725972	160.425767	26.679462	13.478867	33.052397	0.660967	86.107593	28.326925	58.027913	61.409508	32.681334	8.512418	31.303296	1.886447	18.077780	166.169684	30.232646	45.871850	69.900600	86.423502	2.721471	49.989136	0.257228	2.658577	5.924566	112.359248	13.922176	12.310224	64.857110	31.678383	101.703628	35.543359	4.927404	13.390706	19.273030	1.178319	51.869662	5.178463	160.094883	16.066061	23.668232	11.776879	59.236065	39.851288	50.142419	42.345072	20.712809	44.300112	19.288309	0.550025	27.641438	4.743000	12.666553	16.344654	81.901776	7.321712	27.330832	66.796542	50.534558	 
8.535017	37.442293	102.455619	77.425727	51.914115	39.057483	52.507450	23.185311	9.254705	180.860271	60.121791	32.974455	129.056130	72.960778	18.745899	31.652363	10.568884	1.806263	77.171129	23.904445	37.615138	7.204174	14.589441	2.616889	1.548343	17.538617	12.615377	8.400268	3.608402	0.955705	12.208917	67.255905	77.295945	72.004831	43.975117	20.696658	21.664983	9.110352	9.649608	7.927186	23.847793	84.057478	6.387579	33.072130	50.778230	24.766937	2.731267	66.505339	4.070307	47.942518	92.380817	11.174023	185.771514	56.201038	17.745906	50.527546	75.531805	43.039480	100.264882	11.156077	7.220110	4.650321	25.086095	62.027466	20.950261	 
18.124256	1.218297	23.179517	9.169122	81.463980	36.169358	7.486051	12.836770	0.663024	117.610205	9.017643	8.981713	38.268111	106.211867	25.447964	53.397153	26.605499	21.679208	85.290241	35.451568	22.964611	124.580990	53.487408	42.336265	24.525657	61.542150	19.665098	58.876377	4.509453	104.324794	0.998945	38.133739	45.169109	19.241352	30.536535	13.730876	44.314647	4.935807	57.186968	31.866180	25.061701	20.433673	37.920068	3.416645	30.903505	16.566745	32.813191	19.313872	11.349881	1.540482	4.519700	25.808703	31.709148	245.413838	52.587541	2.385933	43.497797	5.808521	7.845833	109.865022	122.746585	38.814640	0.988068	35.848216	10.169260	 
42.557789	110.733850	27.211107	17.159296	39.398158	34.265953	9.855325	14.020821	55.015347	66.526990	2.379042	58.978841	18.764162	44.038917	35.750186	31.100356	50.328062	62.338148	18.465995	111.473793	44.435230	79.642638	5.172749	123.185025	54.130355	17.189211	40.128845	11.916726	19.471221	44.010545	92.070161	22.059842	22.925100	17.991457	20.114831	32.850995	37.620294	64.065897	36.887967	70.513793	31.628638	51.170403	14.637219	11.717013	9.002925	66.411856	8.603368	73.637736	38.320249	34.581162	24.291503	40.854242	67.366766	60.079279	64.781292	164.950972	5.086824	9.105501	35.431746	4.209516	45.218106	8.608361	22.655954	60.242757	25.815262	 
18.770998	0.470116	8.718983	36.442224	37.026720	25.993000	4.888840	14.882315	3.269475	18.848927	17.481881	0.582767	32.708941	63.324088	47.876772	29.641205	98.090710	45.422576	35.411701	1.988767	23.060721	8.466025	77.098321	53.255563	77.133593	14.361071	147.449573	33.111656	11.098809	234.781666	3.015318	15.550137	98.599004	68.988883	14.585429	50.982146	31.826011	60.692138	0.259711	16.148826	36.966192	69.120633	5.299227	16.392327	5.418931	4.255577	33.684292	9.890541	35.411464	36.746925	44.496635	92.490961	51.534695	24.972592	61.690325	102.430882	16.984420	20.802810	6.532718	15.600585	4.213910	31.626602	39.196261	8.873954	2.558943	 
6.591919	21.850661	1.478005	28.149105	25.983784	48.232941	99.133431	3.652529	14.509704	35.748242	1.827629	188.547091	5.943089	77.096069	34.453815	3.995126	9.779106	15.301034	27.722022	85.965756	46.538821	3.026446	11.825400	55.182038	24.236472	4.208729	11.197189	7.429900	18.241440	22.484453	62.383223	8.851025	5.551618	1.909288	20.244296	53.536878	16.866958	8.079667	24.014144	71.269282	12.903309	115.547095	8.005355	59.290019	1.419313	13.355166	0.737471	140.788140	5.620777	8.027525	58.385839	63.543139	21.073354	86.880365	2.866770	16.301634	39.553958	32.500620	44.037072	101.964413	126.743232	69.846824	9.936497	12.693073	5.946420	 
27.058689	42.018550	33.055326	122.228036	14.419503	83.634801	136.109064	83.567793	3.792135	11.675692	2.192945	10.603073	9.990563	7.073461	19.949032	65.612018	0.464415	9.836015	20.804484	0.201229	152.138315	4.107638	2.701437	37.782882	14.200006	37.752756	16.380135	66.445504	0.628629	16.729389	14.992345	29.145645	28.461853	24.442788	58.914352	6.028279	42.983180	75.311609	103.770869	14.059672	47.163726	152.390184	45.439662	42.765721	1.140514	63.614635	9.853575	4.914288	121.463685	0.489154	26.890393	147.992994	13.009276	3.224726	40.757546	6.682001	64.252652	14.069550	6.168358	9.571748	46.728695	49.569796	53.984054	41.006748	0.690707	 
40.211829	182.730747	5.585912	49.812085	40.778580	14.669049	84.830557	50.462130	101.971707	86.603132	41.780067	88.495516	11.430223	25.011025	136.671081	7.304019	48.920061	10.764371	8.018692	34.751915	42.666224	8.794589	9.114153	1.134818	9.121176	76.397631	85.441761	4.962515	28.699322	6.426581	0.827635	49.333444	3.283386	19.040924	118.744582	7.540838	115.831798	4.925075	2.305811	8.778339	22.773807	15.436936	22.750548	83.020909	0.688905	31.457747	3.625547	33.899700	2.950055	160.217030	15.694444	126.921924	27.265484	15.233551	27.945559	62.143341	7.460940	2.585197	13.949625	12.613036	109.865668	21.437517	96.839879	1.861195	12.529179	 
17.082658	117.172770	32.750652	9.377817	12.026245	11.637259	19.683950	113.969467	66.255973	1.156104	8.099457	2.266902	50.905856	113.440147	19.951701	2.094451	35.624385	89.125515	34.163451	12.274138	38.667256	4.846092	35.088028	17.421065	22.076457	37.616088	2.910308	72.297743	35.854446	47.944322	10.748049	103.039505	4.157409	24.313142	88.047381	53.001572	5.364103	0.866274	21.621079	8.331853	2.627679	15.795695	22.680130	35.245313	21.792471	41.604169	4.253761	52.216574	23.922172	0.526481	100.311521	8.343845	36.814642	87.585298	32.899438	20.181605	48.614807	35.515763	21.610119	1.285417	28.607146	21.940437	7.633202	1.818249	7.075110	 
26.092320	53.171167	28.940837	5.949395	70.767809	34.595993	47.898496	2.202917	2.065321	50.160588	71.904353	2.491718	1.957062	64.722532	0.458998	26.351114	34.654682	2.414891	9.833897	148.413252	88.973875	52.293648	101.202306	110.328880	148.719647	10.654838	24.202689	89.511760	61.744634	5.857802	33.152257	149.281022	254.895699	40.309781	78.021469	22.486376	34.152272	108.789866	9.682811	76.716432	9.723581	10.648902	21.295804	10.969104	15.738547	13.306220	15.375200	7.796633	41.350299	81.000750	4.256142	40.022385	39.438867	29.199609	52.063110	5.325195	22.198067	34.191655	6.319035	18.450337	5.122323	69.098148	66.553292	92.452578	87.034304	 
3.474859	10.622676	30.227109	37.858359	76.725477	56.731358	84.252328	125.978543	17.150039	23.373526	0.457500	21.100107	51.102920	12.337140	15.692352	174.390163	35.364712	86.005842	42.403254	45.077242	20.245302	27.970719	3.135137	39.079807	90.387667	74.227053	70.744255	92.290785	34.200695	67.048753	8.222848	61.486015	58.493982	15.051590	31.716105	30.739737	80.728230	7.825839	50.427270	1.930819	93.711350	62.766610	22.700835	66.470201	6.842467	18.459790	10.698914	25.650173	55.085441	11.655638	5.693583	4.446106	21.339196	39.752143	47.548555	17.738289	40.023622	114.685011	76.832333	48.854235	0.503880	8.444575	16.911388	2.753918	78.068667	 
33.963513	36.798329	0.347889	22.539862	35.859437	49.879340	26.200120	57.009180	8.427441	46.764137	77.462342	159.404215	40.407203	17.421760	81.495099	28.605121	49.622322	27.256805	21.493633	18.287676	21.769404	36.419537	14.965601	174.934583	86.766241	2.834304	48.271565	63.517447	19.898699	57.936461	146.347940	13.459683	36.245947	140.161099	81.261214	100.530982	86.032099	101.417696	8.245305	25.377261	35.079011	15.479093	21.570322	2.558594	13.515457	24.398683	22.217552	27.355891	19.542429	6.371756	17.000572	2.601048	6.090732	12.947891	121.295399	115.290780	6.763653	14.772780	16.555581	12.994191	11.785744	41.879590	52.450581	0.629292	108.137762	 
10.934203	15.632719	13.290192	43.239658	143.424579	29.493412	80.703628	28.727588	29.482419	37.337129	1.508082	11.615124	4.734526	27.722490	1.924605	148.876914	18.790530	43.681797	7.207479	46.031033	81.355840	4.509513	39.444585	4.722770	14.456035	23.032018	23.243096	36.875603	55.867512	22.927228	4.679621	17.663968	58.465847	31.844883	2.979590	30.180742	169.450107	39.492617	34.161760	123.159425	17.140260	15.327804	32.257418	45.778949	20.260197	10.682475	141.152250	43.194024	18.410610	34.022318	45.023551	15.716016	2.528890	10.190156	1.977284	184.484154	24.192815	33.047902	95.138898	65.955562	20.115997	24.881808	31.595682	89.735574	1.413385	 
73.833320	6.815154	99.163219	39.008394	30.350347	86.255589	38.175363	33.908111	84.680809	6.166992	12.423961	7.745235	16.532192	50.499907	42.022246	6.151479	137.650880	205.508240	17.152798	8.028829	62.194056	21.203221	47.028362	21.164560	49.712897	27.778869	86.812964	0.687794	54.163572	42.261234	92.125655	89.372666	16.506670	14.663986	2.008610	81.976914	13.572183	1.533416	31.347679	28.104874	78.467910	15.542956	100.242456	40.776794	19.848060	53.431417	51.665076	43.597597	27.264482	18.153754	64.708481	31.245676	18.596575	19.967501	3.583276	11.341994	97.868025	19.850842	19.290651	7.950667	13.118278	18.423606	1.059910	14.636229	9.820348	 
60.011662	14.581200	8.323236	62.402482	25.646410	3.071557	6.723509	9.491484	6.465437	16.292796	11.488775	1.206134	23.590026	54.003926	8.162029	2.428966	140.479258	41.232354	8.305766	14.669363	12.784085	10.224823	8.283921	96.982679	59.908648	0.440850	110.963202	62.982200	131.126775	52.129396	40.278207	2.047699	4.793563	44.437559	24.487595	60.973451	3.839682	43.774652	36.121033	1.969446	38.904697	45.216131	37.794598	10.974086	10.706341	1.225305	45.407060	84.997523	46.306427	46.817285	41.507055	39.362568	12.440246	70.915666	79.024750	3.597002	56.518931	176.056631	14.217062	127.090866	24.536828	85.608655	36.612077	37.750072	1.174564	 
14.379088	10.035757	3.585652	12.916567	17.465872	25.398055	8.295366	78.704648	3.524861	12.307354	9.940015	42.000517	25.033649	82.286795	12.830209	32.657904	11.788301	8.024696	5.190275	14.703234	1.619871	9.770826	34.580304	31.067283	14.909459	13.623452	50.626552	29.761775	219.703577	3.183992	25.087025	8.545488	0.434434	34.640401	55.733909	147.551623	14.748237	2.299748	2.139626	23.747280	24.020179	7.199471	15.405581	8.154390	2.543967	12.516430	11.947659	200.258202	11.385437	143.357599	14.605666	55.621866	52.073434	31.939848	6.848346	3.424783	1.620559	43.677568	45.068380	19.137266	18.754316	2.917180	69.318735	7.406171	194.485443	 
59.948316	58.345601	4.206124	89.248523	35.354636	246.589746	67.272982	43.872543	55.349202	13.002018	24.957112	16.434916	33.687594	0.753654	17.450384	13.845385	2.462461	19.403992	67.085913	4.621391	75.631572	23.064527	25.812987	8.211671	34.639835	6.097255	50.484340	92.755884	5.674908	19.562913	95.396737	2.563266	36.729097	44.920665	67.929107	14.603131	6.149960	15.745187	28.690153	6.164690	1.798962	15.936167	19.510733	22.900155	17.912249	38.392394	8.799334	89.261212	4.276033	22.838406	110.717091	44.894021	6.845185	22.443831	23.498802	83.321486	96.921474	5.136740	46.710881	30.639762	5.975613	39.502892	87.688036	36.126874	5.542555	 
143.254587	38.903287	7.021958	36.730274	49.780723	3.111144	78.223932	15.775778	28.110904	18.179035	51.932698	10.727715	11.808779	49.657712	7.251831	25.155976	21.535833	91.218865	20.340286	14.090301	9.158910	59.751146	9.345298	1.250594	54.392892	2.440407	1.875220	31.570646	0.519685	70.154201	77.350325	12.761720	38.933275	8.285752	6.571197	15.834015	48.969447	1.344860	24.646649	14.822740	50.091548	155.541095	15.928141	0.905436	16.668407	32.301477	69.819769	6.974214	59.342480	13.460007	23.763061	10.397593	48.888135	30.903877	60.025102	32.890325	15.979402	5.690220	2.685544	10.506144	53.505135	53.509216	2.148674	42.614740	99.829536	 
69.005304	4.239026	36.342671	8.809986	59.379686	47.457172	86.618814	7.204203	24.148277	17.319084	22.524453	50.502364	81.652530	127.390355	20.292593	58.899413	41.770276	10.666171	12.216543	35.344421	10.543242	92.760614	93.371961	2.182859	45.668067	20.436616	12.207882	1.424899	38.616870	74.904663	3.711416	5.052154	33.526639	38.394649	88.045078	66.186181	13.402245	18.856822	105.918243	5.195168	54.708196	50.844616	7.610804	102.228340	7.687075	13.187345	4.349333	43.876706	1.457927	12.999848	33.916832	28.624380	64.558426	17.604654	58.076764	191.352203	5.337752	1.012768	157.253351	12.909426	39.398882	68.781632	3.176754	5.574179	70.027958	 
28.692897	70.996883	3.312148	28.049296	34.033786	8.872217	45.604444	11.035620	1.995608	5.886152	52.970107	75.882480	5.690713	24.318943	4.135702	74.408714	30.669986	60.866443	19.751615	7.371237	23.382802	44.531190	41.850612	2.778540	103.112229	27.688515	23.512799	13.076452	108.079971	2.533770	25.075701	20.877299	9.969710	34.496830	24.697971	46.161416	10.699241	5.022002	228.368474	6.140681	12.005115	1.710379	108.479982	60.646564	92.105305	1.181230	52.536256	118.231690	150.889180	33.978538	117.183694	33.955831	50.765723	20.327035	6.757083	109.187763	23.131533	18.537952	22.231090	15.691953	9.662829	20.673835	0.974941	164.484669	22.463993	 
36.485890	13.757157	68.379027	19.870164	232.039508	17.164765	38.458674	42.938100	132.419946	25.586341	8.255976	50.764179	27.475633	66.464782	2.893581	30.427166	46.228710	16.124818	21.808441	37.483129	73.844724	20.888623	49.967071	25.354860	33.010249	30.186285	40.749759	187.232928	71.066767	5.759465	25.382343	16.406756	15.770964	32.868929	21.450719	44.574372	19.432593	126.967348	20.395012	40.645103	12.223921	74.754132	18.374668	14.261393	0.864634	103.938882	33.972241	44.790735	6.133652	22.999572	71.651122	3.088823	20.662592	109.042567	48.760757	56.232266	67.419984	18.539687	32.264412	4.753933	17.719060	12.353126	101.113753	16.128591	33.863824	 
19.577286	51.614410	14.843471	160.111496	44.531896	22.961056	107.576834	11.546270	28.704421	7.911981	114.133921	21.106929	35.229896	33.324347	16.589362	168.271541	46.379517	3.139465	28.915233	31.730434	136.075483	3.305275	3.913348	52.486703	18.738712	0.386985	47.615258	52.357666	39.680991	72.941342	153.642405	63.934566	6.679787	44.371760	6.842327	64.186044	55.511984	73.715108	18.203004	66.711445	40.597121	21.325904	2.034141	51.047993	58.318815	3.106975	16.416530	62.022801	65.781015	63.437030	95.890623	80.497956	77.110947	23.046756	202.708163	62.118578	37.163305	99.025838	155.521316	27.168179	121.265349	1.317679	2.540464	87.435008	65.020771	 
14.711766	2.281087	117.298208	228.927753	0.488277	98.240220	79.132743	4.197207	8.598305	22.446992	18.502523	83.576390	9.319780	51.718567	159.960189	22.265187	15.017442	32.617002	3.874562	17.034089	41.062406	19.373073	68.701302	20.810007	12.901807	6.174855	13.727685	35.234336	17.353426	72.119789	13.531965	32.306260	102.224362	3.249313	163.793010	14.078546	96.729898	80.192116	82.624720	43.138155	7.652413	20.866015	23.744654	55.962921	28.022113	0.590726	10.262448	27.478875	57.721605	9.564068	22.608201	7.780681	23.909169	9.505582	13.549278	120.159134	8.341396	11.891227	10.605293	21.286531	1.796543	83.947949	70.634587	1.445990	15.923577	 
7.831401	15.277206	18.257676	10.183834	98.616680	27.971039	13.777410	9.175810	5.923091	7.513520	103.843324	0.574550	93.670211	2.352957	27.514538	60.816486	1.463560	63.788674	4.064385	61.297705	15.054255	12.735039	53.667682	57.236280	196.891126	144.269076	23.879549	34.230522	27.875064	10.382256	29.325775	67.525644	13.489303	19.437352	11.957275	28.333001	36.355822	96.911144	3.897346	5.839033	8.311912	20.431497	0.481598	5.879668	2.261997	7.462665	23.488162	4.297573	32.114476	59.683463	70.067991	25.836356	25.477892	1.953523	7.175657	10.094487	3.487448	14.056236	7.367581	57.415202	9.647312	80.403916	104.128822	53.991047	16.281841	