64
0.000000	176.602430	95.778172	165.431555	6.857061	7.898723	41.254073	10.943771	32.214332	0.151133	71.050263	26.126643	23.309030	141.622058	16.737487	16.490777	85.897996	105.708568	44.381476	40.475085	57.554329	46.353658	50.332302	20.504453	36.052633	101.516242	20.590907	10.960708	32.753603	6.529033	96.306237	31.387191	67.971368	12.987583	58.427646	11.705734	281.400683	0.986158	23.365137	33.222911	5.809368	14.624990	31.268126	55.393658	54.844211	48.246301	18.911468	32.811135	21.855786	119.076212	166.095215	14.515153	0.826787	113.980118	25.533058	63.451387	38.731475	76.028716	15.502470	57.577349	44.319549	43.471365	4.814843	41.978289	66.059590	 
26.518054	1.163924	36.612205	8.233714	116.087420	19.132612	59.743956	40.820794	3.666064	64.004805	4.796478	55.280989	33.176017	5.385550	61.435498	7.558738	35.048818	25.623492	191.863756	15.143358	15.030267	37.019549	31.303710	12.912101	25.165270	44.553503	11.423957	19.711638	44.264046	38.325513	98.299869	15.584081	136.677578	20.338843	23.397810	4.377551	28.072297	31.991299	130.477487	15.500206	18.407137	28.796031	45.658631	30.410002	61.175781	33.978352	10.096857	50.160621	11.544046	59.654079	6.277103	32.828472	93.285518	37.794070	31.290939	17.671608	26.566956	25.494694	2.008082	97.094686	21.695076	5.457299	48.588196	85.952381	30.425315	 
35.526332	4.639495	15.967612	15.642555	17.108725	3.874004	83.074110	3.412596	77.748038	113.545538	29.064731	48.023171	2.003659	2.339977	35.992024	15.699763	68.881538	44.716546	8.614307	2.246276	95.800325	43.059512	35.757545	32.578162	29.131916	3.086438	7.723098	20.279465	125.722237	9.326429	41.093306	25.283916	35.237310	18.083735	1.605026	64.539643	16.473874	20.502311	48.525309	11.364317	1.488264	67.308738	21.410246	44.229593	20.949360	55.691938	6.800162	86.176953	131.128421	7.245286	49.203620	23.219382	34.739001	38.662114	26.212270	220.959652	80.318041	1.771875	28.351763	68.202078	47.735000	9.687806	41.722995	1.377683	120.740469	 
38.337455	11.520534	13.180182	27.729136	67.101153	9.237152	18.132120	26.320573	19.657930	9.173158	8.572500	26.624566	129.490645	48.285076	35.349134	55.722174	9.163644	40.535879	3.052897	5.914443	50.358875	40.418386	7.419125	62.519902	10.247628	30.188444	16.133365	10.610960	67.141681	146.052098	48.996782	8.732987	47.587387	67.251868	4.014824	30.549434	45.444699	19.815348	33.847370	36.477395	2.727595	16.788747	87.971598	53.606142	10.849116	83.975948	13.437262	68.715294	33.613782	38.298119	2.814135	237.558441	3.014007	11.099936	47.829822	33.603942	20.410924	57.850454	37.855976	18.583322	5.582310	135.339226	53.317731	21.043217	94.806182	 
16.742469	60.490237	43.318564	71.640915	2.064234	83.427560	85.467779	2.325510	5.904893	48.140695	29.851708	55.226412	52.503971	82.450122	14.726934	64.717057	10.338184	40.233891	116.573940	6.759559	0.940697	177.744924	5.715344	64.843865	43.631892	5.942901	40.975922	31.931505	28.067727	35.218729	32.730779	169.944936	51.795736	125.697737	11.123847	64.483968	28.565970	18.392757	16.881617	35.299675	37.946528	34.136264	12.283429	42.235457	41.970258	85.372803	53.313337	41.646315	92.620114	125.913165	6.383760	56.978836	12.088245	62.347875	75.026864	49.351729	16.367383	3.729263	16.308258	11.853690	57.258240	37.794381	17.851712	30.230527	1.470818	 
17.519437	4.020126	8.416379	11.013063	17.865176	0.401559	1.277285	5.653170	26.268708	18.688664	27.351767	38.740660	19.232520	19.676236	4.926977	8.354895	35.507250	42.756895	8.355572	4.448186	16.163304	12.823766	15.085556	44.323039	62.189419	24.550645	92.926121	65.402210	56.205638	29.530075	60.764143	29.964280	51.027006	95.971323	14.312773	6.963753	20.766338	35.023032	83.340879	0.500893	43.007434	20.960828	188.832711	16.112378	5.918700	44.564793	21.337609	8.324734	4.801312	60.329253	42.067861	17.064823	94.312127	11.736914	57.039482	48.906833	31.752215	50.635083	77.177370	86.071828	3.668728	4.308785	61.961690	92.614570	31.085352	 
42.688549	35.489097	111.289479	51.491471	35.159536	26.078145	1.774340	103.414699	31.694797	7.560193	11.569344	36.033711	65.591121	132.383022	44.350375	129.321364	80.532861	46.478760	28.480461	91.084983	62.424701	66.298409	15.339734	23.730147	16.214020	35.243748	59.342337	39.436094	34.657262	9.981623	9.745180	14.899491	11.675285	75.596186	10.463148	34.569357	1.434625	92.947317	40.342938	2.591859	33.408227	5.267892	15.996994	12.922221	38.260311	23.058010	86.361095	10.117119	7.116419	0.773496	33.510048	1.593073	109.217244	7.112634	9.545342	95.445203	15.246870	70.771211	40.730936	19.452183	2.670619	30.637429	24.376046	43.197162	65.883713	 
87.542484	16.520857	82.893822	36.589815	10.007322	92.705261	84.951541	4.283904	123.449154	36.362527	103.730540	15.787021	4.540159	1.660715	5.506234	77.766092	34.055352	64.645340	32.434841	38.824639	321.469833	65.326652	33.109099	201.019976	108.303918	70.919476	253.998382	1.323394	49.935978	70.768652	105.768333	22.730922	28.091841	87.267209	24.274293	25.460046	65.078009	26.294114	10.809793	18.645787	5.658299	24.220958	6.448775	5.478099	133.259156	36.208903	52.107957	190.999577	4.641014	30.075752	10.876745	27.686553	3.408626	77.561264	37.622733	1.025766	41.662584	24.140989	39.319621	26.149075	0.970716	72.388458	1.044419	60.680598	27.190985	 
239.525264	115.798943	9.277043	43.960857	99.441430	3.606763	7.012981	23.123819	3.459805	37.560399	7.931989	127.424653	43.387025	31.632508	8.912257	10.872694	16.736792	82.085541	72.708806	13.719801	86.981291	19.780692	43.884699	160.897421	47.359308	76.409143	52.828731	104.185700	98.166823	18.840074	189.158454	67.303735	25.434233	32.220004	60.424243	173.430623	33.568739	13.040037	70.949485	5.141703	35.557453	226.005835	7.636627	17.915665	21.286177	81.170065	65.383145	53.160743	22.301280	11.096425	40.379728	13.690688	40.772496	16.883653	2.178978	17.655420	18.862125	25.800349	149.909228	27.727716	43.208060	8.359498	101.181037	69.496091	47.113909	 
46.252620	208.486216	36.625733	9.260600	60.265157	9.020602	45.077714	29.703729	19.749621	13.460683	11.048215	52.516042	45.146947	12.943391	26.009032	10.826259	128.799586	40.525170	136.441053	112.669817	6.896825	42.442848	10.522667	23.738866	3.300619	34.278843	22.402236	3.478664	33.460252	21.763678	14.504760	19.592600	17.713599	10.901820	20.814205	39.241839	55.879912	42.986707	123.850903	39.523420	3.411212	51.624658	26.283713	4.877425	16.526434	42.304088	50.290014	7.128929	39.830233	33.714595	24.454136	24.852339	42.912006	6.242594	1.724907	39.188434	27.285218	34.582804	176.021023	14.512821	107.736071	17.158268	3.767276	82.057510	153.954756	 
54.543360	9.260533	11.945950	13.571713	6.493339	86.331938	10.330717	68.914697	17.129353	5.229416	2.989551	28.978151	47.910287	48.926994	10.157377	88.979110	26.015156	7.148881	7.928836	13.563868	244.176020	3.242031	37.744350	168.442770	7.712333	51.548050	49.060653	37.283734	1.891703	6.346842	19.218798	63.304123	20.363866	119.761621	24.935546	80.366453	20.079094	18.073738	77.651657	103.942137	8.968744	127.781960	142.891563	32.419071	3.901265	40.982099	11.827621	18.415324	9.585511	64.058479	10.263762	204.925565	120.479998	74.428098	51.960959	134.617865	38.490758	99.620792	6.486659	46.181695	72.452933	55.550780	26.298536	2.048468	61.189608	 
14.511102	60.535436	16.271887	26.721310	16.064952	28.984530	40.561370	26.726122	162.184644	1.784443	12.770090	2.088562	134.925649	28.151448	73.196415	143.632919	70.972937	10.495158	84.904709	20.240266	41.674519	31.715624	8.881570	11.180161	24.472741	40.765432	11.572685	11.073519	139.294292	61.615520	14.913227	83.897674	58.536947	14.451956	25.895071	48.154411	32.126682	11.576159	116.878621	2.875300	49.231477	10.646673	25.662553	50.892844	17.045979	121.922599	14.019033	30.826709	81.525273	22.888832	11.236104	7.212788	3.540952	4.094371	25.736734	4.227427	14.607039	72.141517	8.159343	145.059450	37.580614	24.887262	24.003947	94.185289	41.408268	 
22.821584	11.218775	71.333230	22.256533	15.848119	70.386189	37.660940	247.482751	104.948813	34.651581	55.680224	17.422058	14.430375	111.863074	3.106273	39.966957	17.254987	125.184598	1.648602	36.002093	19.779381	64.288238	117.795562	33.261394	11.395918	3.622627	13.350346	19.495273	17.303428	166.092171	32.302113	1.998520	4.671547	3.851033	0.420780	0.348465	6.731990	27.157794	29.784312	14.984834	11.079244	17.278030	15.829073	53.767947	38.258842	182.691092	3.566282	100.862831	68.455021	45.955119	3.358380	140.535548	47.789041	6.871005	31.558706	0.145191	123.465584	6.450959	38.202775	4.761804	4.945775	19.776534	35.671052	6.714997	19.455325	 
10.193988	95.769041	3.164878	144.410601	123.156599	67.571936	64.631522	128.692287	4.431309	2.695235	9.144554	34.225185	44.274831	2.072886	27.614826	75.039339	38.748738	71.401246	102.016725	2.326440	82.607822	66.916558	80.274454	27.302176	76.195787	7.796485	24.953958	26.200463	73.076497	11.896863	39.971176	22.509323	9.049055	72.895239	15.844251	60.251664	21.968686	17.488988	65.213494	2.580357	35.163256	13.735236	31.399440	93.149183	64.640773	10.019808	20.144133	26.892101	43.061798	78.074894	68.520951	31.924569	0.762892	25.043555	28.235851	88.769401	1.220309	38.693360	13.579608	5.367435	23.735361	26.982125	15.127270	18.334598	15.768689	 
75.116039	39.461068	46.519186	11.869369	46.505513	47.015140	48.507381	63.096516	21.478791	57.039754	15.096599	7.683861	66.640870	37.431493	0.669328	31.192064	104.601102	1.186057	20.286550	44.770232	10.768430	16.995706	20.429809	26.793119	39.969832	20.802198	19.331017	68.438247	24.682872	68.173693	33.971612	37.382234	80.337052	10.780727	2.139994	2.382253	21.041329	54.800583	46.594363	53.760957	66.796897	1.408861	14.592212	77.000207	52.891233	129.948915	88.681833	6.406405	5.772452	80.095425	22.794527	50.859129	39.639454	130.841085	45.756543	7.951999	88.531437	230.473055	28.043070	24.727631	11.770187	4.112614	83.978437	81.659494	23.967909	 
55.246567	110.680180	62.445666	5.606599	5.257103	59.863435	6.746750	114.338637	19.106638	54.872808	34.733914	3.618935	113.267161	368.649510	143.660392	1.605164	5.452613	0.285268	40.951727	38.816495	89.905679	88.486118	3.574871	8.809673	122.961155	12.364167	113.339052	21.242453	20.671760	18.998886	21.543930	20.157817	28.421035	48.587151	3.376269	41.390198	32.132408	66.494167	49.711584	33.971193	63.346083	60.464538	7.269233	30.356311	71.018123	2.648251	19.414104	32.592399	15.454782	34.052095	35.205424	87.733208	23.903380	87.587100	15.322500	47.591823	9.430500	17.558671	50.194285	27.533832	2.244250	3.530827	16.761464	5.437336	39.121564	 
24.913499	9.207010	7.545799	18.298972	8.864168	46.157222	73.492501	10.911164	20.128978	56.422340	10.418884	0.256812	60.399767	197.930276	114.453942	61.991840	14.812194	16.407408	63.790994	13.673865	14.590244	5.139099	2.993246	0.540737	58.429898	12.239158	13.282597	33.883033	15.777708	36.307864	33.477005	36.913890	21.922410	3.291438	18.157183	70.903238	112.053934	2.630228	12.000449	107.718648	62.593063	1.559292	47.408416	2.082499	26.580714	23.322419	22.754712	60.605278	87.750250	15.919158	22.432246	27.268013	11.652545	22.977188	18.356175	17.872088	35.046591	14.006129	9.828171	7.964773	14.050841	10.462602	41.957115	23.467503	82.875144	 
3.070221	121.381501	27.487240	5.496914	11.560270	4.845332	15.640978	65.279448	5.218278	28.368318	1.028131	101.387520	40.845261	160.358009	18.622450	32.994420	3.557645	2.450168	17.251919	15.341583	34.049312	10.890227	16.333142	55.193828	25.207367	1.573431	19.548162	44.375121	37.620923	10.205814	10.274532	57.999694	7.861199	93.025016	110.000836	3.632558	3.376996	15.329467	5.738475	33.708739	3.845387	60.350765	8.608439	40.782948	32.650965	97.134761	24.292645	51.697969	7.581679	65.458825	62.149232	20.981329	64.556527	68.523794	7.437488	42.656979	21.765723	28.608950	6.943655	48.554143	106.841534	13.242955	5.296677	35.251287	55.466119	 
6.685657	4.182384	64.788460	24.871313	24.376121	6.479602	80.088429	15.028364	52.916024	31.441429	28.377878	81.011637	6.804133	67.652442	23.373878	59.743417	8.189574	134.198588	0.613429	35.331848	65.878825	65.174815	104.683246	77.862656	113.504005	43.519536	17.762559	29.011939	37.555142	7.289842	45.641304	19.467906	119.956464	136.345351	66.636248	23.147782	25.126560	50.504570	25.652196	5.893123	9.468900	17.914318	117.909343	44.403106	75.927308	58.184913	77.546264	16.605175	112.766695	36.116411	38.524491	102.745054	130.744750	102.590562	80.817257	49.693301	21.429583	5.520784	24.218390	98.952843	18.784442	15.909216	45.246358	0.458018	10.387524	 
4.858735	68.624771	98.312340	48.888041	53.786767	23.627421	44.520784	30.677018	14.017035	28.784499	16.698983	11.574292	0.558648	22.952390	24.878776	52.984839	1.955140	19.516366	11.901219	6.757244	17.147730	6.543919	20.435410	56.216080	2.646330	59.382984	18.466362	43.155034	6.341362	16.724311	33.237377	61.417606	8.764451	130.530315	25.449822	6.176304	39.834121	20.305045	1.356974	23.078325	25.192854	9.463849	6.533012	3.461100	3.031222	39.358247	13.268032	13.599579	49.478885	39.242723	86.533621	161.606066	80.302029	1.475886	27.814734	36.220590	16.438212	1.765505	43.298765	35.170486	16.917327	29.806562	3.466607	39.470053	33.422570	 
6.478686	48.360450	37.092742	1.307974	76.597017	45.326624	36.488998	14.010436	5.644621	43.739399	114.257307	72.343290	0.943265	116.111702	38.366603	6.006513	60.641790	38.390395	41.091018	28.632124	5.140540	122.648500	11.706177	8.304452	3.315781	68.607691	0.467556	25.009410	36.567784	75.081113	4.734157	64.802983	2.491927	80.388831	40.502452	97.576176	2.634202	69.082143	116.938396	69.110380	21.231968	6.669625	4.923719	48.583062	25.154099	46.704368	34.079954	45.959357	13.627607	4.595320	29.907999	31.150087	3.516868	12.069651	63.993237	15.965072	133.796024	3.503735	22.389474	118.215723	34.289049	30.106222	85.424330	111.478743	2.676984	 
25.259576	8.197873	3.188342	39.629114	4.069696	37.597680	35.119272	15.157472	39.466269	12.941175	13.007590	3.031554	29.864662	40.329915	25.977854	20.831754	10.536814	1.405014	13.913018	96.534924	2.888174	3.665725	20.252171	65.851516	276.608153	4.061537	1.098860	10.708376	2.451192	78.661370	3.234337	37.923352	4.586275	0.318608	28.169739	12.466694	11.100078	16.092256	5.822309	33.271336	1.752982	26.179575	22.218375	12.897374	58.068694	8.364523	21.362444	25.985884	79.913777	97.880037	165.988943	14.880115	19.987277	90.990505	173.795014	55.195184	50.149269	139.546870	13.617980	99.221150	2.266886	20.505052	38.900161	57.722117	6.741852	 
32.808959	144.097540	30.466887	175.323414	64.309495	36.914931	19.275153	7.018059	68.340019	66.233318	9.550777	73.472440	35.800657	33.987036	96.386194	42.269725	23.000401	6.513365	36.185257	5.040136	21.861063	8.024439	2.474198	26.337377	7.723205	48.601337	15.202774	12.720542	31.014034	2.310706	4.750241	0.221363	14.470178	99.639676	5.372431	2.614215	60.383507	30.526120	65.783541	69.377644	19.726276	121.166667	47.459696	131.837922	57.398557	24.275556	1.946450	45.129689	23.250353	39.185174	109.095913	69.103268	24.923218	14.593722	10.906276	32.333873	39.124678	13.334120	17.876510	9.474645	18.598827	49.189479	27.916164	26.227811	28.557257	 
3.215076	39.000158	12.299023	8.930289	31.600530	12.481732	36.805627	12.626106	29.649921	79.459360	138.644572	17.121586	69.223408	38.843889	186.041742	102.242956	20.499687	30.433746	23.378553	10.813601	1.881631	59.792464	115.413529	7.548666	69.003784	45.271451	10.200821	14.562176	6.191727	8.923629	7.769771	65.175421	51.958913	6.744094	27.390297	23.695969	31.543981	5.933448	1.532780	21.932364	106.729891	16.204172	13.224809	50.777425	43.944496	116.995262	39.413205	67.061834	126.224109	11.217177	97.841503	141.120150	93.016598	19.942572	9.430571	7.096364	49.825181	86.689957	175.233447	53.972638	27.717753	207.854469	5.396869	48.612451	28.448879	 
50.797005	36.799303	3.081203	120.540225	109.274126	21.556700	16.410700	10.717229	78.898377	6.751482	42.724515	22.886376	9.227903	81.748933	35.855952	68.848711	74.132860	1.392113	36.016955	6.793399	26.896551	177.152939	55.996320	15.578137	0.504427	19.351340	20.650450	20.468674	8.659278	20.409430	18.679122	48.684019	0.468352	86.943206	12.071417	34.082239	51.731490	4.452960	20.376258	27.109178	1.486547	32.887014	1.050981	64.996729	19.217818	46.734471	0.280042	10.182631	63.760017	137.135094	3.336510	7.038188	67.223856	42.421906	11.645166	113.554152	78.734772	17.870173	79.194667	43.367494	115.930043	16.525435	12.847528	18.539873	7.233739	 
67.952930	224.828453	18.971863	162.137849	5.681623	43.921466	14.405309	141.763780	21.281935	8.106830	25.649972	17.989695	9.837386	46.074523	40.110686	52.256142	14.752399	3.976603	32.767154	57.696826	30.372964	35.000449	49.585872	52.261285	5.889670	0.287717	98.965430	19.077405	23.230746	25.179685	65.674939	2.703513	18.142114	46.796798	5.436757	6.812231	3.080020	51.480114	7.005283	46.584298	13.560739	15.664588	28.120537	106.624469	10.561379	31.929041	184.718489	2.156856	39.287142	91.542912	13.497335	6.785880	30.541897	61.734125	59.495365	12.938704	22.832609	42.385245	38.829195	29.597059	21.395984	47.215661	24.233780	21.832362	6.239528	 
24.795162	30.284225	4.361474	55.360940	86.635766	46.928477	10.424150	1.335922	114.056809	14.330936	35.436420	23.129483	42.542291	17.146896	89.215744	34.246105	199.650621	76.505362	46.603140	28.006461	36.863939	11.210556	57.842313	20.493780	68.183994	73.621280	17.409423	25.265306	54.951834	23.385913	38.573524	35.134837	5.878556	129.262201	11.564601	10.284071	2.816843	5.135601	2.671777	60.775553	22.965219	62.063246	11.299191	21.395424	67.744540	100.499333	40.888606	19.910319	1.278306	5.434245	5.460545	23.300540	82.947478	6.168134	27.569836	5.874520	36.252470	59.699597	85.316703	21.750296	69.732298	13.319108	62.033675	13.640430	20.314710	 
1.493441	30.603389	42.710741	29.906265	22.187936	38.840973	3.538642	2.572468	11.643096	4.809715	34.094894	8.416150	9.892539	12.490501	8.670120	24.737306	25.432476	17.653408	23.040505	11.211976	24.421936	75.229704	47.533742	25.917768	9.565598	33.000714	38.337354	8.600345	20.133651	50.120036	0.793464	91.821260	9.807411	76.401875	13.803352	8.703411	52.151163	36.943460	11.687630	45.782728	68.059758	100.792581	33.960919	43.194201	26.054001	84.993572	11.668811	12.139056	14.663810	22.408146	43.395593	98.128164	0.200661	12.770299	84.728299	9.765197	18.596006	13.441397	12.550443	28.406241	8.858101	6.259035	258.543984	8.058493	7.630792	 
102.604979	26.312196	26.267320	115.241759	24.061767	29.700421	34.372989	6.045903	42.292753	21.101333	2.302968	26.505096	76.117901	32.131863	52.849953	14.104368	73.629143	7.366062	77.222929	26.518379	10.285685	50.743205	41.990321	2.260180	9.327207	34.789840	24.395791	59.437598	4.438125	150.757566	127.947691	12.483847	9.892264	8.209404	34.866053	88.069945	2.011264	4.686503	102.284907	42.043451	72.217455	1.000295	25.503207	63.783680	11.768840	36.385886	20.342678	9.671929	2.394725	12.373705	55.169562	27.100078	13.141656	130.946642	5.523193	29.662133	10.571088	33.345805	61.018665	46.350262	22.811954	118.252032	13.335141	98.179454	74.563214	 
48.746724	27.081514	77.817622	88.378747	25.131333	24.907468	8.836445	130.797974	113.431436	22.403706	34.855017	55.956031	59.640190	24.178812	40.790040	28.623329	8.996871	43.652507	52.372427	1.498812	81.849663	70.846128	5.477877	22.480733	140.986122	33.536798	23.317756	34.192617	38.728590	13.564819	5.932667	25.035888	13.291270	53.319273	28.148721	11.411328	13.573382	57.543321	96.937907	66.589572	33.307062	61.986460	72.210851	21.256365	14.845596	38.857282	2.172556	15.794991	13.547237	14.650058	16.036975	15.475929	147.402303	85.107134	5.050453	27.207961	79.513228	28.528280	26.818398	27.089249	138.113094	88.161918	1.541945	101.234965	1.610112	 
1.062069	1.856731	1.908263	3.657466	3.647512	7.466775	8.897469	26.911790	2.997254	45.921749	79.148439	51.020907	31.299478	12.279791	15.383955	6.148908	32.839390	15.818576	12.105987	45.358418	9.112873	63.801578	18.903358	19.422938	20.237324	48.177651	7.724795	11.370479	2.962008	65.830618	2.347348	3.734653	17.240264	64.258727	3.976878	13.411327	61.350263	115.368038	104.741536	3.417160	65.743306	30.775806	10.241651	58.517278	4.161128	40.329448	29.812289	11.541161	75.956209	49.285835	36.872753	49.643863	138.464740	20.613033	25.544215	138.400012	3.673648	32.078456	17.366703	10.222211	17.636780	40.633123	4.883483	11.175012	1.671085	 
113.568329	6.947844	96.862605	43.687066	39.494291	63.251558	16.231839	10.061355	10.545491	27.740546	45.766786	90.053277	9.357741	66.645380	38.165243	13.102581	23.275823	49.185376	141.007413	15.963037	76.456225	16.896968	1.641846	19.540510	2.667475	2.018818	4.897834	25.447956	19.366538	1.957875	26.361073	10.494867	43.800101	101.826050	60.980879	42.465408	37.838631	10.099281	3.881836	86.920534	8.755218	49.415440	2.938794	75.284847	18.852896	4.550256	66.371063	25.838366	17.182398	98.773479	14.326529	25.339079	12.509824	68.360673	86.549916	62.057354	10.697118	67.308250	6.875367	14.621531	53.067537	38.825111	3.593951	39.810655	6.885093	 
43.766701	66.026774	194.548152	40.623742	49.760126	49.626142	56.280449	0.713838	123.652828	16.957438	31.065560	44.380879	61.427032	17.702918	7.286398	0.644528	3.924620	186.989766	14.208037	16.177525	21.137188	10.121624	12.690780	87.576386	11.554739	3.160714	35.553261	11.545576	27.210117	41.603313	10.486002	65.248976	22.227225	24.044599	14.259847	45.122402	5.354562	6.333972	55.228343	39.975101	35.253591	0.971673	34.694011	8.322588	38.759496	128.113784	1.768387	56.128933	89.149072	39.199956	68.669630	59.581997	25.026395	35.325338	0.775259	7.167584	15.337355	4.091988	55.782722	5.040491	20.415377	21.370549	4.651085	9.300028	1.750547	 
53.855734	290.446308	55.777130	13.777492	2.834256	37.069883	1.223502	70.419948	25.633554	49.854957	69.933877	1.368453	14.914345	8.039885	62.108116	14.059365	32.912170	13.684678	6.884886	104.079055	39.344251	39.681095	50.277093	30.518319	5.086573	49.422950	33.875941	5.870937	67.619862	20.726574	28.848200	42.616391	50.271988	6.374433	48.969073	66.275439	5.971792	42.250526	50.024921	2.738741	20.199010	19.492850	8.841382	51.404543	61.761775	5.567620	45.325079	51.179262	34.313893	46.070095	23.524676	162.093049	25.494186	15.167698	124.789815	4.268354	13.679663	35.753349	33.651912	25.643778	0.792333	21.629756	115.188564	15.782850	22.236677	 
27.556642	98.173329	5.065253	83.188530	20.595223	24.787296	31.333878	14.250894	17.852607	56.575652	63.041336	27.857127	8.057439	11.295846	23.295986	121.043330	9.686603	6.893123	7.219889	39.495454	0.457612	35.451762	12.567400	12.950196	13.316709	45.368379	76.593484	34.407606	51.589936	57.354061	77.399824	106.373826	23.583292	2.443435	3.725696	12.096680	22.838826	5.618899	1.366007	27.375540	38.991311	26.159319	36.053917	64.017081	24.786747	55.392012	23.291639	7.419808	9.967713	55.430102	21.585133	1.800832	60.776588	71.053654	95.192983	2.458932	9.785838	70.254649	8.676188	37.944174	14.438682	23.736669	48.492700	74.075348	33.936498	 
91.035636	4.162194	7.011449	36.056768	3.627177	61.746194	13.610629	179.562440	5.978317	62.586550	46.544634	80.208798	8.913709	18.840624	26.188584	36.383250	45.783704	29.461753	2.244470	4.269613	6.849684	38.241834	11.504875	96.907560	133.727769	22.989599	43.852938	14.530499	52.004838	12.569118	8.048523	16.219846	69.234373	41.734383	18.373945	0.623866	55.879128	26.139022	152.726917	26.725477	53.521502	47.245422	58.598349	23.035614	41.165974	27.706600	10.842256	29.289650	6.858308	11.922961	19.338659	2.435869	39.927732	28.398991	17.799501	24.029978	115.095935	11.821513	144.082047	37.122462	67.412897	25.806309	9.629846	9.221738	14.121540	 
38.186574	74.124605	44.888878	90.228720	46.635661	7.003300	60.764357	49.816113	4.679742	17.488303	3.351866	15.227304	74.100799	11.086108	91.772373	49.407441	67.435484	137.175183	103.913955	124.668426	4.860685	16.008556	17.484982	6.508527	75.675987	30.473794	50.526321	142.035346	52.284770	23.039889	70.346959	50.689765	11.679818	56.950754	45.393000	7.207882	0.769042	100.907596	10.318338	25.750321	38.972613	116.254689	0.077215	59.541305	93.265982	30.013183	14.273728	14.222780	12.563601	32.842027	16.904704	8.063532	0.426018	32.805871	11.934527	73.226929	21.825403	9.679681	5.406569	41.422414	43.457012	11.151585	64.498304	8.704967	92.595554	 
59.456211	19.851813	18.555936	17.211088	90.724420	9.842289	58.316007	27.921317	76.133323	34.001289	21.333592	26.760833	35.669220	82.775249	40.730693	23.475065	9.679683	104.567870	23.214544	20.965051	19.288723	68.563808	53.014571	28.047016	102.785372	30.882003	63.896471	89.934202	23.318422	7.152843	25.867612	56.983484	15.958968	53.195940	6.314726	33.840102	11.878705	10.034717	39.778371	6.579571	32.091036	33.162494	44.126834	45.089285	33.814543	69.369223	69.349982	24.594374	50.197166	31.041336	49.136408	33.013706	11.928982	30.585949	20.943303	4.384521	14.902293	13.613776	49.741905	97.949147	45.967696	188.243219	38.891389	71.266888	63.609102	 
12.466857	22.867481	15.049396	1.699128	3.260903	65.250318	5.163869	12.672370	41.778372	52.358202	86.160413	90.213489	0.228739	11.241525	58.358999	38.658063	16.275581	32.184978	59.419037	11.163236	22.232788	1.843496	2.211630	20.651610	1.441627	52.198394	84.290195	7.770121	6.697486	10.206878	14.992391	2.297535	93.335906	43.698445	1.580936	11.039179	62.034900	44.289700	1.478052	5.306668	41.385313	10.554121	13.339262	14.301944	17.434813	19.662484	5.817258	87.922144	18.331115	33.457335	22.745887	38.319012	14.182488	10.473902	1.045446	93.991724	55.815253	3.814298	99.325016	21.188100	33.420770	96.711662	3.784716	61.237532	87.728912	 
7.426087	44.489987	23.242160	35.008144	2.700889	5.614189	4.874640	56.404905	5.832942	13.509130	6.753440	42.785237	0.702021	11.261363	12.397757	0.867571	15.020227	175.518520	100.447155	16.165022	11.275157	50.893225	70.622945	20.797381	4.264316	30.064173	10.645597	13.064352	20.433970	32.141589	10.826472	69.976382	56.701359	46.108621	6.279383	3.636789	62.041802	45.918201	16.246685	0.677734	21.384229	32.076282	10.916057	4.920532	2.620538	53.480954	90.335226	25.904907	4.572576	88.737442	65.586353	24.534441	28.174590	7.847482	157.391098	27.791245	39.151405	49.348428	31.981029	34.338384	17.614227	74.331689	91.657410	41.028676	101.335489	 
84.806816	77.289289	7.120307	26.718834	5.967970	1.115000	3.300722	8.909491	6.496102	9.803981	85.556458	59.586212	133.703952	16.911405	31.082734	3.255905	48.558980	41.254265	72.993317	52.824411	27.454250	57.787182	22.486351	208.064440	50.898953	62.582739	22.142134	94.561509	64.952861	10.402051	47.700709	14.205148	44.892401	29.062571	39.498950	26.334464	1.204316	141.232517	12.523638	35.901691	2.156674	12.311406	95.293927	18.233614	6.410823	3.541615	33.948035	125.853867	16.241364	166.154223	25.040005	79.681860	15.668651	2.400029	46.189743	24.004373	12.660560	26.684245	66.530037	114.734190	3.455357	21.519082	18.679925	76.867575	31.708039	 
6.939268	5.616596	25.980091	2.679197	3.418991	106.374492	92.884874	1.123029	5.248820	26.469457	156.116455	15.823557	5.756624	36.984334	186.618320	31.365869	58.343833	57.615976	9.090267	4.024070	49.887178	16.395305	22.632618	1.805574	1.356916	106.826950	1.110881	26.350751	30.443773	17.137591	82.583659	12.604833	4.392609	39.413394	33.067804	194.319042	5.811243	44.377361	0.825418	20.684015	2.486578	1.250878	36.940482	64.378855	0.188582	2.358517	59.732001	206.132899	49.765388	97.864649	2.317070	5.300665	87.387534	105.244901	30.776668	14.589535	58.416040	62.821921	105.152743	37.229027	26.928400	13.188190	29.254723	4.090464	3.327746	 
28.579698	1.394128	7.877469	9.554122	33.531603	6.195311	28.883638	75.186695	12.685133	146.985960	47.471787	182.809398	8.171598	28.215907	28.939702	52.343944	41.537612	7.984041	5.834048	32.131003	83.029053	13.059780	6.678439	40.593907	13.855957	43.665193	45.144502	66.796834	7.165668	40.635920	186.693512	13.487841	49.898554	33.373105	39.331122	42.310453	69.789058	3.833075	3.623893	8.960621	36.110589	6.784589	5.095757	102.767629	2.379125	20.087443	39.212795	58.285152	29.279617	37.234220	25.531413	145.014022	4.931445	52.371975	142.304790	35.424907	1.294355	65.899467	75.208024	11.013232	9.515889	72.421090	81.412898	29.718920	36.349289	 
15.623995	17.853816	0.486125	63.838494	95.653752	91.131992	24.576576	135.389595	11.414292	49.429914	12.244178	22.678765	53.029325	10.364534	83.514881	25.119577	31.529526	1.006176	2.819439	109.592100	26.378606	91.863379	0.670692	156.588029	26.040442	32.722572	9.813591	3.902513	36.384769	11.964368	183.487684	8.168439	7.037094	57.168575	13.755020	27.527184	7.146247	58.723038	7.862660	13.017678	0.623028	0.313689	39.401791	4.164042	45.717096	83.252501	5.124917	137.630343	30.308470	20.127864	12.661479	24.843229	13.927118	6.696482	7.289327	360.345700	5.729624	18.134054	100.718837	6.077939	49.557289	13.859334	189.905291	102.485770	4.738161	 
23.304313	16.342028	2.719602	60.505479	53.993354	136.098101	49.597506	51.036013	4.762642	223.852535	113.723043	66.723512	14.974811	45.531483	102.322330	16.915884	1.615138	4.936832	4.860645	27.846587	24.560524	22.786582	4.209332	4.767013	24.505654	65.499747	46.288238	53.962183	2.148950	20.487440	24.423729	55.966068	7.501083	116.354029	5.505076	5.811368	54.185168	109.421147	6.167817	1.353897	90.705022	30.080716	5.870050	42.420009	11.848768	82.029299	60.981712	6.156645	90.513607	4.093703	57.365625	28.405216	14.732373	29.657318	21.082980	12.060784	49.970858	20.818777	33.291050	31.696544	39.260143	21.056290	19.846945	17.816831	11.623969	 
106.657194	101.011731	17.577070	39.771931	36.132404	35.448309	71.798289	175.228769	2.007608	55.441889	41.020841	13.184227	4.800044	21.026208	202.049207	7.024110	37.614843	15.707976	84.670942	61.057019	12.217225	29.693611	18.825913	77.461293	80.594739	229.664450	70.508402	85.508811	111.163961	45.557649	2.539804	26.554113	4.083893	13.084827	26.757925	101.566618	64.509512	23.058347	22.354200	31.151714	36.815207	9.734811	108.549899	88.985165	80.640488	3.519517	53.058369	10.566420	61.760666	32.607537	16.733717	38.804621	8.997812	10.877209	23.191220	37.809715	47.137920	1.215774	66.780175	57.159686	20.014323	39.891947	6.360463	1.835753	4.302767	 
7.970399	6.068729	51.534519	13.108694	4.491064	100.069764	9.338089	56.013644	54.972343	3.482689	43.368379	11.010855	5.806699	32.617922	19.352073	30.776396	9.071590	59.783457	4.046408	32.761460	35.897551	4.292437	22.882427	160.773399	7.101115	30.325925	1.059202	25.848418	68.440368	87.332863	97.619166	27.730304	145.099585	76.774966	77.528585	51.556979	0.130340	124.245278	4.502350	68.060507	19.457394	61.574087	100.052026	16.397901	63.487197	72.006698	18.810151	65.349917	16.633232	15.804098	50.597625	39.569494	8.282554	67.603367	9.096788	11.016562	35.607992	38.227473	45.169632	56.930565	6.460333	8.192790	42.112112	10.674375	11.702508	 
51.809952	79.142473	10.887868	13.210509	40.191135	130.483962	87.462117	112.938220	90.265908	54.651011	69.552190	3.255873	15.367110	1.318101	37.384743	15.632950	10.430863	128.259300	3.281665	0.882186	5.595591	1.545680	138.045603	9.801958	31.495367	2.517559	33.694169	83.567748	18.460908	37.003365	105.037167	12.780128	176.600912	31.259807	0.757603	67.117277	45.512263	47.200293	10.537789	17.035939	8.941262	14.924624	87.289984	20.438340	14.831763	37.310385	4.018006	8.502216	6.459285	90.279800	4.115006	21.761314	28.016040	3.563604	13.598756	22.603978	34.808546	79.563308	4.870925	5.545964	35.705308	42.714078	6.852291	17.753547	0.983164	 
71.473070	64.657317	6.104913	59.637471	9.194027	85.683086	33.103453	1.853015	13.004694	73.958369	35.137056	65.260707	29.027434	5.165116	47.582416	16.394917	21.480218	63.864726	48.478304	5.845320	60.312101	26.429942	5.547572	44.252650	49.791405	35.283923	28.804552	55.639409	22.217491	13.594220	25.856532	37.334078	13.018876	24.024493	118.647627	3.827459	119.375810	6.294009	33.216736	11.674335	8.004882	20.888290	108.632492	28.640189	37.438340	22.278454	44.216164	63.431089	0.659736	34.744894	68.326191	49.669737	52.177899	19.150736	13.978954	113.208256	14.921811	43.305623	10.550376	31.343310	36.450245	42.124196	51.898705	16.687803	38.939745	 
25.268256	78.861915	0.684543	114.122017	60.698723	5.600853	29.575599	9.465873	96.614280	3.811236	18.320919	1.692511	33.072537	30.090692	109.900656	90.213544	21.340613	67.641376	33.882021	10.390504	74.792724	12.818804	6.821274	43.081298	32.672540	174.318982	74.280535	20.516537	50.992149	6.325532	186.712438	2.148369	28.004303	1.735702	63.402577	61.649974	32.670140	7.739977	33.603723	24.052928	8.402313	80.478563	15.589713	60.364216	134.413150	0.613811	40.666229	13.532298	14.790774	2.631733	115.406151	30.375243	10.778055	7.755458	49.097717	143.399448	56.005952	4.883978	3.526494	58.923551	84.910754	51.781752	3.219285	3.897685	34.231855	 
5.208045	5.393718	23.832112	6.688526	76.136608	34.151504	11.647109	0.779001	28.779125	6.509808	8.768892	4.558329	76.296278	102.178963	19.785864	4.663109	72.752749	87.554542	53.217885	6.409108	41.275209	63.010945	64.938674	2.443394	15.232664	16.165536	84.628309	32.729428	24.274098	40.183900	69.077985	108.926863	40.561895	9.228319	7.795204	2.720151	19.339812	145.197874	5.036475	12.044696	1.844770	34.775832	6.654130	33.259305	46.986303	10.672709	52.898789	5.015159	160.664390	10.478261	1.652234	9.957764	98.157738	45.923870	28.760207	36.305132	16.237151	15.389707	21.326698	11.783754	59.580706	10.497729	50.238621	1.299049	55.309807	 
96.221331	34.227538	6.441703	165.855722	60.843600	53.106488	27.375948	50.828183	125.113255	49.217621	9.229558	34.341467	44.324832	31.203202	8.784597	32.232387	4.240453	3.960574	27.260547	40.821907	113.631821	6.187809	36.156160	34.422176	78.105185	25.952263	126.960669	3.871434	50.202441	18.708470	71.212410	4.296522	79.192522	8.010530	13.602429	13.305483	34.008333	122.988320	52.149353	35.688175	31.574570	16.756000	30.525525	32.962922	77.737656	4.574395	10.017126	89.601025	123.463361	58.473504	18.837817	3.037651	47.280737	25.478689	117.678151	8.680988	109.702202	35.598431	57.635583	2.439391	17.501278	10.150845	45.593852	98.592648	73.294774	 
77.919915	23.077179	93.458702	4.596431	19.268396	39.074868	64.050270	71.818382	32.892585	37.921629	40.969249	37.558016	16.068991	26.317839	71.560564	73.620311	3.547383	176.311978	103.871273	5.828122	13.913505	82.375076	2.810995	16.691349	98.017445	29.637466	110.537462	17.824808	11.648800	17.839123	21.620631	83.377184	7.045394	18.242242	74.237743	75.107978	50.577089	2.140321	10.322775	55.824105	43.206022	26.405511	70.476184	8.144280	108.352733	79.539638	6.173775	23.419663	0.499995	71.227130	83.318338	124.957524	26.993218	41.539202	65.890039	41.410386	109.336505	81.851979	22.885057	61.227704	70.568881	17.471422	0.176004	101.582029	8.218212	 
2.813175	53.590201	5.603656	139.424615	1.946451	24.550856	42.474687	54.397107	10.163812	24.940540	39.404662	17.828815	26.074483	7.668464	136.780361	9.382930	59.871704	53.606812	6.910230	76.109949	8.085286	0.749496	47.164910	38.733277	71.097024	28.710191	13.426128	13.161444	5.934488	9.716855	1.099120	6.046771	5.497598	11.072304	85.326714	135.374760	7.783081	9.711727	33.892603	82.905417	21.309308	1.286898	16.631588	39.179690	57.447734	22.699188	45.423693	5.345532	4.771957	14.390199	15.540301	1.838589	15.647389	10.480149	5.147214	59.276774	100.448090	6.999333	8.789852	102.436365	0.457327	77.370590	38.602286	17.331706	22.647408	 
28.227893	15.620876	4.560982	17.705108	40.591681	20.080723	21.854669	32.008431	22.948308	4.925249	54.467439	148.887762	25.504397	4.906105	127.558371	25.605979	33.526547	4.279692	83.750955	26.530298	35.512104	62.755052	33.188284	123.555969	8.895486	9.070934	57.349842	59.999605	98.457783	66.881562	11.205742	8.198526	10.612776	26.349601	30.225524	11.157993	24.958541	81.322263	10.434608	7.583358	5.404536	9.169198	64.141710	4.554945	7.911454	24.123944	59.817011	103.849521	130.287608	50.070106	127.662461	39.785219	51.489858	8.580031	3.438384	0.142992	40.309186	17.092232	60.892329	196.015879	20.998842	25.720023	10.884691	9.274237	10.559837	 
5.429443	104.717286	37.267483	6.789774	8.260116	119.927375	49.310962	50.363488	80.283225	3.260478	1.145908	46.285127	30.714083	95.535720	3.122577	21.391808	46.236407	59.395086	61.576815	6.745664	14.994380	7.536337	18.499936	63.855822	86.365532	20.791680	14.014522	8.337504	21.445038	47.085972	16.983425	57.401458	118.624314	7.158407	268.818912	4.995173	67.706647	41.323480	4.548177	25.229338	59.327980	35.187267	22.081667	35.251568	33.930451	57.178434	32.068163	104.049872	13.954627	1.179701	29.235232	134.147887	66.301713	91.244136	99.385130	3.675088	39.938090	28.081299	50.811524	62.022640	10.162972	15.124355	42.510841	115.308681	56.671276	 
66.303356	6.989439	13.859467	22.231067	68.258892	14.791684	4.613770	5.760894	34.761090	27.019012	109.319438	101.315867	2.903891	16.640131	5.807411	22.344987	9.053910	16.875129	45.139437	23.074822	11.033785	30.128513	21.814806	14.929495	16.333986	42.087269	33.283204	81.258107	2.233439	7.646395	3.534118	44.387541	8.570594	74.527089	23.752342	53.167588	114.047401	10.249033	16.357508	79.708440	7.239703	3.860846	64.971630	13.248830	10.869539	109.373097	19.988528	47.590174	156.819445	20.012401	1.539348	8.578243	4.058707	20.744851	66.322328	52.831070	5.327752	70.467371	9.544762	37.320746	56.659115	19.319880	102.815478	121.438344	42.751282	 
24.871212	25.187975	16.325593	25.987528	128.983254	12.583143	112.050964	23.991187	13.110254	0.440408	48.221305	3.031190	30.608409	17.968543	50.851972	22.755184	1.806736	86.274534	138.051195	12.211126	66.590466	86.631330	16.900784	24.978242	17.330680	54.560628	62.577529	66.961441	62.604347	87.397190	43.638564	42.452392	111.936320	42.445090	23.503072	21.248636	161.455588	5.223878	48.503688	100.552744	17.292785	8.960757	37.129295	75.800334	45.346672	14.096702	13.234312	93.230646	4.080195	10.567354	125.538965	19.050792	1.992277	57.107781	40.252608	72.026601	9.993764	4.498743	39.428045	1.456193	25.560456	46.695212	16.980815	21.834864	147.486529	 
35.083464	56.836024	120.693549	2.249982	95.564478	33.721016	21.420775	40.305474	22.894441	5.532882	26.412669	63.985685	109.225693	49.885416	29.257261	5.709408	26.358853	99.695955	25.703121	79.683054	85.247077	115.540271	51.168145	23.694344	24.510003	94.479535	43.605928	2.569212	36.794270	14.417606	73.609764	29.445281	60.550640	9.718212	156.005863	57.865627	13.453955	41.146691	25.747803	41.663544	26.062386	37.758984	37.614588	4.194348	53.409523	123.334435	2.376204	113.711542	10.258160	9.241767	64.787347	132.431011	175.516048	59.379127	97.774624	63.374200	153.854597	112.834382	2.453756	44.152680	45.437953	105.452258	51.495078	35.549068	118.243535	 
96.722228	59.171289	4.089299	156.275112	7.732176	3.399403	30.936351	6.722865	2.070793	20.811129	4.051916	71.200956	14.571427	32.224289	31.908595	2.751532	30.140071	5.846400	10.031333	3.532331	47.648008	22.969854	111.403284	21.258542	41.825394	4.535992	53.312677	8.377226	18.464322	26.879979	29.737267	25.730508	65.434328	18.882069	73.425744	42.831137	5.258760	3.575316	43.182714	20.887709	23.435978	18.127811	23.082422	123.077505	11.147079	149.207513	37.421196	20.050824	66.505727	8.774698	119.510529	51.324039	78.356798	3.086216	14.846859	26.023896	7.188302	137.417455	16.182026	5.711201	6.437184	20.222315	51.629492	77.360220	3.147720	 
89.513456	89.126605	38.734918	53.101777	39.557539	7.301326	12.018679	70.137506	51.912442	37.866514	52.871121	21.217503	31.967199	20.344221	66.779270	71.184581	37.434862	20.843791	167.166060	34.569392	24.372956	27.611616	32.929920	95.814405	30.414500	19.445343	26.290017	1.391446	15.644100	71.083438	41.535690	77.047014	27.237950	21.764438	51.989145	24.817850	9.653365	21.983157	28.942843	13.199612	82.930292	17.051279	31.209567	65.498023	27.917543	120.892747	12.643560	21.701855	20.689678	2.230423	32.631973	8.064453	78.837251	19.093220	97.865304	0.412666	6.244393	87.908047	188.427809	3.895296	13.046962	22.795179	83.910155	11.568346	8.897332	 
50.640204	21.764514	9.196052	12.035980	86.967807	72.282302	127.167006	17.239239	52.080497	69.145656	62.477518	29.145366	161.323529	17.788850	38.098579	27.285780	49.389922	25.911831	28.080367	70.546229	56.619183	58.239263	9.025696	11.904092	12.357257	21.023145	53.549969	12.141534	1.203046	163.034921	7.892955	21.314775	14.551603	2.504903	24.939401	147.608071	119.823387	1.201102	16.029815	88.587824	11.702837	5.928523	98.034563	56.241122	23.337567	39.002668	113.454994	23.747129	89.721337	4.976292	23.415991	21.325715	10.430261	40.598578	8.818132	18.719813	8.200731	79.344492	18.795450	21.353615	10.085310	6.084173	81.690271	12.356056	13.249637	 
2.240084	6.695139	2.995724	2.988092	1.461810	168.894070	31.878814	34.070625	67.167946	104.263652	58.266532	110.056808	7.455284	27.732140	68.588143	7.052946	37.175323	4.069230	62.178862	87.079154	17.994324	89.686829	4.458137	21.512141	35.462460	20.359816	39.883505	1.624085	52.728284	9.480935	3.212693	97.050680	38.658523	23.103278	93.829020	58.691966	12.796009	7.905065	20.530862	19.590043	14.556936	51.309336	53.599272	13.940659	24.739071	14.307947	63.612378	1.259189	0.391682	37.332274	56.474184	20.217972	2.126870	45.611701	52.147003	8.471159	63.221463	40.237034	12.136002	10.636273	8.474484	10.436477	4.281979	73.943595	192.833509	 
50.276478	9.254763	16.872419	6.372111	57.568825	0.767594	0.179633	70.586489	52.433644	55.363909	23.392502	63.837201	31.346470	73.788553	134.824440	133.548466	13.165747	30.464764	10.998457	16.436803	132.729527	12.731422	56.125301	131.363147	20.263633	10.175419	115.733294	56.603272	46.615921	10.046460	153.891441	88.015430	24.960050	30.411451	76.516441	138.474015	53.134323	9.088325	33.637136	23.984216	78.095825	23.865151	21.716916	79.604260	47.146895	86.281615	3.990264	2.848405	26.426592	15.217347	0.475159	17.363381	10.388432	33.476951	180.351457	113.473446	1.755078	5.243264	24.618305	3.142377	4.200247	18.942599	36.404462	2.758082	8.612951	 
101.997538	71.535026	69.555973	1.816959	22.367257	65.044774	75.310326	55.733702	44.870826	11.529106	142.989367	25.684773	34.462261	50.692454	23.309690	115.564795	7.174631	65.154668	6.842479	38.986521	72.100104	9.824352	12.924398	119.774236	4.579948	81.873330	19.488773	9.656795	55.585200	20.587917	78.605881	2.418301	108.323300	48.467507	13.150633	33.518102	4.704412	116.865083	29.819487	10.259573	115.168597	13.153361	1.262960	29.497144	7.774345	8.975778	5.614602	24.251710	7.269989	52.813670	25.799653	91.770580	67.364482	22.081320	3.405198	16.581261	130.333938	37.603377	118.194041	8.790254	6.307840	19.794762	23.981056	122.125047	1.979928	