64
0.000000	9.267186	29.029570	25.002495	251.129824	15.438477	0.604133	87.270781	36.092405	30.221537	96.778753	10.429985	20.993473	9.713670	24.035254	163.874444	54.374014	37.779559	68.104261	69.261182	35.151296	73.187757	27.466162	61.462337	19.519363	63.478694	47.743097	19.790383	110.119116	51.186367	16.695799	4.459857	18.235356	62.465662	104.574745	16.317819	33.437399	91.972481	21.061667	25.093653	41.065292	21.231791	17.122012	40.234365	60.620024	4.402828	82.060125	110.132930	35.486803	131.598747	31.508580	15.273717	1.297330	5.308340	35.578224	23.129081	34.367620	23.629164	95.242164	19.417873	22.890255	16.933193	21.615355	14.299429	10.111601	 
1.577176	4.126767	90.809292	45.750101	8.738849	17.207591	6.551545	27.957716	37.636834	8.541913	10.968112	17.283902	12.248026	3.434870	11.285502	48.364729	13.222802	91.160038	49.094111	7.135579	7.401488	66.195783	30.237945	16.093905	27.259432	3.939246	26.054832	17.415400	93.438229	111.290213	22.781536	13.098484	34.906278	19.927388	17.798250	55.306821	33.898749	8.590283	12.911886	44.574815	74.235146	31.314469	27.163033	58.826672	5.048942	66.186850	29.777406	7.615740	60.908006	59.057714	78.257219	55.756846	185.014239	13.160325	4.859659	20.700556	20.603231	19.269394	6.928669	13.641188	49.382086	53.536125	77.033840	29.698367	64.117293	 
114.118502	57.897985	8.229174	39.769933	31.270458	133.601423	17.468580	28.064608	13.254236	4.499505	13.452647	9.699166	61.937653	12.449441	0.758439	24.226415	15.365766	92.472872	11.738426	36.608211	129.647780	84.836247	8.688331	5.258166	93.031424	57.676085	129.714873	74.034999	28.356988	23.792370	1.951318	3.606779	55.646058	80.228363	63.425066	30.905771	97.036856	35.894167	41.576952	36.602622	12.399885	46.811483	81.441803	35.924686	14.630271	22.431502	7.814404	70.095553	15.570812	20.433746	24.785759	68.477610	39.581503	3.830453	52.255968	14.833484	32.371245	31.278415	55.416624	62.624829	41.200179	0.564946	5.435118	12.826267	141.657005	 
30.819262	1.443164	238.598879	14.982991	48.100170	2.019816	107.681105	3.093561	20.683593	1.288134	9.655342	30.162106	21.473803	8.200626	15.344173	20.491831	76.401405	6.630210	8.178728	61.661986	28.205834	32.898072	28.360202	22.444050	44.791061	32.988801	4.581515	99.798862	24.696374	17.747968	56.588827	17.404354	20.384835	35.960921	26.306110	33.922731	45.658761	3.915614	37.662853	5.610325	106.691468	196.372654	47.869736	26.193626	55.560044	38.285990	40.325552	2.538907	53.442409	46.032107	28.050744	64.375542	4.087837	4.590388	42.907027	40.135107	10.299726	10.803631	20.613287	84.155761	59.574229	24.392439	84.304930	76.028138	7.633175	 
16.125558	15.113255	5.549377	47.059512	1.828804	101.590347	71.647410	124.258579	112.046758	79.222906	58.480662	43.258866	12.028880	4.054044	36.976152	20.537660	48.233861	6.660886	16.303207	2.542067	26.637314	104.911323	7.553157	36.627390	30.889520	35.321508	22.188628	48.475668	36.618209	38.283679	56.330878	106.882874	10.080608	62.386011	0.924036	20.736998	35.506757	13.869361	10.371833	117.293048	57.966157	30.553159	86.791801	23.282035	17.894998	31.859957	10.843577	28.126505	1.080862	58.126634	3.088953	14.909448	68.453697	25.478128	47.926765	7.115503	55.392172	11.387792	53.431432	25.541530	2.502207	3.118255	101.935204	31.726387	3.536572	 
7.539641	95.749912	91.138604	119.143757	1.531442	6.149960	65.890176	38.335410	29.046045	9.106808	8.629830	159.927273	6.831787	3.565067	10.052585	8.102983	55.248469	130.489961	16.435887	9.547849	147.495205	60.668995	8.545963	87.459576	77.973065	23.423296	9.289015	82.815694	78.235829	6.005500	85.231784	20.501073	43.604024	135.405985	55.282280	30.057291	41.556308	20.100512	49.235764	26.276697	38.115023	71.787734	11.980798	34.003076	12.552249	21.017086	16.266029	157.611136	15.154816	34.376117	78.998919	62.303269	100.178310	69.308648	70.021968	12.966021	5.467254	158.319166	15.112816	2.581274	22.196848	380.968194	40.101563	85.393234	3.614224	 
14.019652	12.264866	12.484661	74.604337	60.916033	32.091665	7.622673	21.449634	56.427413	4.260668	30.713301	119.166508	4.392704	77.582586	12.484836	21.348425	69.899887	67.291212	87.805315	22.288829	48.593017	14.518031	36.733551	57.622019	24.776554	2.116968	95.093230	45.528949	27.277437	16.813608	25.345568	37.248642	21.583137	13.967355	8.903967	5.068003	112.676915	198.822544	35.013569	24.850246	15.034417	14.169301	65.151956	32.893029	139.890295	20.732285	121.591004	25.731893	6.760272	2.218635	56.998210	120.526066	22.553955	56.318354	1.245260	10.035533	7.851323	113.479684	67.158573	16.652884	103.283462	7.752610	37.696205	68.869988	4.604044	 
4.887769	4.061454	11.818669	84.914065	24.052829	26.094307	4.609592	1.588414	62.503054	75.286748	123.064548	61.100392	9.331879	69.008142	10.698395	6.119199	2.724210	17.003185	33.555403	11.603796	17.388011	99.325143	11.375960	15.579679	9.691148	30.072959	22.385677	16.382410	33.238495	9.865279	14.844018	2.944863	20.489193	18.511545	60.810521	77.101188	25.205274	53.642423	117.916234	84.108761	1.213535	48.650442	74.656597	38.178856	25.337939	23.272229	102.480454	11.538055	3.182485	43.410569	7.025693	3.491580	40.094782	182.635507	8.400494	42.159103	18.511116	28.773179	60.704089	28.736112	32.748645	38.851444	72.180273	13.365662	13.974243	 
63.963112	5.561999	8.031927	43.124184	56.345744	79.746819	11.955621	61.670097	12.072840	24.296029	7.189557	71.152452	3.011471	2.442522	62.088685	23.820222	49.161726	197.162879	58.578028	27.633458	6.188476	36.916530	16.945822	4.509603	53.910925	2.013850	7.034228	1.370515	35.051126	0.495368	19.910040	65.769729	4.160819	172.123846	67.228573	100.321208	14.022400	86.086691	40.726937	152.983077	149.755125	11.877438	32.983331	3.425239	68.510691	4.574008	16.001734	13.427954	21.484020	5.542074	57.204766	40.939393	38.325955	80.375920	32.624231	140.985794	19.081972	72.039618	49.459613	56.838313	67.641537	4.619188	48.626539	22.237965	17.277678	 
33.034068	57.931447	22.279721	30.810668	25.224803	13.346204	96.290980	60.926827	50.537814	4.081662	1.558682	45.130572	49.880222	5.457958	95.952126	19.284310	15.671267	94.599411	10.308084	3.018767	5.101626	3.628588	16.676799	166.223700	18.833367	3.579040	18.489329	2.541796	68.128094	77.719159	14.940453	9.757293	95.031424	77.198019	35.178439	65.007056	62.305794	50.049185	6.838506	30.254391	27.957177	24.316355	65.004123	1.010751	22.690066	1.780186	132.557975	6.103694	225.554720	11.424288	13.803806	63.610638	2.383174	70.388450	13.010346	21.297742	15.925543	32.748616	99.958365	148.838300	5.216361	13.112318	22.014847	5.220138	17.889413	 
69.174709	22.354285	44.235163	25.105141	12.984942	2.574139	41.452798	33.489823	31.568233	68.877565	4.487156	25.384377	20.382887	9.503211	29.988325	70.332983	125.761054	132.079903	14.207974	71.221844	6.790613	2.265046	27.370376	1.831821	29.013248	3.274933	21.048579	184.253913	10.917468	15.121412	6.224230	22.526790	14.408921	28.109094	7.577675	13.050546	16.809340	22.918332	74.959699	5.451534	16.699690	58.001480	23.316519	91.427745	6.408354	2.195902	51.657124	4.114197	38.370114	42.825691	38.614381	12.524254	24.491965	33.126069	18.097227	45.053960	89.076970	47.839197	44.554665	33.468159	95.853390	43.990145	66.291348	22.566682	0.455970	 
29.974770	10.754782	15.908291	24.887427	63.282646	11.602152	86.274371	77.680172	13.201410	19.486178	40.325447	7.132646	48.469036	7.408162	27.438059	13.672832	39.111687	43.280931	54.785333	38.574996	5.440241	17.717257	16.665954	64.427209	0.600933	48.395399	29.004027	95.177536	57.678303	5.540772	3.788237	18.050926	21.698849	25.260935	9.007233	14.730272	47.241058	103.505470	7.462708	12.397094	73.445416	40.006082	33.260933	15.871086	114.056522	118.246891	103.944356	138.479964	16.257754	15.579010	19.685603	70.061218	59.791938	14.221682	7.722685	57.264478	49.577634	39.530986	44.253777	53.270728	46.366396	6.756909	35.951091	27.045093	6.953250	 
36.777822	62.285876	95.418888	245.670842	8.253884	18.183337	28.046703	11.907011	137.028573	65.322830	15.936913	16.302203	2.508130	20.645271	36.960264	99.832718	27.986904	51.699327	29.746250	68.551066	16.823055	23.298520	14.796733	182.578588	91.983155	1.434598	4.650230	31.424111	49.631706	24.540826	2.786779	69.320428	3.449506	29.465177	30.029044	90.970985	45.109277	14.107864	76.519137	22.183380	2.931797	117.178041	1.398288	57.766921	22.637549	50.517532	177.357480	51.279843	29.607700	110.248668	30.222273	9.604860	93.045702	13.143871	38.163723	17.069039	47.481140	51.922411	63.680779	0.614234	19.482117	36.867997	7.120716	106.529453	82.117204	 
14.263438	1.966363	3.123778	15.644142	12.257256	3.983975	11.844256	8.329575	9.322537	20.248034	12.568112	58.535813	7.008173	0.357538	41.968595	54.494660	50.074957	24.455945	53.002459	76.406936	9.881674	71.587678	220.247458	30.435587	55.191243	8.603765	28.445720	8.601749	23.193321	21.280872	47.704969	23.784725	110.024439	80.758507	33.931953	22.383489	79.388263	10.253428	27.281114	35.781442	22.155039	184.436580	48.707648	48.868455	79.204717	35.572540	13.585970	178.541671	206.814544	103.064542	23.079309	119.639037	95.878353	23.230299	60.060146	35.925500	15.687739	10.864059	4.212171	49.060918	53.543135	14.664881	10.770758	32.030856	39.395424	 
60.369646	2.554257	27.560747	23.438140	43.357308	29.494330	29.559116	56.583219	78.264123	1.160831	14.171339	11.947500	40.087827	14.266534	7.899410	11.594858	123.636828	26.244223	88.184358	56.412441	30.304904	16.305022	17.903280	15.279448	16.128538	8.505054	35.959554	299.447904	17.065664	14.969663	3.610671	149.572922	26.784247	34.709071	2.621676	25.194026	56.335133	11.927220	50.602822	23.512897	11.211285	27.378715	8.384237	15.627735	39.943370	0.469044	16.413887	87.235799	48.650264	72.072750	28.191258	13.396201	3.616987	42.244864	17.850154	42.139227	51.190833	98.502033	57.979402	66.927335	10.848095	35.667460	96.823138	85.566642	79.359053	 
4.245868	35.432833	22.277734	25.219980	73.895761	153.807418	18.861595	5.900399	157.632581	59.315389	62.647614	61.249446	8.036283	25.345948	37.979921	0.216200	34.692020	11.741190	0.395166	52.566378	93.069746	36.939013	9.587113	45.079884	0.737090	69.282086	32.385196	87.051678	84.661487	8.313780	27.203699	3.446485	37.440252	7.565199	54.223923	57.829392	140.220182	42.527036	12.538402	34.364418	18.090714	3.533634	17.125101	58.688094	40.217598	35.283263	9.191483	14.837147	97.451956	29.137729	91.776185	3.123765	31.888812	138.000772	12.719433	51.767341	27.173676	7.746775	13.435314	22.206012	25.670218	108.139713	55.433648	11.523264	18.888269	 
105.046436	23.001813	8.505388	34.130519	48.043804	1.624010	38.596475	106.346270	108.326718	85.866231	4.488543	5.929471	5.360084	64.555930	35.753313	30.683489	7.160018	93.158799	37.711078	11.847539	18.181873	85.145942	89.484482	14.801123	76.275879	48.024456	25.757511	51.537295	91.731864	56.456572	9.479629	51.187967	13.759031	42.664401	48.470435	70.699217	5.659288	2.985524	20.542243	78.052337	90.064428	15.099994	8.229941	115.436494	19.314112	13.736472	87.814187	36.291429	17.374036	2.789137	0.398008	269.352262	30.400419	47.008231	145.617154	30.844453	18.083137	71.192411	42.681366	27.576418	52.038847	108.254240	46.907473	84.496869	110.958936	 
81.678259	44.585013	59.867065	61.533248	6.114667	5.526279	101.780728	22.800945	84.302349	29.067318	33.827868	2.515208	69.342790	144.878934	150.595633	35.417590	183.742635	0.651847	6.868953	41.342844	35.755203	34.525623	10.557344	30.599815	11.598782	0.287749	40.882917	35.473362	28.968353	35.762397	67.239396	41.472468	47.874236	63.424579	45.877367	67.742698	49.943574	5.171611	53.151947	75.927866	225.579950	65.634605	18.655868	7.457365	19.128963	74.642656	35.070870	52.482918	52.174385	70.510795	175.422674	43.910684	92.499464	19.604946	80.401342	47.166578	106.411736	16.627671	19.051651	15.775879	29.798517	90.107592	97.409574	19.276904	102.580518	 
60.119421	44.147220	44.747926	2.326902	13.768518	8.879258	26.248389	25.708411	23.091135	20.098973	98.155610	29.433794	166.694974	70.041348	12.395001	1.309533	30.066443	56.831415	11.027147	12.523803	18.298248	29.265389	60.587988	23.563738	53.981919	5.771836	160.065427	99.907266	49.682078	32.428423	62.447844	0.584188	25.048792	215.614551	66.142837	49.971460	23.944660	19.158670	0.549237	2.636318	28.079892	11.551049	14.547702	29.923423	52.293277	24.737918	111.928024	166.180901	41.397499	20.480927	92.548615	34.574153	42.407147	61.831505	68.942795	66.283977	10.085836	30.999970	56.923395	43.116361	38.667879	61.840032	226.056319	73.903464	24.550672	 
90.441640	3.540888	41.176262	32.923477	13.920643	75.466857	77.419525	6.131434	96.228873	16.937280	15.764925	5.383109	1.922667	24.192456	18.273587	23.753388	5.311670	3.174045	60.920443	4.260049	12.223304	91.497347	64.177598	107.307135	45.247758	2.093622	31.539317	25.702356	36.706437	7.045157	87.125606	21.662615	61.386468	1.052503	46.527856	19.217863	93.607394	42.899349	7.468264	4.322150	8.174416	231.485864	9.942304	11.093100	0.437709	14.103512	14.286633	67.655278	74.729092	76.325916	100.762568	17.963116	3.988140	111.191477	8.004639	30.628454	94.455658	1.621557	27.089451	5.721287	43.813632	7.062170	30.140789	2.735047	31.420623	 
16.136573	214.518190	12.230137	57.401299	42.347790	147.762805	9.733385	27.043330	41.641220	12.024879	37.617976	131.290017	19.866159	35.555367	4.841973	43.709675	30.780568	100.006189	3.255472	84.685041	13.882192	31.167046	18.920974	21.741277	24.875990	9.765266	10.906171	37.438719	34.315211	53.987068	75.939826	62.123149	23.665117	0.719715	10.892028	105.054008	55.222689	170.875446	23.865020	1.017110	18.307157	73.891924	30.894333	1.124639	11.590193	52.778186	214.137769	56.547932	65.921921	11.924370	139.541255	69.371644	74.964522	29.662807	22.131241	17.374886	27.205570	28.526673	3.350944	9.203487	19.839599	27.866264	12.113600	7.154800	25.330440	 
1.149161	29.027337	170.120157	62.680788	91.656296	89.604893	19.430680	11.052503	19.332290	45.018860	12.167218	23.621919	53.507954	4.296769	212.414548	40.681339	42.695743	124.437154	75.597767	99.508441	9.806782	25.200991	14.546903	34.122652	27.586977	8.400546	14.438808	24.358469	61.543283	49.762040	4.815218	86.232182	40.967615	85.767386	28.844893	11.145407	25.617075	117.932556	45.130063	44.579387	2.739526	63.580323	12.839807	243.388637	44.377661	88.519509	37.895924	14.025994	17.142526	2.151141	32.172607	104.066686	57.235888	24.886271	16.078504	42.029327	3.919569	70.708949	8.036800	67.284124	16.218115	74.349411	60.963369	26.703030	56.513131	 
12.246350	18.000937	9.377966	1.836327	81.519794	9.047174	31.968796	11.208983	2.432346	114.685256	57.492987	4.384018	49.633954	14.789613	36.557013	37.671676	5.551461	8.801838	42.932724	55.938927	5.437169	31.426391	0.415355	54.882328	71.737462	84.293514	95.090598	38.491128	33.992935	92.478745	68.007467	31.114409	0.463610	1.638536	20.598642	75.245632	45.313968	26.517026	22.312595	32.693604	0.625505	62.676653	5.506156	22.502512	45.814421	14.023383	71.680279	20.649074	9.541647	68.873200	20.196864	69.090485	10.179735	1.357056	67.077892	1.471458	72.832427	25.402175	40.494678	110.692493	64.657825	38.659203	28.228827	7.880476	25.313132	 
39.584358	69.003121	142.779611	9.684917	14.832577	34.034800	104.537268	12.887219	84.519173	117.347923	1.004689	65.672292	2.252752	18.766412	12.622104	69.795743	112.176001	101.443699	126.892345	28.287655	105.871899	1.382584	72.310912	4.803497	92.405854	21.094602	47.928651	63.726708	36.699064	98.596876	5.681672	7.671643	95.453036	2.331804	12.735909	7.698089	26.365318	116.297184	6.651721	39.251975	3.287687	55.218634	53.469352	5.875334	62.428739	4.499473	54.410667	17.669552	9.523004	23.900014	101.416990	42.782572	101.980980	13.614090	40.190205	28.107379	19.562523	50.502635	2.645860	17.704797	0.331377	6.963369	7.955440	11.118503	8.851730	 
2.899275	72.951707	3.595301	66.090838	24.311066	19.946703	10.232690	9.828887	55.361969	27.480377	15.822513	7.664569	2.974732	10.946347	9.171257	21.156808	9.856592	92.559885	45.141124	1.327608	113.467519	14.615517	13.055455	12.229034	5.077807	73.130150	49.340078	31.726085	33.186325	10.907516	68.250100	2.372276	42.036961	23.922178	65.874017	11.416123	52.306409	9.937311	21.848558	18.322467	66.972636	39.513874	37.769126	57.267246	82.102083	20.341006	49.986253	2.980968	33.467899	11.763749	39.600409	34.780255	23.234248	46.638217	7.916705	81.566286	16.160019	37.215340	63.207958	22.644757	49.766884	19.147305	116.842479	1.056136	19.686035	 
29.235826	80.063901	21.706815	43.789035	1.054114	3.519561	14.823177	11.879167	51.660202	17.688089	6.338695	61.601185	11.609372	15.694028	109.802323	15.728811	93.482284	47.900113	24.477357	31.227597	20.035661	9.307752	11.576222	11.798648	58.256987	16.068916	74.802635	124.145688	12.844605	234.766841	15.377963	7.960974	8.113839	6.903461	58.299468	1.766953	17.445383	47.665764	17.789204	19.623017	3.044985	29.620443	12.097805	17.254056	136.396778	13.012926	40.984284	23.488507	17.422272	76.895075	14.813375	26.391892	38.779975	88.467726	23.824979	19.129701	8.178670	20.470251	26.790249	0.835188	76.637399	56.123115	64.208269	17.524251	28.673588	 
79.268406	7.381430	25.011649	93.454863	38.119813	11.291700	100.159669	5.433510	102.387962	18.693747	102.904006	14.970604	113.711536	39.033135	35.614911	45.808824	125.798676	36.918663	21.017540	104.404078	8.478519	21.832170	14.771715	12.757079	14.915888	4.356613	9.358120	25.862351	52.988473	9.539913	72.553646	8.179501	24.338634	12.615566	28.344331	35.983881	124.525290	148.045301	10.857139	225.053214	81.345334	28.382162	7.057569	136.884757	21.019745	7.152595	108.557439	1.172912	135.280032	57.903991	33.318955	133.946829	0.571398	14.468360	7.747033	13.226206	10.352378	23.177207	2.686622	10.322137	64.303542	92.213026	61.716932	32.506697	20.460824	 
23.312909	14.919122	6.772509	2.952022	41.494428	8.614689	131.960999	26.536233	66.567204	46.510485	53.643228	4.400435	63.976028	61.132418	145.016396	1.409216	66.737949	61.457715	64.929542	21.041438	58.518158	69.428997	19.157806	42.362319	11.678359	39.431005	31.385345	14.278393	29.897429	11.980122	28.502184	30.321881	41.322678	170.177687	17.688841	89.338577	31.680362	19.715094	7.457442	2.143302	5.330991	58.421017	10.772961	58.619248	4.898089	5.287119	80.749919	78.565115	67.287823	50.275079	111.662327	27.786401	4.794766	64.494675	40.320084	6.669538	31.302614	10.249414	17.788072	54.728237	77.050697	63.045056	7.836466	153.274607	66.713207	 
0.748807	8.409822	48.006875	9.180647	9.955111	25.514275	8.970368	29.993172	65.181680	7.318626	36.880684	223.526037	27.324007	70.919179	17.279086	38.982456	1.674330	26.031545	22.806801	75.442104	89.481259	12.266202	12.964684	13.533826	15.563680	111.262993	8.326818	39.079779	7.776825	15.754749	19.001333	98.451387	75.116157	36.818740	160.686261	12.095835	32.679577	145.147265	59.291881	25.024189	31.437235	2.382784	75.588362	8.297984	28.832374	32.805155	20.877224	66.312307	56.596630	26.393762	54.290507	49.930701	42.775959	119.588681	51.132066	28.616823	38.219381	1.602076	38.548562	17.057442	34.657932	7.158621	11.395362	14.006310	52.584684	 
15.437489	32.642701	158.872631	39.535747	36.082081	18.588600	193.546206	3.819570	5.113116	10.754954	45.907106	1.024479	38.475824	30.573912	36.917071	2.077604	70.451533	7.318859	185.933192	9.198376	107.734560	43.100372	5.062965	85.105263	99.712024	35.095400	1.316758	40.642480	23.776918	4.519057	20.954808	7.054481	29.007667	137.292226	13.117195	32.226553	56.689678	17.562035	191.196358	98.282961	40.896356	152.595589	26.977596	8.647458	11.728110	1.340934	4.459908	52.464435	31.953088	26.174645	14.534147	14.552100	17.903252	14.649760	4.987000	70.299991	17.077064	38.008980	38.538722	54.082909	1.536677	44.011010	80.052394	41.623567	61.358791	 
8.033036	34.260916	47.981187	127.521905	9.576076	9.367664	122.572852	171.006258	12.490131	63.617948	41.397328	18.794648	4.626315	23.600675	62.917024	4.836142	31.407188	9.274099	93.581402	17.621997	54.932510	15.950140	11.595336	84.348496	16.581167	73.005792	71.607519	41.595536	54.522537	61.231957	11.383400	72.947172	15.690416	3.362964	12.274450	5.440696	26.214199	40.579308	25.958864	89.502849	49.368574	2.713510	42.987590	19.524606	28.972041	11.974456	47.793048	18.595078	47.244061	41.580529	16.367718	13.669835	2.024011	32.772122	15.117674	23.921565	21.829133	63.760856	24.476173	7.079745	30.433225	89.472764	65.194926	8.725233	100.017266	 
44.477954	32.415985	25.982836	94.770746	17.775593	77.576445	7.378567	8.536250	26.973224	63.611213	49.028849	192.125429	3.697751	14.308456	47.315688	10.249842	33.337777	2.835099	49.608338	59.668497	43.775419	35.543343	112.692236	26.616099	124.250582	191.383409	1.418577	63.203220	58.403618	26.030929	13.824691	1.821376	41.589076	53.131057	42.826602	45.528189	49.289758	12.299235	1.581057	0.906326	24.737138	86.442126	67.139353	30.588264	96.959139	29.235151	9.087260	10.090186	34.101479	7.153796	32.462500	40.983862	90.572806	24.253760	55.120272	6.872771	25.339287	14.993484	9.682631	1.935240	29.180971	10.766440	48.590565	2.996053	13.196298	 
47.524404	25.796669	17.541419	29.362960	60.002528	35.404439	30.610412	119.049673	1.340387	3.205623	14.690113	38.509173	48.725603	25.587705	23.193334	46.786722	16.310226	24.685688	68.103526	82.817513	49.402329	16.002214	29.572349	117.291496	31.443796	139.646393	69.639975	15.364525	53.268233	43.147916	39.960394	75.603361	22.268268	18.608840	38.643194	30.479266	18.986248	56.823902	14.630915	81.003037	8.902276	8.814890	18.884099	48.539168	43.145744	88.461305	25.584989	37.830858	7.459975	115.100965	130.994451	220.803863	29.283869	66.216714	12.345294	18.116394	11.349099	123.433030	49.371196	60.596526	42.077040	51.184409	28.542485	32.702443	2.963083	 
1.097277	77.210839	142.435859	87.752093	72.659412	30.298092	97.160129	112.762207	36.539941	22.433325	21.124928	10.346411	8.166109	3.903211	1.983383	41.434104	68.740419	67.736658	10.322994	9.800123	38.243728	26.265551	35.272862	7.647760	93.076491	43.883317	13.118423	14.691364	57.367831	29.667717	4.925261	25.696789	18.451277	11.763188	44.921610	110.806548	40.897169	29.199598	96.399935	1.775296	24.021335	217.107123	28.288274	41.748215	12.157903	18.479132	127.644453	6.817401	37.284516	56.537496	5.954600	18.036557	31.795786	10.361663	5.162819	25.518971	17.474483	18.222987	40.709573	14.185976	38.938067	43.954530	7.422398	5.997845	58.915927	 
25.877160	109.356267	45.596740	5.973135	20.023712	1.680129	24.903173	3.170009	46.236449	55.298853	3.304867	15.780759	33.142162	3.796530	29.545055	21.548523	6.745187	58.314492	16.766441	55.459485	74.528874	44.999731	19.818361	18.493163	57.567804	63.783969	29.095525	17.953264	36.334585	32.029494	3.504668	19.323944	5.752973	22.468822	6.225453	46.946587	23.019944	14.117262	83.620289	52.648536	55.425674	19.201283	131.489446	1.687434	18.791177	16.739857	21.550087	1.568890	36.195361	104.975245	3.728986	18.809588	90.407278	19.560100	41.158504	25.099813	26.304875	66.300165	15.496733	28.038167	60.586398	20.647316	14.572737	14.680634	69.141904	 
132.939819	1.744761	43.009900	29.975213	14.026569	23.201272	93.415857	29.203296	72.123360	8.451848	107.110399	20.044763	35.613303	43.299145	44.801397	150.426651	19.022477	85.670648	14.026507	5.051605	28.711794	52.601392	31.513401	12.463613	27.484446	9.069212	47.167413	91.774067	74.134166	39.583167	47.309536	28.426128	56.474180	6.968554	112.286290	9.555962	37.872902	60.551932	2.054076	153.380495	26.796517	28.666953	26.205139	7.837659	30.683081	40.819183	22.404674	15.875851	145.544583	96.817515	22.897847	55.065140	2.562091	51.288068	46.232888	64.428089	14.231119	17.720977	8.509691	84.343215	45.132992	41.452502	142.831173	77.749064	72.626351	 
56.420805	42.822135	141.104903	50.268010	111.395406	10.479356	15.358741	104.063294	44.626473	3.520997	0.835935	36.474970	51.294358	85.812286	117.509695	8.570172	24.364377	156.311364	7.999248	13.816447	1.923537	30.951055	7.761956	64.017433	25.748883	58.082049	24.580731	95.216476	6.550627	60.049986	19.321629	17.224176	39.177951	54.987725	9.684483	6.428571	1.136412	93.213365	16.449238	65.243133	69.532383	66.529991	7.343127	34.081997	19.371836	49.287306	3.822186	50.498153	4.392299	58.694353	37.624723	37.019457	12.610582	24.597622	6.917630	24.197942	10.786616	63.581617	25.670393	49.183611	15.561302	12.715982	26.014164	92.125709	205.254703	 
27.809810	30.928514	2.988805	7.736773	3.864593	14.689731	8.500734	3.435126	75.941451	25.187460	27.147877	61.534900	22.694998	42.592429	11.567892	5.478493	3.712413	56.293885	23.382183	79.747103	51.556124	4.010948	28.576407	19.029334	30.329686	31.306304	248.794704	42.184657	27.490382	38.509385	25.397717	23.350492	30.909244	44.819020	93.441791	58.338947	4.835821	6.962450	5.940741	65.890343	55.190164	10.896861	145.336899	13.101672	40.012837	56.430020	120.138886	8.323561	15.767815	82.949778	125.262266	4.084465	106.411094	22.012992	15.347362	33.791778	51.692937	19.475661	2.088457	114.858348	76.685973	74.348127	32.361965	59.817925	38.164458	 
64.964759	32.651836	2.437253	90.999224	61.468784	9.486791	45.527618	1.520341	1.776705	14.514493	92.547012	8.753268	2.596976	6.694976	45.774029	5.228988	0.675841	47.964794	52.999605	53.038962	5.521086	21.057179	24.881422	10.943526	119.705017	29.420963	17.261616	74.799976	3.094655	8.877020	51.233569	2.470142	52.348350	6.865871	24.805065	21.247380	109.888270	34.972971	12.113535	24.271960	86.238651	7.747713	8.000386	33.270731	18.969344	34.427975	90.320363	2.573283	2.739539	41.619183	68.866363	60.677599	11.669638	33.351742	5.442109	145.175853	39.951278	79.981546	30.864706	5.251069	85.692516	127.944687	12.560594	16.738342	14.702993	 
81.573703	39.157601	67.766108	61.465680	118.072024	14.349927	9.476195	60.304794	10.372806	58.534964	26.331638	85.086621	113.287790	80.420292	253.758950	27.711293	38.089140	5.797780	15.865067	1.400678	9.728203	20.692291	1.062165	93.444012	28.632148	80.568723	13.745728	172.050972	23.852263	21.611874	27.494583	53.346348	27.966756	79.195350	44.212320	32.534158	13.008352	19.604916	65.760116	7.802591	155.953479	10.543889	29.885890	71.458890	0.891307	4.109146	23.105595	15.090548	49.094202	53.858339	6.707368	5.868878	6.541501	1.875818	15.107860	87.226437	32.536771	26.355563	27.551829	63.364395	28.186019	179.429746	101.980449	13.125158	23.914878	 
20.608562	14.383080	19.329801	30.586344	5.351896	75.182522	20.691845	48.945417	31.718137	16.869024	2.609151	154.967161	6.071471	78.886820	13.802318	54.125736	17.742158	1.831032	91.734850	35.485671	71.295974	36.356015	9.943202	54.647609	130.921215	31.508791	15.505978	65.857968	23.854963	8.628864	65.868799	42.468183	126.938810	50.025026	60.870150	10.818895	13.984024	78.812254	10.243308	0.431135	6.101247	4.477987	115.656787	80.087432	60.844673	45.863662	55.800081	40.772225	2.943161	19.139167	21.329644	68.695724	54.132466	127.752628	36.912958	41.318132	3.033271	22.466071	8.315226	166.871382	17.516425	84.597740	1.360932	91.097093	77.747897	 
37.401435	5.629746	41.101026	84.350720	36.398232	20.882668	146.849532	25.333719	112.722397	94.780050	41.045232	6.117094	98.868402	34.168355	10.510535	12.434843	51.759428	9.664388	52.482342	0.821185	38.638493	45.760094	61.191206	34.533518	66.637398	19.041412	11.480680	23.233639	50.895210	28.729977	79.962746	25.584920	15.623111	112.438406	21.161035	15.939874	23.569439	26.896274	128.721283	157.418755	20.077662	2.670054	2.265952	7.221045	3.182174	92.741528	6.095081	97.437802	36.113220	12.686674	25.373133	53.070824	37.189812	28.830207	100.133832	234.689132	63.868963	20.094396	34.760788	62.419762	54.368436	4.295648	16.817372	44.742450	42.812739	 
23.960286	16.664079	13.129161	88.100809	60.299051	59.092656	55.024609	6.127969	167.908724	98.251621	34.354413	8.847033	129.180575	26.010481	11.851801	18.218489	4.998745	0.480076	40.842136	30.312968	28.970017	9.761618	59.311553	188.622085	18.236610	21.571804	23.740846	92.753081	19.400338	28.192889	8.502133	17.358673	24.277408	69.816219	65.367621	3.448770	7.327285	1.055734	152.104272	34.059347	52.417582	2.642245	6.141996	19.647759	13.443421	68.547850	109.358841	46.784350	13.779741	20.317715	7.167804	34.278526	65.844564	9.142571	3.165575	39.362625	45.068526	36.995372	75.530223	32.646715	99.682081	1.898742	48.484730	9.365675	14.313685	 
68.064324	73.161408	72.324547	7.949674	17.497284	98.419797	3.261144	7.172893	32.406775	23.921739	30.974350	45.173014	5.875184	4.296522	64.321819	2.316934	16.373153	21.526462	26.323114	12.717422	53.623561	10.077805	8.036523	20.645485	32.103357	30.671589	25.338207	57.808819	10.002458	4.720689	75.791794	31.738594	53.923945	6.781038	53.047139	18.737189	10.975824	78.947625	7.399583	8.056245	39.352327	116.663652	9.307733	10.571250	53.877027	62.206479	44.594664	6.740651	44.736790	9.388446	11.271307	67.129718	64.418258	170.903783	39.886468	18.662850	20.195450	15.086157	38.091142	82.481086	16.722179	69.856656	3.104913	96.600370	91.761242	 
56.788696	22.591704	34.856817	64.650335	7.320772	7.995109	32.544734	9.593846	20.023145	43.060238	3.877493	2.325257	22.192865	16.592824	38.383182	38.311378	44.680878	5.812823	13.183983	25.274368	6.218875	25.977401	210.835019	17.169899	7.835832	43.827311	11.422587	70.331068	47.599695	92.740340	39.387980	22.060668	16.864483	12.174106	26.183171	2.300779	3.436822	12.487234	21.837180	21.255401	9.375423	90.043095	25.600630	40.274803	19.492975	46.221119	47.919362	31.808137	52.499498	5.026874	25.376100	22.574172	24.858003	16.453159	12.833022	109.984742	47.110361	5.360097	65.149259	28.539782	1.961287	10.880092	62.267692	0.933703	8.313438	 
200.020554	4.031477	102.097874	7.126014	1.485641	79.165194	1.248293	41.596792	63.476978	47.258597	15.848243	41.750805	117.776570	70.239158	14.829138	91.299623	14.907731	66.611475	16.512883	18.711053	36.645540	25.910154	46.179248	131.520809	89.536437	99.252324	32.555819	33.688436	184.500834	91.151728	97.929856	24.521350	50.373025	15.341590	16.809312	40.131515	42.378651	11.251218	2.051438	179.322058	5.157082	17.245987	82.274981	62.661354	30.991622	7.503443	1.884858	77.545414	32.120828	63.180233	19.300940	24.447684	2.622450	66.954402	60.625782	41.006284	81.672794	0.600989	88.075239	71.677058	87.664326	3.889052	8.634246	48.558214	95.143588	 
60.407472	58.543828	19.785191	56.455135	13.940850	6.620652	4.175212	12.513212	6.948865	13.043379	76.752403	22.583972	172.885417	1.173696	85.258921	58.078204	22.453639	4.525479	39.193671	45.781515	58.377400	101.013702	14.135061	60.354565	32.518248	48.532234	10.794072	45.006000	60.237220	22.734408	6.215613	6.881008	41.293289	74.796941	9.654064	51.634938	36.445509	59.379015	7.823377	8.352084	1.894538	24.114008	43.765122	80.160424	43.429904	50.188052	4.812388	17.425961	15.297981	128.220982	18.114411	6.843155	66.022545	57.597020	34.774398	64.144609	9.289718	32.105425	67.627703	15.719124	15.364947	21.983455	66.272488	84.966123	3.491817	 
76.211852	45.675726	13.375325	11.380605	16.096953	3.372056	0.588682	41.336852	15.876387	107.945489	18.738879	22.828331	23.685432	9.022914	127.110618	9.895659	132.499509	45.372361	3.194791	35.546052	10.648702	31.165120	24.103509	72.666652	13.900726	87.640394	103.403488	6.655165	14.033109	37.908338	44.524444	10.517728	34.115292	3.642539	9.494339	56.137863	3.512467	1.064056	14.228067	10.480867	36.574807	31.431399	29.265457	42.203433	36.364165	10.369763	10.083523	9.557029	43.610567	3.875739	6.170759	20.489359	37.478396	104.993222	174.667197	60.671018	34.083612	327.529529	120.134087	12.775561	60.072775	9.373243	56.851495	2.615507	47.839217	 
78.136547	20.488032	18.518011	113.259432	34.260747	57.876685	6.309522	33.754923	95.241086	99.433262	42.060329	30.360793	78.884512	84.642772	3.632644	118.485631	65.027234	143.817578	20.191215	28.247094	47.911824	3.945350	127.145192	61.899261	31.576851	20.081083	14.322736	23.992674	37.667377	19.558810	62.110119	2.442412	22.837207	39.469428	119.995631	43.146385	43.166218	317.476637	6.846904	93.048768	39.252293	93.707253	134.638099	23.476525	3.798211	50.554793	96.945718	5.365719	9.583421	46.619133	31.108577	32.061780	8.396932	30.437662	43.200364	36.599024	123.119344	41.471320	59.072685	33.983423	0.799337	42.895160	83.630770	2.564684	21.683969	 
71.158326	37.367164	29.067751	59.852163	51.269524	43.077579	91.764663	46.656215	22.564995	81.987451	36.685305	44.165601	80.707999	3.608482	3.416992	45.500890	16.082293	39.912824	0.563713	71.244334	31.647932	2.899303	51.085355	70.690857	119.012925	4.825219	27.413610	13.600479	11.236728	78.715479	10.084387	41.525854	9.010891	63.107343	38.912929	88.035499	4.887903	39.873903	36.054882	34.218057	71.173624	83.300740	13.942855	87.809203	9.744324	126.838393	7.768661	14.279351	84.310158	18.403565	74.846678	46.074053	5.439079	29.239200	9.600563	7.394283	93.107935	43.212608	1.504502	31.377404	68.527371	54.835755	51.399278	12.029276	9.778652	 
51.996684	9.773938	27.481621	108.077788	13.004967	44.856053	4.532612	26.356013	4.007157	103.169405	5.030891	19.853253	19.132345	107.924010	3.633334	14.997991	16.885386	7.376646	44.567256	1.593062	9.644627	43.275607	14.389880	93.577407	38.060617	23.466769	2.788238	117.862607	57.021820	1.567164	32.622759	101.237675	14.170446	29.802388	21.186111	36.675668	65.081049	11.122935	73.957569	15.274062	136.749709	31.865305	43.727805	29.719459	3.024659	3.986847	16.071693	3.871970	24.524099	43.838285	0.824787	24.703504	39.061266	26.770718	58.409116	15.142485	8.556580	37.882329	9.406110	6.272095	25.396945	63.643074	55.589589	63.808929	20.387447	 
39.733847	8.762771	10.463265	39.174680	13.162182	25.341250	63.158428	9.101531	138.228236	14.053175	44.337970	60.871112	18.520124	31.812124	25.608609	16.478111	8.398525	10.043517	41.574075	22.603881	19.590526	61.032605	2.063320	11.549448	6.252704	96.119636	25.634670	11.436859	127.611990	73.678471	6.920131	24.837890	2.713586	169.415524	30.542348	93.216931	48.085870	35.655564	19.244523	47.065956	27.651927	36.657125	37.394160	87.791095	1.107612	28.808373	35.827104	86.482590	51.974981	23.516861	172.888832	3.310325	24.050482	45.593105	86.490119	4.681275	48.245209	57.904440	2.396765	15.584278	27.575005	34.694222	10.792974	0.516270	37.771105	 
1.228557	7.560594	16.139472	1.909536	52.400839	132.460122	5.496806	16.429898	12.345144	122.984567	115.557326	17.335061	6.968760	81.989422	54.279596	41.779839	23.872673	124.093242	7.931172	17.079533	9.175687	52.412647	5.702854	12.388970	154.264528	7.195543	45.209825	16.037459	14.557432	96.419570	48.232360	12.079347	14.059131	2.539241	8.653202	15.442001	151.779561	27.603260	36.732042	0.411826	62.815717	47.813853	6.596927	67.009434	48.171587	20.129775	141.276359	5.369460	2.033169	117.336995	5.900613	40.076493	11.183796	82.670348	22.511566	15.567982	59.935219	21.376087	29.495552	112.584895	13.473353	9.612437	123.879983	4.021775	16.156013	 
98.207128	11.878197	1.726728	117.496673	28.889495	69.180039	9.064314	72.638456	19.045806	20.657052	3.435455	57.781377	35.893008	81.747962	3.081703	168.632259	26.649983	23.572330	65.861027	80.155617	5.669353	28.141160	31.682608	21.766119	34.533083	108.967557	9.863687	33.715578	22.397426	25.742783	8.013037	0.784001	41.707686	45.266817	22.517571	114.499978	108.865904	4.989124	15.075344	40.207006	68.275947	20.459816	42.253135	1.306562	10.609408	14.682810	44.081157	36.671842	72.899583	116.654961	52.731862	2.386003	19.982523	17.979224	64.521307	4.082454	10.168996	30.202162	83.143810	0.867456	296.900737	3.210077	66.706746	32.489184	20.438059	 
1.540991	51.527536	17.622854	30.003347	0.995951	2.302338	114.527270	2.397933	11.703027	22.355394	38.880839	25.675631	47.269126	44.401508	153.964802	19.427924	5.646770	14.929072	12.736091	74.615636	40.528938	77.668155	26.667567	64.269396	14.136082	12.243375	3.255885	33.039301	45.090572	18.422538	62.707574	134.439012	12.427578	24.852980	73.030733	17.420144	25.783208	65.424661	93.120309	12.914112	19.314409	2.705728	21.278195	12.555885	31.688307	79.135501	16.222315	37.737025	3.542041	136.255122	75.610914	18.153776	28.143973	128.862342	1.290326	5.505594	67.550914	4.722089	8.743497	21.775475	39.056015	29.675852	8.194978	1.831988	14.615696	 
36.401246	22.136342	37.091120	53.456741	176.482345	40.488790	19.160540	11.175103	18.370203	31.765834	54.843039	28.544753	20.305617	40.147790	51.876171	57.187828	52.584069	3.525139	29.127860	97.126457	9.467686	129.542686	23.370722	42.573241	27.073882	117.166995	4.142244	25.476964	28.219241	39.344293	10.713498	32.186600	116.503961	31.999588	30.957049	51.317342	84.907390	93.799574	21.382790	15.340354	140.158731	16.887547	63.009474	6.561603	15.403251	13.091850	2.858938	19.491550	10.859399	12.426763	39.812800	37.406541	101.618866	2.921284	5.741296	7.970289	49.778846	27.822712	18.443257	23.883177	27.519924	36.251735	10.538403	65.549216	25.059320	 
44.768494	34.903096	15.104549	22.007619	3.890815	114.885476	32.893594	9.265420	38.231435	3.350609	36.440502	8.263382	4.943672	37.831296	141.292762	14.099244	99.408173	13.830491	62.121907	0.985138	113.547277	25.031704	5.187493	40.440689	77.366906	7.063188	11.531930	12.909341	34.832106	9.031068	15.357506	38.170999	23.776059	16.013043	14.981416	34.118604	32.555824	121.710188	107.956778	9.032133	41.748143	156.553882	25.351319	46.118949	21.294270	21.040730	14.875677	2.327031	47.269257	71.403390	118.674262	178.846712	36.347992	25.024105	31.856789	4.811525	0.830428	21.163618	14.145910	44.590712	3.533970	87.313935	155.156880	59.549506	29.904988	 
12.128569	4.776900	55.825131	28.604129	4.145763	67.737152	47.307039	26.709402	24.184808	6.957276	10.615430	45.382671	32.535629	130.062798	62.573269	19.265850	15.571887	25.677481	29.255420	24.583885	19.064787	28.922321	37.610410	128.235457	56.482639	82.591654	44.468248	154.143148	23.824625	66.347512	31.156252	41.090536	9.437748	23.311669	61.244895	30.295714	100.131905	52.591439	39.107174	46.800692	24.984060	33.512755	6.224665	41.904106	22.369311	9.647271	6.757817	55.831649	60.853281	65.934043	29.479001	38.182530	12.176122	1.069583	25.974391	5.172486	55.053595	5.166253	19.412168	61.642589	17.026241	25.921466	4.801985	193.194529	0.389312	 
13.736595	32.944992	229.030391	14.091708	17.173652	15.859301	34.641185	71.228710	7.717328	29.506363	27.361666	4.935763	18.011658	50.210425	7.891319	30.366370	45.573559	65.796407	0.620035	4.776710	23.072876	20.827774	28.831090	1.210251	52.832804	106.495224	39.595007	40.768509	33.944450	49.062939	17.653717	33.954900	36.485164	33.141498	1.748918	28.294633	41.883837	11.656603	4.124237	24.458855	30.326090	33.569848	32.211442	93.576021	18.069946	9.735461	14.175553	4.925815	52.043920	24.955542	3.555848	10.394110	3.534131	35.283915	8.790812	90.445691	7.328713	34.356560	19.541557	14.326106	84.876221	21.031080	6.269820	31.182196	17.732365	 
17.406358	42.587397	13.962516	14.955270	17.015775	5.451534	75.268154	70.563434	50.406363	18.021298	77.430533	21.158719	9.706439	11.645049	113.839131	77.017753	8.232066	71.120869	8.856324	47.689333	5.133791	1.112431	26.951888	7.526128	19.822123	50.628906	27.907297	84.803691	24.906611	82.292654	36.723065	90.572678	4.192132	3.391623	25.839954	73.580773	63.840142	2.640602	0.781007	69.895023	247.045667	77.365727	51.970231	8.720768	21.001395	27.925927	49.920084	58.872546	4.137679	26.770395	10.192197	122.925172	62.203076	32.976895	15.472268	84.580755	19.955967	50.661103	41.831106	9.004350	71.230541	52.003808	34.192550	34.684611	36.015683	 
63.536413	32.068915	1.806055	39.210876	17.667060	184.453568	19.847819	9.134312	80.686154	14.679745	94.760876	16.353367	2.577353	21.651298	41.512788	9.688601	39.252910	5.659712	115.633240	5.855497	15.218499	19.526985	45.780739	6.130044	19.549378	69.616050	47.500131	54.169549	17.585141	89.817332	43.472245	17.227313	27.151666	29.706186	11.254996	41.444075	6.962751	12.681738	19.973351	65.455012	78.030818	67.273718	39.506802	47.597666	2.385916	19.817045	49.699901	16.670795	29.371785	78.810519	104.311838	22.650557	24.537258	35.402768	11.173244	49.485605	66.155604	19.761848	16.918964	208.385601	4.444330	88.048129	29.584815	53.548861	57.984643	 
31.853983	7.926943	35.277423	10.138269	40.020571	65.270767	8.513797	59.602320	20.164757	6.829514	14.371703	30.279400	85.221134	152.398377	73.154985	9.108148	22.714859	50.492693	30.060253	41.261633	18.511136	27.497275	25.904660	12.265250	180.961596	7.724776	5.533033	85.590545	66.084500	24.167796	99.310564	93.653857	22.833490	5.989337	0.947768	40.938053	32.725162	80.487605	17.670926	69.292670	29.415693	70.441225	33.815096	35.227917	35.619340	58.681376	11.610580	124.280160	113.676456	8.236920	43.806905	221.570953	43.310709	15.605402	202.525255	20.997715	46.636733	42.475790	16.130667	73.495097	4.852423	4.614842	51.186958	54.872945	19.192751	 
43.700353	33.051525	44.744895	11.514590	18.504103	5.264842	1.884973	9.881239	31.623552	75.379460	33.673700	1.226292	21.454603	187.635058	18.265508	13.503495	0.646022	113.842692	26.669147	1.849157	147.156869	38.307832	53.668818	39.616085	16.174009	8.575095	41.850074	104.082410	5.018608	118.024189	15.603902	2.361956	42.666394	30.543163	15.616841	1.780396	4.716654	21.057835	15.542543	20.700093	11.375323	49.247805	16.090530	3.025287	17.978234	30.008421	114.651843	7.229503	44.563733	69.923219	16.584417	26.271910	67.921285	12.497202	8.506868	4.683504	15.657435	13.014891	6.794722	34.442682	58.013495	50.850966	6.220488	25.478065	47.715514	 
113.329857	16.415240	13.184277	49.287680	7.327933	72.780683	17.579727	25.206012	0.352239	37.405664	49.707722	19.266737	6.338404	30.732785	120.595071	59.191362	2.468424	25.317528	2.207851	70.679078	30.670791	57.423179	31.075928	10.812220	9.523444	43.123721	18.034227	13.579660	2.019407	13.849483	75.284598	15.579073	97.501518	88.956405	30.693759	60.872581	11.794259	52.741351	27.675401	2.985698	43.383868	14.658033	18.619239	5.950260	284.035131	37.084838	16.650978	9.938540	111.369698	12.087085	23.192020	12.213639	138.344281	3.052525	32.558746	3.672500	24.874246	103.771189	1.457434	37.858100	7.155312	34.968769	30.423361	2.649365	58.731642	 
22.094123	1.494542	2.103544	52.130166	17.560045	57.898892	42.610066	15.525520	112.584538	1.951224	12.342040	44.319122	0.687457	33.148082	20.022431	4.096964	35.090103	4.121096	50.890412	65.696977	115.317575	57.297183	30.532544	7.441328	91.189716	6.219253	1.673463	129.261908	40.873626	8.871225	44.257309	19.559997	89.100158	1.450513	62.301970	39.647211	11.710782	1.373596	46.162663	28.313954	20.093899	38.829032	2.286745	62.311629	36.692502	21.842334	9.905257	40.777094	4.033633	20.714849	16.543709	10.795437	39.960334	27.842074	41.630474	35.808622	1.526515	127.575247	21.619288	11.597545	16.048159	15.820932	22.107079	53.710793	9.945995	