64
0.000000	9.627456	51.244625	8.008369	73.008197	51.450540	61.083017	74.710551	2.853115	37.599142	53.997164	52.843936	59.982750	3.384805	11.434798	58.832800	9.367087	17.251504	141.419876	32.609944	56.139554	25.639676	129.496061	50.502149	29.690981	93.227938	35.503014	23.991005	9.484183	174.245746	56.493442	110.933558	2.881618	61.675631	109.269154	127.032676	76.499863	25.869427	4.149466	91.854276	32.069197	18.007576	65.148363	28.726168	119.732590	11.368444	93.342216	7.253123	71.332163	37.900061	40.322985	75.556413	112.150947	38.819862	29.698439	46.680963	28.012319	46.017191	3.753985	57.596656	149.546466	35.803373	18.093351	160.429363	8.638048	 
86.595819	0.303417	5.314885	23.889579	136.148728	64.281207	38.653302	55.382932	26.184479	60.660257	27.662314	39.872672	34.847670	33.955067	10.993945	123.690092	38.035050	14.022838	121.428054	45.203717	13.488889	33.241883	49.625136	27.183702	21.052746	20.103798	86.306632	113.459691	1.813930	72.319987	12.117392	22.255509	13.908669	9.376738	11.745845	25.054019	13.356170	42.829888	44.365317	25.653649	48.909729	14.895861	20.911000	65.254401	16.245092	88.396934	106.146708	3.002377	155.178286	23.560184	39.212082	23.053869	12.870340	80.536687	27.625011	82.254088	1.531530	79.275984	41.524356	41.758205	20.677398	13.070170	13.180167	19.018107	27.172893	 
98.190604	61.546249	1.965800	17.807574	13.597311	67.212706	6.425999	17.938153	138.348430	59.306352	23.541723	140.928848	194.444067	3.626294	33.586613	62.147276	95.430477	6.208432	8.070619	160.472946	88.899403	32.598469	24.584139	15.100242	9.930313	54.260193	91.556604	3.716870	16.961474	24.991700	25.220634	9.384932	87.667525	7.402481	81.554731	75.602171	10.241184	25.344663	24.333886	12.313162	124.441504	75.862842	44.019939	46.692457	26.586314	112.448878	15.113852	144.699579	28.200092	32.646067	24.809588	12.347275	13.865933	42.000179	151.198334	129.655588	6.677099	3.784135	84.137976	18.924714	9.327910	122.563255	66.616465	89.062693	35.530040	 
93.651374	2.002712	30.518515	4.450017	12.722792	77.635894	13.700844	19.810464	46.992055	56.868803	18.879374	27.254190	106.971555	47.167782	36.220479	45.690848	38.974927	10.154970	5.508332	73.986002	31.250661	43.324995	27.300041	202.948496	36.455224	20.943718	26.417703	27.121627	38.598181	75.921417	149.729223	98.531358	38.717943	32.509769	12.103088	11.537575	22.875010	22.776362	30.330757	72.171976	51.865622	6.332384	2.355654	181.079541	78.210484	43.987066	12.772700	71.110500	141.661653	2.542028	12.807113	2.702172	22.259875	2.678885	95.664886	14.642088	45.866399	119.554150	27.728211	16.255487	91.896231	14.786627	37.519409	63.828457	14.972936	 
8.714789	1.412789	19.434548	36.250617	13.621677	1.247399	53.309610	82.309366	6.391233	56.038747	15.214957	8.484866	90.821952	15.697709	52.487066	48.941561	65.802100	23.942156	36.000943	32.603079	49.435425	21.634930	119.836663	39.041387	11.572544	17.135960	98.068921	36.223565	26.291939	67.468086	10.834325	1.036337	57.075316	24.028249	5.058503	12.249131	75.157757	69.453521	3.138786	88.326998	16.472585	1.611504	91.391186	108.671345	124.795433	7.957601	24.085488	5.142512	10.376551	56.436288	181.987971	9.195284	121.218021	46.082512	12.182189	35.592677	32.372590	60.220321	50.307008	0.858102	132.677640	21.490572	24.162017	20.831951	61.116565	 
98.086520	35.479078	7.245086	129.931138	3.070896	3.870107	82.758709	95.745936	4.128369	52.507195	13.167498	11.813298	4.239580	22.286751	44.765757	122.756307	18.549433	22.810404	7.458848	42.569579	12.378929	25.620787	36.947371	28.690137	21.173027	35.019771	36.037363	32.208032	7.953336	22.020040	170.473399	23.299327	69.985960	58.614496	2.324677	19.596161	37.637248	132.826397	37.205121	38.874154	21.174107	17.759558	193.755621	85.564211	139.788431	28.793669	49.352505	1.330414	26.122389	40.278896	37.918556	24.405175	44.218693	0.739573	190.326001	42.687584	68.795341	22.050905	31.102268	23.716263	62.386431	7.555751	5.348951	3.927078	33.051068	 
10.729922	137.143720	15.282153	52.093377	28.249629	10.521540	12.426093	50.786555	2.896066	55.282802	6.639908	41.141664	48.285960	27.204847	3.818557	30.052007	17.619877	96.923567	39.056870	48.464811	207.709986	4.744918	15.558849	16.593520	29.893453	9.594811	33.311783	27.281551	64.585723	26.730924	26.980808	16.541506	29.211396	105.623041	35.068795	12.476101	82.104478	47.860466	4.137282	76.775314	12.633462	9.717178	38.968171	8.247119	2.558662	25.807558	0.897139	12.886823	14.053214	89.515655	35.376101	29.210485	89.338484	31.096251	164.844737	27.187857	53.948388	18.479764	3.919183	54.155046	3.983582	20.565488	35.188630	82.927504	31.923960	 
7.180152	7.078343	98.120816	4.756487	22.611978	36.087045	3.085000	0.430100	145.185605	48.342780	30.041886	84.715048	17.522237	25.513934	32.145114	27.266804	42.639369	36.812972	36.077325	2.306138	95.474937	16.664761	4.941891	91.630657	22.251398	36.035743	8.963664	17.712570	45.351335	6.852944	14.788037	12.034341	6.971946	89.413882	37.977680	25.967088	0.286290	26.677073	7.908913	159.429367	44.273926	48.717528	112.013880	9.342885	92.082748	52.692178	21.025601	97.288790	86.474141	33.201200	8.507461	35.026350	141.313808	54.009950	12.984608	51.496001	19.041508	48.337698	8.631560	79.138895	19.897686	41.451390	7.981498	20.867205	88.921487	 
8.452050	61.275879	8.238329	82.024914	75.760621	46.156020	3.165437	12.570923	14.293899	12.562706	9.538591	3.818824	14.626134	7.303040	44.317140	11.954623	98.428977	7.054038	21.831485	5.066273	30.051914	64.574403	15.366145	14.477399	125.645750	50.296435	25.281295	30.556817	11.395900	15.297028	9.100300	43.217827	4.017700	16.994610	7.906924	2.221396	44.210538	10.899246	56.795946	111.693818	17.129943	18.083024	25.159926	31.548153	90.412019	61.795185	2.502830	65.885077	80.597575	40.298055	8.055287	28.704706	69.549447	32.102811	5.850287	23.044481	12.253947	9.163549	27.021563	30.795746	37.736415	6.016915	10.394278	135.214457	57.919350	 
116.688577	25.671047	31.913486	28.004320	32.304195	86.887202	5.535133	185.939414	2.481801	1.085238	69.144529	38.449770	2.869114	14.672142	17.102772	13.334346	17.793847	6.998112	21.047066	90.330672	2.228594	26.188503	104.085743	3.455636	66.213493	13.438823	1.834648	16.474916	7.474798	53.213202	7.972089	85.082930	8.408865	27.784333	16.079801	19.037114	7.588022	15.319563	11.819190	54.898211	4.784927	11.818740	16.393312	3.587555	8.570541	7.552081	17.870415	7.474580	18.833936	20.609333	79.093036	20.209523	127.813805	18.376749	23.885704	61.985206	52.164330	6.636384	57.100061	8.539835	36.933481	6.764278	21.248602	6.020620	39.188741	 
19.735137	1.575391	51.198944	17.843939	25.568373	2.458733	109.775922	64.178779	115.642291	130.523956	10.173949	5.707541	28.618478	39.461438	107.910857	45.808142	3.529877	45.379534	11.891532	66.404532	5.444760	26.450859	24.213686	11.120468	5.591872	2.342652	21.754978	135.786873	6.095518	5.853786	123.774548	165.874521	16.626360	60.990072	169.293379	32.688546	22.631249	9.811509	25.647061	2.521675	3.236913	42.769693	113.040869	27.113095	38.055847	13.772920	2.341492	0.211322	16.057317	9.835972	13.986002	24.272527	16.719940	42.270997	15.546697	57.801347	55.742209	7.857834	15.355788	7.107420	2.872064	22.442683	16.668259	19.263337	15.062397	 
0.770306	78.829269	28.071750	119.996824	39.353113	13.028104	39.467379	26.179451	16.567610	27.503819	142.530978	6.193813	86.944787	45.013992	47.472152	39.774480	1.118831	14.079891	32.736958	19.392378	21.594152	36.952911	41.954770	28.019218	42.159333	13.450315	78.708618	3.970083	23.844516	70.614602	22.277442	2.898184	36.942555	9.997514	5.688658	50.679525	11.063058	4.322079	116.210561	19.565509	5.707937	95.702637	2.900629	225.653332	8.116746	7.096992	45.499082	102.848260	13.002101	10.336539	18.313883	13.692071	15.953876	19.368010	24.578184	0.724988	15.348702	74.535917	26.416563	48.298061	18.522727	28.260342	162.239597	66.916959	63.766212	 
46.889023	34.671459	45.916414	56.913818	51.258664	23.197875	20.817673	53.880772	75.835968	197.042074	3.460211	32.520812	8.430872	30.399995	16.986092	22.339596	141.314314	6.354510	15.985609	9.738735	60.877786	40.378845	39.093723	55.669936	1.603950	42.329843	18.443694	74.057757	6.929991	16.441876	57.194334	11.160488	82.279758	38.462427	104.235978	66.294522	79.544947	2.386198	71.015978	52.050460	43.354950	5.591119	59.286884	18.009980	8.085626	31.165499	138.126732	4.543712	47.349127	28.347320	0.431599	21.208123	107.171001	15.361692	105.303847	6.178338	65.861537	27.921901	2.086669	6.176934	8.052606	70.399645	2.627130	85.155350	77.588141	 
12.272463	74.401536	36.738181	14.602346	108.416596	25.452007	27.293470	43.976842	132.114849	16.514890	7.294649	0.893478	40.441028	5.067998	60.968770	181.579843	26.396880	98.887083	13.509098	23.027314	85.203762	10.521684	54.888044	47.777378	22.863875	19.112073	19.277896	3.161176	97.330210	45.630642	58.306480	8.394824	7.356400	39.627241	11.410376	2.437558	36.700353	58.995653	51.093113	80.310469	37.142894	60.031308	46.078622	20.881473	49.879470	17.644699	91.304753	4.044358	0.981847	27.866702	47.592424	49.570760	52.433037	56.842558	16.289185	97.413448	27.884109	2.613141	2.866086	45.178453	52.534034	99.017241	36.831350	25.855334	14.605133	 
89.203013	16.933041	15.091558	98.759197	21.879807	126.599799	57.116821	34.049795	18.225648	81.788577	1.440213	20.502913	82.831355	27.049570	7.249702	20.124620	30.248083	7.259413	16.290491	34.499478	27.506033	58.499250	5.455230	23.485132	4.307190	54.868806	19.205043	48.952592	32.175761	3.001636	49.060188	44.891756	64.457973	9.862315	43.788423	0.762566	8.511829	9.143458	1.604121	13.924815	28.192838	73.910224	45.419550	4.291782	38.536500	8.495362	26.346822	28.578428	80.833090	8.567995	14.841801	29.757051	21.573905	52.870611	3.298600	9.241827	55.915040	55.722340	42.403006	57.704610	17.187167	87.904085	47.490239	133.952777	129.730159	 
5.075535	19.394442	15.666229	37.991576	46.002469	142.546623	44.626499	1.048853	5.199805	46.803589	36.918405	36.576335	39.237467	34.272124	2.694938	3.097958	129.410639	21.274386	52.592189	42.472267	108.080063	7.563475	39.473561	42.658252	178.895221	91.758495	23.333956	66.018454	128.250976	113.994102	42.610072	3.152095	112.774237	36.333008	20.426094	43.323618	45.624365	3.172801	60.767966	8.238909	49.108561	1.276750	183.353297	12.638306	9.529295	15.243331	31.595558	23.925807	12.120819	35.320582	47.991641	24.085212	11.861517	6.325164	16.415547	14.129407	37.357719	50.111532	54.364934	14.760808	17.532601	19.475189	49.556667	24.103284	5.847096	 
107.386180	35.838004	13.528404	96.264014	21.409390	2.894504	3.867606	5.072493	50.824819	19.359990	9.078422	5.833899	26.210729	18.503613	28.228841	10.848631	1.991496	6.743162	70.174714	51.794656	4.222975	31.872551	10.084018	24.871279	43.070596	5.653751	12.371860	4.936844	78.117382	3.274729	22.579746	184.788145	12.029832	135.302947	26.557635	7.462097	50.631433	25.844881	18.737003	2.873187	17.404151	18.419924	127.084508	9.708755	35.240533	68.105763	44.327081	53.868963	20.541944	21.366791	47.840838	68.045800	24.989756	94.775888	51.686543	31.259722	6.820523	7.680171	1.849482	101.716309	101.274846	28.230356	10.046914	14.937183	17.393653	 
10.476327	31.081565	49.789134	56.640150	109.628714	30.409751	22.638448	25.939599	21.557220	10.272382	1.800102	33.961065	23.198765	16.528109	54.044409	191.330795	2.952345	6.694745	15.452213	53.661478	39.705286	17.135102	21.809169	69.120063	0.863592	103.691576	30.266323	19.924892	142.011625	14.222030	75.717565	11.221189	42.082877	29.146498	108.082834	66.409577	0.391731	71.620358	59.407715	45.407385	9.659118	31.640532	7.508975	25.638369	39.231794	81.287772	27.016957	16.418927	2.414519	14.837193	2.517062	29.045836	29.491642	234.591295	69.844497	44.451588	92.864163	1.664399	16.177116	3.668831	17.463116	8.372679	57.341586	44.039152	11.056286	 
56.507842	204.227775	16.563876	38.336960	25.379773	22.156752	70.577244	17.316561	47.639372	20.417348	44.576690	64.107117	56.113107	57.004616	32.008056	10.893871	26.622436	18.257345	5.768016	7.696294	21.684284	6.581679	106.815677	32.286579	92.362657	2.861753	5.739030	17.324962	158.302258	9.484665	92.527946	65.891470	49.059072	20.986850	63.956367	30.919277	35.570032	34.351696	16.845140	3.740431	29.648899	100.017697	120.432421	8.978624	60.359892	18.532147	14.008814	3.709794	59.300447	25.089641	48.983367	10.761607	41.077105	2.136972	68.451940	35.766224	35.975320	84.314107	1.512787	12.386408	64.744021	93.699261	83.418944	14.709865	21.860594	 
6.809549	28.233900	93.290019	17.011758	18.320469	38.983487	68.710889	1.241223	65.380872	6.746133	46.718750	81.338382	12.277826	28.470537	125.076122	53.835660	34.796887	18.794068	20.784886	18.872381	39.929852	63.207846	58.938646	18.073757	4.759108	17.998274	41.656445	82.426876	30.776732	41.847380	21.376016	115.350322	35.319946	11.761917	38.569344	23.634498	2.931426	40.816013	26.039301	2.247774	170.622303	1.679451	60.161426	31.986877	42.958131	8.929102	8.767690	52.400300	29.984889	40.714243	118.746497	2.713906	59.523060	14.219418	127.472219	44.187341	16.725603	58.773457	17.030027	96.911574	8.798403	9.805228	28.291489	3.920041	119.629226	 
30.141867	22.110371	13.564313	52.559792	29.536027	51.732244	91.450518	10.441630	5.290404	33.133136	34.071524	8.441858	24.845851	9.612857	46.702144	9.937693	3.529768	10.676975	8.240043	21.099185	5.531579	15.097087	56.511234	14.608921	37.747341	29.714877	25.301791	2.267550	16.755571	30.749561	78.180250	6.762514	49.200232	0.813220	1.236977	51.219001	19.921401	96.369784	54.601951	6.538553	123.151075	31.592751	5.879027	6.924063	9.822217	0.859488	20.466489	36.241865	5.303863	2.782187	63.278550	18.519244	1.392196	3.001066	4.148780	129.311658	69.729467	148.057942	79.007724	19.571845	109.446097	21.205457	55.546404	32.172737	3.161505	 
5.718882	27.650867	10.288081	92.245867	81.146221	1.089339	41.698955	104.756590	49.938882	9.683274	22.201835	74.833114	139.022147	14.646388	65.171239	166.199100	89.535095	49.363467	64.052795	24.562135	75.314419	3.805576	1.536162	113.677141	65.167346	6.257664	17.074462	34.269998	57.715364	76.062396	45.497810	32.398547	4.637983	15.997834	23.443642	1.040718	2.561647	36.027816	4.983020	66.441810	15.665353	31.903896	41.163572	28.514066	16.433792	36.093378	4.255451	25.052921	94.879305	24.243322	18.688664	10.586294	48.067849	49.119896	39.079506	84.262517	101.100872	84.184382	62.183348	56.117264	12.384861	8.375254	6.394622	27.850857	90.588860	 
3.228707	36.561711	80.042410	109.217499	7.752110	19.243142	60.896144	26.521236	50.965524	32.876463	95.436860	106.464677	5.575044	41.123511	47.798608	53.860202	27.719311	4.050451	35.149496	31.278202	69.281068	1.672611	2.270356	10.568107	12.830399	25.226924	44.082539	9.148683	12.982624	2.329104	15.902094	80.047491	8.040579	1.827907	79.615709	4.495976	41.067022	168.691909	21.494642	65.828896	23.477252	4.573244	38.885893	7.986634	4.204173	51.222074	228.452888	43.102208	34.293348	34.857244	24.304116	177.201875	67.864242	19.231683	35.717630	15.911547	4.827027	71.221031	18.036279	17.474844	52.385483	30.176338	15.948157	12.281492	37.611243	 
11.926837	3.680007	26.969582	53.618050	4.502024	42.318125	45.812161	23.811395	13.198855	93.560745	10.976330	52.384934	124.125534	7.560677	17.031398	5.655629	43.585906	25.329547	54.099981	5.664630	30.667932	32.951330	54.323153	6.479196	11.088626	10.260254	77.385333	131.069588	1.200916	1.093080	137.500871	18.983601	232.457257	13.180604	20.200272	21.823663	2.655131	118.718642	82.789373	13.814014	51.098368	8.736804	15.776282	57.577517	161.718195	1.837706	15.686727	16.024735	5.194734	2.485727	36.188103	103.099846	38.646065	16.189100	43.246204	5.625590	36.550848	18.811325	84.070759	2.355605	98.659211	14.865980	138.040201	6.360867	76.582839	 
63.434144	64.440880	132.412726	74.526989	15.754150	24.854627	3.031909	40.365639	15.685248	3.886586	137.005417	1.501083	0.668376	41.637289	37.813605	39.639170	52.827576	9.272392	63.695851	19.018932	3.888235	53.629092	24.351063	115.701172	3.761311	16.926780	3.667371	68.592812	55.249009	61.422721	6.189190	1.030169	99.576908	14.087735	5.715512	38.749765	142.375944	22.164025	51.702978	3.401418	7.070303	94.222455	5.931048	22.163493	26.578372	75.460184	110.032335	3.617452	25.690238	2.890526	0.807043	38.035574	26.017427	12.543720	3.886262	14.311291	7.460350	69.143800	64.817933	0.777571	97.772404	68.563150	36.214496	78.478995	83.830493	 
35.635015	79.855657	34.871331	17.649963	11.835470	38.458798	10.447819	50.652285	2.703329	98.707674	42.410168	48.822001	18.943622	15.744220	9.581189	26.185081	48.279828	83.875984	1.643880	10.460855	108.572601	18.316567	16.267199	133.522333	6.904606	2.467997	30.483042	11.315056	5.404791	54.046365	10.116501	10.607975	51.546142	4.872623	25.005233	114.885723	13.016370	55.621461	9.538498	34.557606	57.253253	13.042621	108.808702	46.333132	6.020762	5.616685	132.906707	60.618757	25.822011	26.719511	57.939256	104.632773	23.543466	32.557479	79.663913	48.589470	83.988772	102.278916	135.785877	64.795849	37.310795	28.857291	18.743136	6.785265	9.240750	 
48.747461	72.428441	5.101714	37.697995	37.759415	2.946649	32.811587	7.815430	28.071681	15.799189	13.408727	40.406487	9.998194	7.734872	2.481003	56.611653	18.615573	6.384169	2.493743	21.023036	40.563395	52.158101	19.678765	1.901455	1.354947	6.520664	6.195401	12.498348	49.065679	4.155004	21.328400	19.934069	8.997446	14.811169	50.200999	18.395387	5.633349	28.160552	37.105321	0.708078	0.828972	5.667073	21.134417	70.676258	29.898075	0.934755	6.559037	90.313492	52.450502	142.264810	10.415101	18.143729	48.619089	12.999943	22.175937	51.789450	37.551285	64.504858	0.562086	68.572925	12.175654	11.930411	13.112761	58.424576	103.654499	 
14.361397	10.504648	9.767916	52.617484	50.565371	13.502803	7.912746	2.070936	38.395689	1.497339	8.279823	29.469302	137.021724	39.955457	67.526195	41.254027	32.148216	8.920854	5.938123	22.383615	1.327150	63.593524	10.035856	16.360700	12.238548	60.814685	54.942633	4.774410	41.313695	22.727209	17.823022	19.963835	66.353394	6.558366	27.850101	20.249561	22.168263	74.172801	71.833674	91.659293	31.662064	7.708245	15.896303	70.535992	80.216178	26.486802	63.222892	24.070240	27.564143	21.864277	83.726653	71.308514	15.195569	157.799135	78.634974	3.738126	0.536914	174.825497	19.238151	4.012758	33.411486	19.479847	145.479640	15.019138	16.276827	 
37.643605	93.492210	1.725561	2.885407	2.271366	70.024445	18.955828	100.166178	20.083578	27.391172	32.146739	23.657344	121.969435	20.093186	116.293228	45.182462	7.880467	50.141817	2.189208	16.552905	23.516923	5.029668	5.404681	8.267582	100.377410	50.588789	30.563759	6.362521	6.249984	5.481837	10.301171	35.508871	6.088407	19.314945	72.586515	21.125468	36.192676	126.799514	62.198005	96.387910	85.630855	65.245306	25.110060	18.524994	15.622756	22.633501	38.148248	27.369638	175.846026	84.885635	33.880066	73.339552	45.015178	75.264592	7.406075	158.955857	148.066045	31.604798	15.093747	24.477656	85.014597	12.942739	22.821479	37.226137	36.326560	 
7.370188	76.577646	14.398663	20.625969	7.617432	10.469292	111.297464	22.374661	59.387344	37.443099	130.436719	68.317568	14.027754	6.082435	79.875639	167.192523	14.701518	15.158614	31.206376	31.182996	7.139468	34.644056	52.308395	41.686018	71.859037	16.766427	13.489021	59.936127	5.759683	1.209718	139.907344	182.244342	8.661056	17.263474	27.241726	11.963769	37.765464	14.262242	11.372022	9.599230	1.696614	9.875772	8.728931	84.102473	51.935817	96.244133	8.873903	41.133853	29.332098	87.915976	48.782614	12.307068	10.848745	89.284819	33.098087	17.108747	43.378721	5.465862	55.125594	144.006532	15.346804	12.815370	15.146882	243.785824	30.299675	 
133.304889	9.737598	7.809950	27.923016	38.545577	7.754043	26.931424	40.786576	26.043650	238.610860	5.792436	33.493331	0.532040	41.977547	69.754938	22.268957	6.432752	45.702293	140.490156	1.325465	60.302371	3.855277	68.336419	49.112856	17.074692	9.556295	9.613013	9.557637	14.743420	46.949809	13.593997	29.166547	25.443990	27.444378	11.107845	126.169439	201.009946	94.014003	16.926718	7.508348	33.741960	91.724063	40.590025	12.427381	11.281236	18.279129	116.981645	37.860341	110.976125	78.495948	49.357756	17.175492	43.503969	7.143804	6.927081	73.619308	79.543722	58.554372	20.172069	1.508788	23.786455	52.331497	31.756608	57.976025	26.368441	 
36.435810	26.839293	82.201278	11.332255	10.205315	33.774599	98.817179	57.514614	35.747391	19.691081	16.403057	74.579325	47.007247	25.810875	69.451995	25.057515	42.617286	23.173505	30.528590	32.359371	69.190826	45.088620	7.331606	29.270713	4.742680	6.947208	7.469601	52.679896	32.232962	5.900552	5.878542	13.569317	24.354037	39.229144	37.071506	73.768601	0.271099	66.855429	127.870878	33.221940	11.108202	90.582829	95.659814	25.157455	15.639406	76.013798	154.963541	45.006299	72.252929	12.241746	32.322453	75.418165	10.339830	3.474307	6.185360	47.871011	4.592274	5.322363	130.191802	44.042852	27.584368	64.398881	47.578354	20.134385	5.937148	 
60.514632	13.305570	53.340875	80.206894	0.923018	14.962003	18.420332	53.491215	38.713374	2.571839	5.993889	64.154801	54.457682	1.371498	6.359077	18.507798	47.392463	21.486186	37.937879	7.401006	123.650511	16.067641	51.571953	22.475467	4.982105	72.345423	9.542432	3.737137	75.228656	33.151425	31.737760	69.171842	3.613393	129.470039	4.727816	91.531926	0.534555	10.048050	8.994543	89.563640	27.054336	17.168964	27.774250	66.772469	3.869338	47.177995	79.973902	7.019510	36.028048	34.723720	4.221643	22.128372	12.909528	81.798181	36.842547	3.972958	35.380515	106.782946	20.810789	56.566133	31.485228	1.800396	35.880126	132.572035	15.532338	 
8.332369	12.860706	10.599119	75.238303	8.123532	152.171513	6.503113	31.949846	103.798830	9.904009	36.704216	31.067165	21.901664	10.088789	83.265763	103.528851	22.375063	42.542828	100.855550	32.431412	19.705513	12.229781	61.213971	19.746642	2.585056	44.239460	7.270501	54.352583	48.022203	14.167623	49.921032	15.235603	72.723223	0.901400	139.428442	6.662201	28.155734	45.916450	148.841286	12.513520	11.732379	8.793486	15.233793	60.317132	39.472828	84.691729	2.108019	60.313327	81.934162	51.770641	156.588152	149.665800	3.439711	86.848115	5.094871	4.150052	56.079216	33.652605	47.607464	111.847134	3.998810	88.848343	13.035149	22.513194	76.239254	 
9.061172	10.037887	33.936570	78.233276	36.570187	4.171898	227.979316	43.354752	19.078703	42.565544	13.368369	55.954636	29.795061	3.898981	26.166921	39.410957	4.634599	8.784642	60.719475	19.965982	11.678158	30.074288	35.876575	18.093175	20.520040	4.288322	28.818811	42.679965	13.304313	60.512565	30.677119	23.370710	43.389783	26.439111	20.616819	20.029428	4.226099	40.216912	1.454762	6.044907	41.945322	7.601222	76.705743	43.135617	1.536687	47.750768	44.569134	59.307362	128.625373	55.566361	66.268280	41.814407	51.499492	36.858420	26.265498	3.194885	32.077936	7.913951	52.947166	12.307996	52.880734	27.663081	55.474752	49.313333	6.387816	 
40.004945	1.505120	53.477463	43.663973	72.470453	93.756417	86.544117	0.684481	15.222089	4.818824	19.040153	75.282266	128.819761	142.079250	14.343089	48.918739	70.648122	28.224413	37.488831	41.441807	163.270290	30.126407	191.592225	30.468891	22.142695	92.576424	65.110905	42.523501	27.847449	63.262873	3.515858	125.573032	28.309133	56.240476	17.725354	8.119108	85.713804	21.658473	65.897040	35.585152	163.837185	37.585780	4.787213	48.419890	63.286385	8.994510	6.841198	18.558867	30.708742	14.379029	68.842743	25.700496	101.727577	1.697950	12.263221	69.341879	30.300192	14.777038	6.954992	0.483784	44.224469	19.088035	7.524799	23.134485	38.004032	 
8.323189	12.312419	9.034515	85.797185	58.851685	3.172971	5.683970	108.003943	46.815463	81.092454	37.275945	25.517688	3.310625	118.056802	183.762604	104.535949	72.999954	136.139444	2.444622	9.765564	73.607827	82.827669	17.069397	10.163814	11.289622	46.840465	112.504562	0.932366	22.717412	64.909858	43.528450	22.153729	40.283922	4.831543	29.992400	6.945489	2.504590	43.700687	163.289607	89.801192	9.808991	25.887865	34.759588	11.388684	36.444288	12.987786	94.101506	28.065970	56.234829	67.007893	101.940269	25.546556	64.748419	21.676230	96.466683	1.802192	32.235732	5.862825	9.068938	29.597671	30.015350	13.559803	49.350599	3.888990	27.009434	 
13.177234	77.126819	92.756722	7.601969	34.209861	4.767017	54.954609	21.402072	22.359468	16.007299	14.990180	12.701482	193.566827	43.505913	1.670837	18.925991	25.371038	59.117635	134.411814	9.693687	88.600124	25.523093	9.103752	10.762144	1.732367	18.738983	8.444154	93.141024	9.982042	2.435783	27.949541	54.707864	13.103780	8.111290	17.439179	14.220384	74.636337	4.337598	32.891932	7.747950	38.531178	55.862464	8.882483	10.810206	19.420763	17.910298	17.855346	6.878619	23.327418	25.958750	66.539670	48.471056	14.993530	4.138829	38.596581	8.453740	20.879188	39.493815	84.431103	27.710101	21.073667	21.240125	71.643746	16.822975	164.224748	 
44.374029	20.054062	77.556484	44.167528	25.594282	5.652357	19.452877	2.956238	42.143410	54.073650	153.118396	97.351755	135.712622	8.400743	18.953695	33.973782	93.139474	24.405357	19.051160	25.059905	18.156450	9.257627	22.805016	94.392817	50.990493	11.101901	54.039908	69.356727	21.790578	1.850852	30.957367	39.456761	4.204674	68.943000	10.621080	19.810658	8.724483	2.734894	33.025769	45.174576	92.226449	107.239933	28.975456	99.730293	57.077676	83.149835	10.198971	48.366002	7.248870	23.666936	46.199251	20.772807	49.224853	8.205412	89.017789	50.561229	14.716564	131.414863	10.427731	84.225228	38.312301	88.424883	51.312888	82.791355	167.457674	 
6.854300	60.813172	102.547485	31.484044	49.265275	48.283515	12.190085	71.093473	202.968163	65.026411	107.160113	14.446889	12.690360	19.720305	77.450505	40.560208	56.257586	20.202261	123.618019	27.707905	104.541818	62.018442	123.856529	29.669175	6.105062	24.882857	1.006031	17.519689	40.565924	29.604211	1.635164	36.031137	30.726752	9.236857	78.540606	35.595937	30.584839	17.407424	6.714604	28.440332	23.213999	2.344234	5.230276	27.707375	12.032341	10.131752	35.628903	0.651400	7.548924	6.717038	4.394526	30.651029	80.684898	16.895974	91.573013	32.312432	135.831425	4.245802	16.665116	30.244222	35.164370	30.062016	88.976088	14.473832	16.712458	 
33.515494	13.352369	10.323472	160.439658	27.483111	17.746144	22.720728	8.676365	2.652973	4.241317	42.808560	2.795298	28.126635	2.419747	42.146237	19.709259	39.958945	63.562562	26.248555	107.443299	41.843511	20.188822	4.546359	17.084240	29.292836	6.431002	83.309125	33.983061	34.725678	36.132634	17.078066	9.864758	30.536102	42.725076	118.427782	44.028819	67.688423	34.952862	23.410717	50.718796	4.135976	8.042122	36.037381	33.561342	17.312262	5.212219	13.440011	16.861051	21.080038	28.384503	25.223557	2.811883	20.617177	17.329977	71.977773	9.352077	10.170222	78.153783	68.044821	6.951238	63.653822	15.254992	23.922528	60.430297	0.348289	 
68.414342	7.848350	13.610696	1.347736	19.023750	3.373299	54.880123	30.481516	24.235374	26.974769	14.640612	4.158573	58.352193	39.879994	17.785612	13.192180	20.573041	37.868341	12.526875	18.226773	0.631821	26.002269	10.294588	54.763777	125.090992	99.966049	15.460713	10.184855	49.639325	20.147878	3.586689	24.911522	2.126375	19.527617	94.127111	9.941478	83.428339	62.659023	117.208903	13.262210	31.301446	12.427758	14.094793	25.291746	66.598435	146.762131	5.546640	54.762522	46.908517	47.210175	20.070780	82.540640	28.971324	32.200694	34.392893	78.818872	48.183362	0.874362	78.585998	6.970545	20.824177	148.159809	35.541553	116.389925	14.951818	 
92.376191	34.248080	56.128856	24.521861	3.833965	46.373268	10.742134	42.913376	4.062030	49.436529	52.984435	29.403677	10.099533	127.587908	47.549624	2.935805	27.041672	32.814986	142.324325	59.113129	2.156092	77.697304	6.443738	20.234074	203.130741	112.250432	96.036585	8.418987	9.866583	12.352816	48.922506	94.231197	56.255645	36.300403	4.196264	35.882822	12.587170	18.348917	99.265447	21.472449	144.987778	29.347932	14.105960	1.180917	9.468473	21.896543	47.470558	17.804728	16.976002	20.394908	47.507321	34.370451	85.132554	11.668606	34.248239	36.407458	33.856339	12.771189	35.839572	80.580067	6.918909	71.168866	1.727528	132.111916	12.562470	 
25.502783	21.861740	56.256233	27.579220	15.508508	14.901290	29.275624	20.574105	14.317156	23.755500	13.330896	37.258348	41.827872	37.011471	194.457953	9.559992	25.656474	8.195747	47.081258	270.704362	13.459761	18.023701	10.792693	62.888970	68.415958	41.622107	0.694484	45.892382	25.543854	63.283753	2.822941	4.413526	23.700508	10.558933	39.602519	7.609153	55.463782	9.271166	46.191000	80.873897	22.653524	82.047006	35.842532	8.410202	28.497350	3.243307	58.199985	125.355705	47.444366	70.938349	11.483542	61.974360	25.530359	23.089108	2.425366	30.977832	17.492067	68.937517	53.149816	12.754430	2.359916	19.883853	61.278698	19.394302	30.921854	 
63.752078	32.827786	5.163581	16.657623	2.053764	73.522865	68.227922	36.066840	140.944981	42.193643	20.962952	37.977326	23.028366	13.162265	69.488918	191.498689	6.029905	5.547246	56.376611	19.509062	55.483288	10.438627	107.340047	3.291953	16.073613	43.923499	105.206972	25.692064	20.051467	88.460779	6.522848	2.615551	45.349472	102.561466	42.788023	5.740973	18.730960	66.594627	9.684716	46.672828	3.379363	54.430092	82.335931	29.051004	17.255505	28.901321	41.891896	4.195749	46.930820	34.983555	38.904608	8.813534	37.606821	164.472132	9.436401	18.328076	15.256054	6.538924	79.307384	16.717741	33.857194	17.297945	31.624079	181.378976	226.276103	 
31.125579	116.309880	37.636171	26.929411	74.387151	15.868864	67.119864	43.061178	12.559208	134.443845	34.801098	7.656702	81.121400	30.598216	72.837008	8.327590	167.842111	4.999704	81.388750	48.319683	88.335288	1.716084	19.026487	1.214032	88.491711	2.158368	3.411474	32.715888	5.626553	8.985703	2.786204	46.230583	70.466180	1.499062	140.027938	14.216008	3.552387	30.480669	45.640254	78.012144	64.091494	142.701149	30.078251	44.720661	80.449651	0.511428	4.451693	9.086624	8.382463	14.912978	84.892716	43.909919	70.529284	12.446643	1.029491	1.438696	22.678389	7.666405	17.218692	32.768037	21.092159	7.253957	12.215573	52.818054	40.262491	 
91.636864	27.681935	50.592271	31.010742	60.277734	40.053911	79.362403	1.944448	5.089381	44.856242	4.228799	89.658493	72.450642	117.058345	40.191231	34.200908	27.493475	142.269392	20.722426	50.239786	122.946194	3.642673	25.743872	56.170829	41.892583	9.611745	47.884745	2.404890	26.000165	53.866603	130.820007	199.400550	32.683356	41.186033	80.541398	29.421420	24.494034	26.384913	32.194805	19.927471	36.778897	66.440053	11.020848	51.521996	24.934717	10.945949	3.734931	143.908017	67.741074	37.564440	13.680487	103.919266	16.674000	78.964383	16.895555	41.533958	20.475798	9.727080	18.695600	96.715273	79.944052	17.094377	52.225283	2.519207	15.789307	 
51.001201	58.691982	27.198993	174.623046	89.810042	4.474423	98.282826	6.397080	38.675411	33.292253	21.792816	83.927514	35.734431	18.863108	44.804493	42.374473	39.138526	25.033685	16.672613	142.187522	42.596949	7.760071	13.881980	50.227045	45.439121	46.870045	16.256857	193.958005	17.875382	6.279447	13.305909	8.599950	7.899500	72.061299	56.112499	8.779683	87.968576	6.006146	9.816727	139.963702	53.576523	67.805594	23.849797	43.130554	12.719942	1.087896	8.365027	26.745293	67.866090	83.058877	26.858697	114.414611	34.643891	51.680970	93.548368	6.955515	84.230318	48.646059	124.647887	56.770125	35.663500	12.157859	6.917291	12.033493	53.508812	 
0.732664	25.957200	17.458128	46.929624	6.753365	123.234751	18.256426	20.944745	6.410840	18.250510	13.104062	4.283926	12.326729	168.516209	22.812490	42.265645	5.377695	39.582664	1.552814	9.358420	1.858811	1.747858	39.349224	31.612339	12.754272	3.364036	126.842885	1.564030	72.391235	12.295859	12.932619	21.066579	23.351204	60.878025	5.753875	2.734111	16.881721	18.612340	14.762924	53.909067	5.719128	25.459719	3.922999	92.810270	9.328211	12.548357	21.186709	18.797696	4.585697	28.897950	129.511820	78.367860	34.477831	0.271193	30.787950	113.707834	60.552688	24.609304	64.903766	2.495362	0.388330	21.528480	35.761652	16.881731	157.441600	 
52.344275	32.879174	40.655687	52.808800	2.047806	28.958599	78.412948	52.796382	16.348304	49.425062	3.755978	3.358058	28.248956	30.634974	33.685889	101.074760	9.008136	22.107865	63.536373	28.626007	27.519380	17.090263	170.702612	128.476920	62.098061	85.596530	18.411973	15.676351	60.683420	110.963992	102.906223	5.827322	51.782033	135.259068	29.172612	61.000625	135.600674	49.224212	29.495854	9.642499	57.489086	33.089614	1.587040	74.166840	36.009591	19.761232	13.279159	8.539856	8.801379	18.331854	32.984812	170.071107	12.743755	94.551787	49.340751	19.465551	13.890216	5.286787	42.996725	32.309432	8.461101	59.864605	48.848263	34.323963	3.956716	 
9.991714	11.861855	10.560117	25.921631	28.674135	42.900418	4.004391	7.422191	2.378045	51.386807	210.286051	15.591806	23.126215	76.070579	9.536974	73.810332	16.578216	12.153891	9.523008	65.060494	113.273059	48.773755	10.778631	10.148398	9.659184	9.176309	31.756181	112.051870	13.150839	3.767708	84.750440	60.557375	44.831838	8.500727	75.025811	32.259874	0.249839	16.917226	1.431205	18.654710	7.725423	4.333439	13.821773	7.776573	2.411204	0.982471	2.468926	22.326768	6.896341	10.289193	11.369763	92.266050	35.974440	200.824173	11.000670	47.774074	60.377276	12.065632	38.158049	23.304441	2.009308	62.978192	12.987764	70.324253	114.055204	 
1.883744	11.178991	12.403259	111.244711	7.172884	11.400122	12.017127	117.976352	1.845395	51.863241	179.507909	166.995373	44.185903	47.052618	70.822211	37.554527	4.501273	8.032615	2.522941	17.483001	20.089133	100.212142	18.849062	11.152132	19.259308	191.514295	76.457056	33.756103	25.742401	315.297424	1.973881	63.337856	37.866699	17.155817	11.025685	6.749947	118.087032	118.336311	266.988747	1.533162	66.848132	27.745002	89.322363	46.869783	46.485373	52.274852	2.271753	31.014719	48.835553	20.699530	23.848424	12.575457	31.112116	33.348229	16.760109	8.873518	8.422806	14.100518	1.329112	84.044483	41.488482	3.820191	1.307802	1.956712	2.962737	 
13.728336	40.439959	37.623139	81.633790	7.745215	41.417651	24.318664	3.311830	64.663766	43.738177	21.284912	54.312439	40.639289	15.027928	40.373208	71.669097	26.841946	93.527389	32.570525	26.561057	88.200182	7.565753	17.997265	7.190682	23.272222	7.635370	7.336828	79.339743	40.155532	63.165869	4.218369	24.654376	105.966008	17.628557	64.834382	97.110527	6.655182	2.201221	56.127027	17.468211	72.973948	118.699052	60.285843	0.390281	82.938275	19.322369	4.474743	31.456492	17.975434	22.284261	91.312785	54.160412	12.166575	33.627920	1.995180	2.996255	8.867717	49.703888	79.452741	38.734755	43.184932	50.579894	31.064302	14.910141	37.498447	 
48.244379	4.638855	24.285189	26.273701	14.783703	14.502012	3.640648	1.792826	22.997037	36.927248	18.158603	60.773685	8.428909	44.215418	34.482243	7.954826	136.883856	29.051007	35.565347	28.841004	2.477884	4.719546	18.389007	93.079375	40.089775	110.234984	93.336266	3.037913	115.790941	33.337677	19.598190	17.332168	52.282202	73.647133	16.045831	111.182943	72.055207	9.276021	26.864764	43.502432	44.672460	23.366174	11.547158	58.074891	1.484168	7.760297	0.633407	28.812643	11.415170	18.577939	84.741888	20.262222	0.455078	1.358638	109.703962	29.959250	29.128378	158.914454	1.295292	10.198310	53.236671	2.729529	18.970928	152.643503	23.048598	 
59.942073	18.141012	114.798236	9.738719	63.603830	21.153045	26.982857	47.482317	69.262094	19.439538	55.179402	19.354594	33.891899	6.747746	32.696737	25.997258	48.533104	11.251445	85.367754	33.234046	57.519188	79.424688	5.149024	18.031065	52.926936	106.604533	91.126678	8.693558	179.580696	39.231503	3.772180	48.570546	53.011188	6.075871	6.738636	85.023155	34.948567	20.316096	67.898207	8.182157	1.722323	54.544419	33.374426	26.151369	18.170353	9.002440	92.028946	4.754229	28.748394	13.643578	2.736444	31.862213	7.624384	4.135556	5.429436	39.834631	12.632549	60.819861	73.241715	17.629339	15.183501	15.351411	288.310634	65.744030	20.182383	 
2.078930	41.814712	27.253092	24.482792	75.412189	28.707620	66.926749	46.022235	53.056653	51.237610	78.769880	31.265856	73.880559	5.671453	46.041287	16.876372	23.849135	103.082176	21.748952	10.941875	19.568526	26.574946	45.745664	104.449391	5.303886	6.098714	15.269169	13.425539	18.555780	41.939289	122.201874	138.914099	52.213347	40.875563	1.945680	68.221290	18.768961	40.546344	83.684459	37.568281	2.833485	18.034050	31.222955	1.311542	54.065274	25.386120	38.475644	55.735670	20.854315	12.064089	195.211574	11.897722	5.398487	14.580339	34.599642	12.159357	72.814672	16.780777	28.347389	3.055057	6.871999	30.889322	98.229372	17.582414	4.198884	 
89.370277	139.843461	13.879810	15.724354	11.237013	46.805918	41.444261	53.286111	4.256461	27.412358	8.057298	142.897502	71.070974	14.876799	7.347760	14.345647	58.390685	25.319485	0.917671	40.934205	4.847476	3.525121	1.338644	35.135021	58.653229	39.192975	6.786287	4.528133	14.937332	57.397777	40.523054	43.060084	78.626396	61.473028	2.636860	15.210139	10.332409	17.476894	71.707752	86.160384	14.420616	2.974209	25.040585	9.270754	78.615642	10.033728	28.484397	20.255922	74.799412	25.373550	14.968168	63.113813	43.282060	28.404273	23.821753	13.147523	1.163713	18.322239	28.471167	37.892732	80.474318	18.873353	44.512085	7.181466	52.812290	 
74.659193	21.807430	7.715822	67.877857	31.854201	74.593341	8.434493	18.214478	128.527205	15.019873	1.635597	22.991888	64.935298	44.940558	14.430783	83.700363	161.373263	24.824279	31.614022	20.803926	95.946663	74.685962	19.709266	14.085466	50.162809	25.563011	63.189103	24.649843	6.728031	13.190231	33.013574	124.574502	370.579034	18.162750	7.346172	64.164005	10.418426	61.002841	4.152972	2.838325	6.261478	60.496571	28.796885	30.879942	77.272351	5.177068	23.923618	25.226631	82.577153	56.311577	17.013204	76.354866	1.906540	20.172730	33.293210	42.874931	3.426440	5.574500	20.625527	7.145709	64.665654	91.458896	10.759053	29.979700	74.568791	 
40.430858	41.952041	122.722777	90.563216	57.762167	37.520463	62.684274	48.613535	20.762176	1.529160	102.101850	29.875513	26.778722	33.377166	101.640668	47.819947	21.510159	25.888224	13.033560	3.056594	9.185537	16.565501	121.039394	52.036337	21.630111	118.042071	0.858398	80.877511	2.658000	6.412295	40.909302	179.551114	85.218954	7.627619	77.471086	122.165841	51.000288	152.526413	66.049757	126.813761	11.929896	60.167387	3.159342	4.836180	9.724193	13.202729	40.861546	24.595516	28.626727	25.067743	23.898366	25.552242	1.189059	2.994229	2.777267	63.874041	1.503264	52.153062	4.694934	63.879967	2.975415	30.832158	15.475009	17.679743	63.533516	 
23.511119	11.566204	17.336202	53.073521	9.946297	78.711680	2.513262	64.503957	41.661782	14.962512	62.786052	6.650654	49.737098	51.784050	16.569750	25.777711	4.806610	21.752333	90.972552	4.152943	74.837629	63.753436	3.809546	70.364204	9.199599	95.836980	70.012829	38.694171	177.277207	7.135200	6.927075	15.744799	24.411803	26.916343	13.801376	18.799233	5.202906	2.937224	2.308168	94.313276	46.637165	3.500405	40.605181	130.538183	101.462989	7.216935	45.750809	73.442361	72.798708	11.335485	0.638380	64.255076	0.341907	4.067912	7.484402	47.518304	78.201668	12.116307	42.056417	14.818429	61.945111	24.523190	9.825222	3.043060	21.711062	 
1.034679	0.752060	58.110254	71.054104	3.481089	93.663534	52.044650	0.650916	60.467661	24.874304	11.473164	31.637126	41.691065	13.561055	13.353556	44.561281	1.478058	34.110578	145.236073	18.146962	150.243922	2.671956	49.895631	13.257099	60.707639	3.602045	33.742092	20.771432	43.405136	59.401766	30.709543	136.829573	53.691509	1.564659	40.780134	16.493546	92.184437	12.648725	2.823472	23.997993	46.133695	40.953726	0.533173	8.330553	27.547784	0.744302	77.907319	46.613627	240.685916	58.337092	16.692836	12.117014	25.930083	36.230554	12.851657	15.112793	126.122930	5.365543	57.533791	23.431793	2.320307	139.695952	0.999787	42.583167	9.458463	 
28.533449	7.621764	5.852228	4.181220	13.320147	9.250477	29.707282	106.692048	4.544264	108.169397	69.301703	3.206094	121.250353	1.022024	6.667413	95.546619	11.053230	53.796637	19.217251	207.994600	18.198817	10.004466	74.545981	11.807734	9.977089	1.076953	19.193500	13.326429	12.263316	34.040606	13.797104	1.761943	10.330530	2.376920	5.640047	62.814251	18.171532	25.942997	4.514983	26.984045	22.609982	98.179603	87.280020	40.227435	15.428579	40.079005	20.471966	84.877397	26.957601	70.186764	59.577342	16.318112	5.122868	38.819267	88.014459	91.256791	20.196510	12.569343	6.600334	26.146539	6.247779	9.688847	5.515673	5.928975	120.026517	 
28.151635	45.534358	16.914422	17.493427	39.647795	17.365410	19.782915	140.666550	127.426733	32.098804	64.942280	15.663325	0.705406	57.104477	6.884445	9.142088	21.292368	32.713299	10.061613	7.647973	83.288754	106.399345	1.920333	45.760151	60.581983	15.889947	59.141830	1.273997	37.547269	8.512067	14.154017	50.833955	18.848266	15.511928	17.705278	62.397529	19.896103	11.857853	188.164549	5.875163	34.574618	53.933500	24.888159	63.820610	6.233239	56.373860	30.809701	12.184004	5.715685	20.652064	18.509992	1.560167	14.210284	11.886540	2.927167	38.278439	29.696082	48.859926	8.667435	61.040021	45.844879	106.580161	3.200845	24.494651	48.565151	 
21.908358	29.069586	4.328984	126.381518	56.654821	64.447530	30.455491	6.511935	19.607134	6.270168	8.935820	5.468624	210.748277	49.942319	52.802851	42.784219	15.379558	2.357657	78.695053	65.268266	56.728390	32.264321	174.762145	10.870703	5.015067	108.301046	44.062897	128.637510	2.538362	22.895629	47.142396	9.963910	35.092211	2.832836	12.659318	44.854317	2.779153	21.312673	70.067295	22.410861	3.008862	8.648753	105.558628	28.991727	42.013583	64.897051	26.445185	41.629802	8.935031	74.615165	40.783378	8.887934	20.984558	53.718663	1.049739	9.021286	18.407012	41.414931	121.349435	3.574493	2.712064	0.835103	10.218600	8.043651	15.088447	 
1.417636	9.359531	41.541704	21.554657	27.126225	3.257881	0.321316	66.558757	5.813522	106.593812	4.320545	20.527570	26.535020	2.036548	31.403296	0.595488	16.690263	25.226772	1.711404	11.768553	6.308170	63.974861	47.484935	17.857595	5.877917	11.699808	100.889249	15.065260	40.011391	2.733373	19.408361	152.771665	33.137123	13.682923	93.303612	0.875584	49.879818	4.804722	62.088353	13.431721	27.782754	69.941523	5.790051	5.395006	3.888934	9.252510	23.451707	43.118620	49.865948	60.217605	1.285797	55.828256	37.634924	96.496429	37.548210	11.252128	40.676900	12.888530	59.699696	17.891859	153.919734	0.686131	10.925901	11.320426	0.723365	