64
0.000000	27.218275	9.018904	43.999325	35.099599	5.650141	14.994184	48.751622	135.862246	58.223152	20.373149	12.292204	39.346749	9.961785	36.608473	9.459216	27.590308	134.710648	103.636012	20.793995	1.738949	138.605888	26.349798	7.195308	15.755426	91.230850	9.823168	95.281189	68.236133	1.629608	24.198387	18.300641	5.433988	34.635145	10.472101	108.660438	4.624182	1.923319	74.471400	69.823678	0.790815	51.822232	9.265084	1.259946	10.949358	24.385367	11.735803	60.489840	35.273039	8.714342	110.184310	5.147735	127.858430	55.741582	67.186469	35.730070	64.329982	33.905547	73.745778	21.295805	28.939375	12.617036	27.399794	14.486401	34.868762	 
9.441872	3.043943	68.322879	2.132385	49.954982	74.046001	26.307311	70.650045	28.970005	2.802472	12.151273	29.373251	30.192379	21.713493	13.346891	63.925347	4.642893	56.056854	33.275371	11.947568	0.371426	0.966261	9.161601	51.991661	35.475388	50.584298	26.555741	13.197982	213.296617	23.467033	8.886722	51.818123	3.288646	17.272213	80.538699	18.399811	6.771103	17.521127	25.235547	15.534992	20.923541	7.219027	10.934949	48.618411	13.132730	46.879866	29.435130	16.420583	1.201893	3.126299	95.896797	53.994422	7.617980	26.551213	5.907874	88.299886	47.364250	6.847101	31.696493	4.239654	77.144933	34.350797	143.910132	7.068695	4.828168	 
63.526060	9.456621	0.630311	5.506931	0.810754	26.392745	32.611365	60.920342	33.244109	45.259158	204.306701	9.403953	42.032942	86.358201	11.013935	57.609419	32.463670	16.891252	13.665750	43.229474	2.789868	16.860206	74.666739	84.129049	138.472478	89.290449	18.217803	114.126548	53.245120	60.452539	49.042656	24.137368	40.654643	25.283750	58.521033	3.463951	31.034411	107.430395	12.397132	60.284883	8.397664	2.247362	104.481278	13.545829	0.902062	23.317054	41.962256	16.612230	24.175813	33.653761	18.332868	36.475713	3.678214	19.526626	68.518356	13.166961	38.256433	15.224637	0.735187	22.851472	97.123942	57.144153	53.485795	45.358800	5.663193	 
12.821369	3.837435	51.046681	3.217843	83.609130	33.580672	28.225618	15.707428	21.173171	14.893607	32.507373	52.987092	3.178244	52.215568	6.950871	9.779370	18.583061	5.101318	184.372580	91.135021	180.997489	35.457506	101.515714	30.122578	25.177518	112.060761	49.925464	20.263887	8.391628	29.274963	53.127532	46.408492	10.575409	154.167899	113.806653	24.538667	23.962597	51.363433	55.223267	18.909092	10.784511	6.766168	34.859322	95.846032	47.256989	9.490125	12.127042	5.090717	2.976778	7.798118	9.650129	47.632307	37.655786	9.535214	6.573076	6.537090	24.386730	40.419923	51.655227	32.505410	13.814819	53.489451	59.686945	4.442941	123.901266	 
8.544214	7.747615	2.103879	31.955703	4.168474	56.313485	65.361344	67.228262	12.286920	7.587902	2.395725	0.862857	6.320394	44.739297	12.727855	20.960660	125.778860	66.690185	13.404763	16.717914	15.857066	153.474111	53.325442	24.165007	123.544817	61.384646	23.175855	37.870849	81.995513	56.971001	25.468290	2.982541	28.145442	25.134311	28.009578	23.866242	33.321200	54.907945	49.150080	5.460025	67.483734	4.357805	89.192488	8.989133	1.158845	69.947085	68.646534	11.648871	9.088634	54.443889	19.357500	41.897178	37.799417	4.411013	66.591191	69.841715	13.907049	78.720616	1.516543	7.658855	23.208768	38.817639	48.624696	4.291980	28.608850	 
156.233447	42.310437	69.918311	18.602650	33.526711	6.591197	61.558317	140.845492	129.346256	86.977471	289.758379	43.105795	28.349521	28.682586	2.520803	106.368824	25.241262	96.284687	51.494533	22.607420	7.560448	65.852607	54.384707	105.592233	75.687274	39.074133	2.900659	120.518880	9.877924	58.162058	12.310484	12.262140	59.403187	116.270962	28.325473	33.235200	20.804981	36.907390	4.296522	49.722860	180.372968	66.218523	24.978841	5.761584	45.401694	24.620471	11.686942	2.599896	118.202504	17.566829	30.473696	2.180564	1.933871	307.574100	10.085762	1.479948	18.183483	105.282061	6.091109	30.625616	85.936501	8.478781	18.030924	29.858340	43.345061	 
59.880871	207.466196	61.753734	79.415705	5.968583	18.109048	8.673247	7.149921	4.174104	37.346791	19.723707	22.466122	66.733048	95.209912	31.966507	88.256989	14.215075	25.002295	26.409808	140.575941	0.227007	29.709896	3.067326	1.110682	48.707435	45.440351	71.295928	0.222423	17.266666	58.242882	31.145265	7.351930	52.526525	152.329629	29.767218	73.759871	28.234363	60.421199	86.296422	6.482869	25.246928	11.916723	65.210245	85.956958	26.257234	10.234797	190.715197	88.688045	67.293922	0.555838	49.458040	23.787115	7.821775	88.609766	30.776058	22.056832	34.016517	28.165226	23.512193	3.567611	17.449522	7.314768	68.769531	34.043233	12.622655	 
64.650969	33.246851	17.845115	54.306992	30.075584	71.673963	7.197055	16.587224	14.120791	39.738993	8.320207	120.371693	76.688997	86.881201	75.815679	34.886589	8.126163	46.436356	21.015249	9.840156	72.524732	3.362294	19.762958	89.388697	72.357732	31.088246	11.087994	155.833948	23.194310	80.497032	18.619402	46.298566	18.519687	37.463011	58.953660	38.201275	118.435792	38.275167	46.550856	82.770709	8.547129	81.984375	60.243645	14.917011	1.164791	8.691343	33.595060	78.998952	16.292261	3.324439	1.334823	111.741907	7.270152	108.939673	25.372605	3.028180	21.729820	66.742148	12.484458	37.963938	10.224979	13.792518	3.198538	109.391089	3.738798	 
39.425582	24.465749	187.058176	41.290904	38.511477	18.941274	35.044135	32.820718	10.566172	61.257744	70.056706	35.712403	35.098430	32.100480	80.645208	62.120114	40.108127	96.336134	30.575164	5.714370	24.884061	4.592732	6.510354	1.507420	78.074648	23.769657	36.400705	38.209426	32.438143	139.575952	28.571632	23.215200	19.934064	11.855264	17.261728	43.269040	4.483640	16.722583	4.078219	7.846939	12.473414	94.085872	72.400320	60.804309	3.017699	18.131034	58.261051	10.191536	46.603782	36.930426	0.949650	14.237346	62.387157	12.836899	20.611316	20.204200	36.990107	16.172026	181.534218	96.773798	18.636580	17.261702	37.849980	15.782026	29.330987	 
44.235788	20.901073	12.084911	20.337550	32.167014	34.287672	62.166969	9.368502	33.437735	3.588259	30.707809	3.926485	151.326647	26.866281	24.103355	48.762933	45.441186	2.274321	21.473082	2.358566	55.650377	15.375572	91.862737	97.016354	24.392071	28.931551	88.452112	8.948102	1.310672	24.073975	14.782925	15.511326	18.648575	46.418222	7.206223	22.925744	1.842618	20.525747	39.081685	125.624675	68.381476	109.342172	16.654364	15.873756	15.171435	28.618055	33.975304	47.185525	5.812587	20.244201	59.712016	25.138584	21.046823	28.517120	2.071017	15.820311	111.778214	61.877540	2.561526	26.311058	89.070654	50.646888	11.971357	30.789556	22.048277	 
19.480146	3.421294	37.078523	25.393997	6.648160	51.581989	1.411977	64.144110	3.597467	5.807480	4.169317	44.549682	43.372365	4.691794	0.672688	7.037870	4.701422	15.248395	176.241859	96.245123	30.227742	55.096709	2.578128	19.804159	45.968269	33.866147	13.545349	111.164434	19.334456	34.333479	39.592543	28.887120	34.015529	4.081687	55.320002	38.021665	102.661911	63.645437	6.192549	23.038276	195.092894	12.016213	53.181843	57.635696	26.231537	25.851964	7.500596	41.133224	93.073464	24.773539	18.760758	3.686558	44.351782	24.247738	20.987775	15.832702	113.848687	46.511676	42.032401	124.401714	9.308374	3.677133	14.632694	76.578241	100.623987	 
55.474061	5.534175	21.838745	134.464540	18.891568	52.149754	66.033677	25.857331	40.560393	21.876161	6.287898	5.762539	0.860365	7.671710	114.756007	33.776331	106.842984	29.883094	33.468266	3.151485	3.738500	67.923167	149.272344	57.229091	23.414084	0.893620	51.670352	36.908110	34.679866	11.518132	26.008585	7.414501	7.298142	1.051974	139.928466	31.623637	28.547048	67.515380	13.853298	240.160652	81.732572	51.196672	16.230739	82.208655	18.715727	23.843978	7.505429	38.795094	58.084675	100.782149	29.098495	64.454869	64.124299	61.191665	0.221010	22.443184	118.204335	15.659622	72.521380	27.257873	26.962166	62.989992	44.911292	62.143744	87.637979	 
14.995456	48.186579	32.575944	1.491278	81.903636	28.565963	122.302961	65.841998	59.342533	95.366601	29.503486	4.534669	8.402057	7.719380	78.575928	142.550249	45.760853	15.749657	21.885299	13.650290	0.609103	18.369535	7.864919	107.253447	84.911280	11.842339	54.618954	5.362482	4.314823	28.974640	60.540445	14.847100	33.619878	6.237893	78.360991	34.481079	15.672227	66.158603	155.573367	69.997909	25.110380	1.005590	155.980658	80.887974	89.020773	77.468332	60.822398	11.921214	54.314311	8.280878	53.118818	17.511299	18.457432	1.906736	105.752945	2.940701	11.953436	12.017255	1.394907	4.804308	35.059794	259.475763	5.919159	6.286758	125.978084	 
19.721261	71.422472	13.569204	56.846188	31.419606	20.661006	50.046483	95.206434	30.070752	6.114717	29.136861	18.182798	31.355052	1.564444	32.514807	52.918080	0.444312	0.500964	33.208579	168.311579	42.531782	29.786402	15.246793	3.480999	10.158012	55.752659	35.137618	13.833624	99.895024	85.620324	59.940778	28.432830	54.375703	43.753213	33.076531	3.646359	121.216940	53.529076	15.155362	4.692990	73.105361	13.521802	9.188933	170.365518	60.443274	12.777450	3.667407	23.720760	6.329125	86.674249	2.904118	181.802128	45.429625	69.144825	193.019440	50.904711	29.507379	26.130621	11.179825	59.456657	28.293468	2.518505	8.769079	24.394999	78.467935	 
85.985573	14.833140	10.752174	134.009688	4.912831	38.918248	4.097881	13.341793	8.905807	25.888542	130.728696	19.281754	31.445702	26.627661	1.423594	142.208420	63.394938	26.740546	101.040104	5.714411	40.767153	258.945525	4.313655	3.181246	60.965868	2.549956	18.948207	12.402279	19.966448	11.998907	6.635530	14.224896	57.612064	7.455533	27.179597	26.953144	53.276649	6.564464	0.211810	5.382190	22.366080	19.726240	64.949935	2.477314	54.785349	54.592715	60.690138	48.594043	38.283178	8.634163	26.083848	19.744808	44.697635	86.675159	10.418298	52.374360	18.664623	1.206845	13.889557	18.011616	29.441355	52.487275	72.820700	94.223646	51.443392	 
3.854051	7.538803	68.921452	6.185359	39.936319	15.891442	56.395948	107.714349	24.005455	29.924995	58.857827	45.309895	27.719676	24.583026	4.299808	8.786787	22.145242	1.212908	103.625050	56.050538	27.902274	58.459839	50.334395	11.197652	14.553884	54.805247	8.556098	85.763370	26.213259	20.409813	7.273856	57.587112	9.192489	28.445251	2.930047	14.370763	7.556642	11.471926	20.276818	28.999393	29.622817	19.204573	2.370135	45.700392	34.817203	14.684537	24.762795	276.117062	1.468593	9.428155	36.849845	37.567951	1.111072	137.644758	2.104037	45.933277	99.087202	11.291123	23.656255	16.605496	3.225557	10.302119	21.430121	72.316708	20.071840	 
16.580380	36.694986	20.581898	51.744378	114.382745	9.354785	107.434117	81.554042	49.293677	57.180355	90.696252	2.697367	37.368145	10.197834	26.841935	39.149215	1.871056	43.746014	10.247760	187.352329	28.821924	3.657822	44.136735	166.106064	25.363445	1.766363	98.161099	2.572070	19.927452	36.373775	11.424727	11.225667	28.491032	114.695597	55.307810	169.985217	59.033455	39.462426	6.469003	29.071739	18.097155	61.366989	106.007140	153.466316	20.255042	76.473692	37.050076	43.037221	96.115963	48.853455	141.212648	3.441504	29.891224	6.663179	32.267743	11.792280	3.669993	103.047735	13.698289	26.949499	17.249983	97.549091	105.686392	16.382169	44.254781	 
63.636685	22.182144	71.268554	103.795615	75.619704	24.576538	77.639788	38.510964	10.029016	60.583829	9.250444	120.501586	23.916172	22.105367	16.529111	75.332569	17.176001	6.356273	13.453098	16.131744	56.666250	82.434683	68.576139	41.137944	164.482375	10.231249	9.193717	84.252701	70.554936	20.063778	44.634080	41.677635	22.175983	105.599426	61.905966	9.967747	38.299734	234.483240	18.990710	6.588035	20.035817	90.914874	71.007692	5.114367	69.363574	14.504517	14.065131	63.134494	4.268488	69.449832	22.105488	19.828607	25.365532	26.038022	31.934687	50.861373	28.147324	48.027384	44.515122	12.207156	12.385614	15.961368	16.164054	20.593338	0.320377	 
180.515306	8.122628	91.032943	83.139143	26.394620	6.496135	40.653817	58.254413	47.642495	200.540561	28.589802	4.968945	91.408729	28.525987	145.175188	70.268598	18.480889	11.220995	1.840461	15.829142	9.648475	4.540528	68.164959	38.317234	13.096225	60.699638	65.118284	61.715019	7.256749	12.201832	49.457747	35.451525	12.502656	106.040536	66.651979	120.382699	40.078116	53.737118	7.935419	2.384338	13.729358	2.725261	50.061539	5.872836	43.291847	25.707296	0.716678	18.410789	21.178203	0.474154	2.858052	34.787494	4.983891	42.967548	10.732613	17.882549	24.249173	8.236618	9.775839	64.838250	45.177912	4.968312	157.209838	23.268389	44.131096	 
19.085966	18.005673	75.235695	3.499946	99.145976	52.876582	26.177045	11.413790	18.589940	56.370318	18.871118	0.253415	54.367867	41.412083	37.616593	33.908594	2.098215	9.875003	55.842377	7.586540	31.537196	9.226781	19.407150	19.759152	8.302662	3.824458	4.955540	36.641813	31.392138	80.555763	22.093419	11.631608	12.682228	15.444602	112.412183	96.519959	10.361824	7.162881	49.223470	46.754401	9.428596	50.412550	29.386785	8.635698	118.891429	3.405734	41.794209	2.593386	36.335662	120.597610	4.142620	32.358405	60.371950	31.388679	25.355337	6.952510	4.079831	47.049732	33.590100	4.589556	58.747010	12.725652	32.517669	2.597458	2.919502	 
54.257061	11.697067	88.432257	7.401363	60.121831	31.105966	19.997305	12.437785	40.519250	20.192759	16.569578	63.133470	3.244118	13.205970	73.708117	15.126851	27.252438	68.654055	85.336697	79.834083	1.949932	1.300797	105.051061	107.380916	117.319849	22.070931	3.995597	22.494773	65.233527	31.121190	0.799197	15.074092	127.570449	36.833593	29.803453	60.722779	60.778603	51.476504	7.143304	46.233520	27.155975	13.392871	15.619488	40.237631	22.086685	27.933155	28.395525	16.552479	93.668359	38.871593	6.272519	93.630925	46.807749	93.672369	65.236592	19.111727	42.686028	13.731505	32.923632	17.053455	4.633240	61.421494	21.679393	54.735121	88.133030	 
18.109461	13.443520	37.306407	37.775559	144.785925	147.379652	36.803714	13.169614	101.057269	10.769618	73.343908	12.693059	16.276901	4.144394	0.184453	47.066969	13.684191	106.164588	65.262917	84.460848	9.584790	57.593337	67.151412	21.794188	61.636012	48.776566	86.971255	12.639913	12.198591	14.668660	72.659804	4.049691	2.499509	35.446493	16.970573	26.815659	61.615150	14.100032	51.918300	71.125825	36.461625	67.117874	79.469305	3.144149	7.944614	94.503970	41.971523	41.680095	87.649949	13.668190	9.972121	23.078365	4.444199	16.112641	2.819545	68.113997	5.693074	33.680543	31.430043	154.710547	88.012901	39.605927	25.031321	13.434295	179.818828	 
3.404230	9.022338	75.718164	41.452804	23.695073	13.259283	28.768754	23.379488	9.871117	9.619259	43.695578	20.839385	40.806044	9.203410	54.764668	88.010043	31.970003	15.232899	17.683788	8.700371	17.549467	64.621673	1.752999	31.883290	4.139829	148.320573	50.991670	1.882330	49.457230	94.454860	56.845794	30.902574	21.058415	43.738654	2.553115	28.663515	72.446720	53.263216	8.489689	28.511943	2.037191	56.596645	12.722935	47.235526	30.536271	27.185160	5.350190	55.343946	35.332768	6.468999	39.759442	1.268626	5.860663	13.539765	29.616782	78.195907	119.985461	30.818671	4.904439	6.902637	8.119430	66.929548	34.735177	3.879898	9.340447	 
95.856698	106.573195	115.624448	9.798332	73.689057	7.073789	2.803045	47.190328	10.347597	21.164978	52.884905	32.627735	11.846156	2.209210	5.435558	38.180711	38.043775	3.019116	18.865598	22.235192	40.752934	21.507092	201.922092	7.426373	76.145364	43.215569	21.414609	141.559653	32.279616	46.767390	41.870742	38.206068	3.245067	9.502944	26.735322	41.048014	82.917795	42.266483	5.581762	7.183639	53.780996	42.671981	4.214769	100.067989	44.223562	32.651689	82.043191	53.131837	20.244597	8.373370	29.950642	63.888635	6.102499	46.542792	39.282967	7.151103	39.568058	78.370791	50.014763	28.395708	212.556530	51.639696	46.778023	10.046795	5.659174	 
116.607630	123.817434	83.727361	7.891855	6.985652	1.606662	0.294506	37.232408	22.421179	27.203251	32.979564	53.771203	18.835763	49.690758	4.172993	17.856933	2.363490	6.587448	5.912845	27.665589	16.513745	12.845551	114.385326	53.596606	1.916562	27.557294	15.626202	85.926595	97.454007	39.390708	52.959614	41.530414	21.915020	11.491560	7.476291	5.766248	17.506375	40.218189	58.112195	63.929352	45.100345	32.633712	61.338626	10.798897	12.040142	13.164290	31.564261	28.231607	26.291617	84.552943	13.214236	28.801798	40.492905	30.766417	97.099916	40.571294	15.527910	0.822880	11.464906	16.911809	4.341469	45.653859	82.779412	47.092702	0.379664	 
34.492783	6.387376	12.200980	28.347335	47.072739	7.772092	26.212492	34.152218	109.798272	4.599173	19.724613	64.640062	17.185532	23.249315	29.133481	91.086676	20.973452	42.554797	10.699663	34.106541	18.517769	16.978248	24.047438	4.194067	76.835890	25.290792	0.396049	47.501365	58.896234	107.269580	100.070171	60.400051	59.210479	1.508540	17.748325	66.897352	11.463920	66.644868	96.480989	17.412216	1.084305	88.470038	20.970949	69.069346	192.375388	70.108872	108.281584	190.644434	18.417342	106.169373	2.196699	79.708751	21.247998	106.719748	15.381284	31.449258	9.755999	6.358618	80.567253	38.257778	91.520886	24.616372	9.809237	56.724480	21.287375	 
94.150156	5.612035	48.022456	47.690200	12.050024	37.156691	128.546747	66.235082	114.905888	103.199874	18.227294	114.716202	13.333666	24.510656	48.379040	7.036359	32.330450	9.170389	43.354826	97.600369	148.632982	47.640334	65.474299	15.910823	27.480690	19.200801	11.255206	45.058778	3.053090	28.883128	8.174709	4.423977	35.262956	24.294821	13.567107	26.596136	12.853485	32.757335	34.132171	58.832443	34.284197	51.587222	5.483211	78.562723	78.563264	9.329496	28.124042	63.122806	30.648997	25.778987	26.385667	49.531401	69.616394	7.369918	29.304565	5.134937	39.999037	11.503785	69.658158	28.683824	31.186009	41.684475	44.005900	16.874890	3.699441	 
19.906733	56.095601	6.964990	9.502415	65.373022	22.042674	1.875902	6.488580	22.855199	178.221071	28.219339	30.752075	29.001614	103.951843	16.899082	53.132873	18.043832	30.806935	70.964355	5.231816	25.752128	5.926989	11.176744	1.007302	46.154588	13.727356	30.489600	26.817502	30.183379	3.777286	29.700724	18.010443	33.599356	48.626402	0.716249	6.424711	20.048103	21.821375	28.132139	53.347446	70.377358	13.683612	20.004339	36.670890	9.119517	4.046100	143.247772	22.736003	112.126310	68.370793	1.640177	25.994446	49.918313	106.046638	40.369369	5.844745	13.694569	71.310764	60.469037	41.581868	1.126843	23.515541	58.300187	8.159612	12.776769	 
24.013420	40.951896	4.671090	4.474467	11.795050	22.969747	74.447543	0.695669	26.008299	21.571870	129.862695	9.529371	4.457470	101.461613	36.076238	98.160182	5.544530	5.448275	52.115812	3.869965	36.900669	13.256704	44.338442	17.820055	34.173232	54.229971	98.736737	3.386255	3.521375	5.752561	10.314172	12.713829	3.300066	35.779196	21.473811	10.911738	17.695744	16.731106	7.032367	2.815205	13.424864	40.398869	81.219575	139.393224	12.899584	26.166770	40.043544	9.844905	4.404038	61.139962	53.754753	8.901463	27.515351	109.455391	8.278311	8.786945	12.729305	139.323064	63.707713	2.482439	15.851003	33.370069	34.423626	37.039845	2.412259	 
13.084362	21.067156	4.823378	90.001994	16.193012	14.786600	14.378903	49.675539	34.106228	96.436899	22.202405	35.622112	48.928111	50.572468	13.121091	9.001043	77.708467	38.293396	0.812560	48.093155	23.430194	11.725905	41.938505	11.098901	0.578956	1.820097	20.706243	220.348038	4.667923	8.630603	4.588637	20.122040	12.036802	34.835062	84.115791	3.402857	91.307710	38.330172	17.995480	77.703485	13.924741	170.412270	2.542202	115.803989	37.116512	120.384554	33.414251	13.722137	97.371474	71.294855	30.398702	15.050353	28.639391	21.982096	112.528210	39.450896	9.232682	21.741263	0.734128	13.804600	43.429274	89.736180	1.876689	14.321307	110.336025	 
43.515841	1.253853	100.063918	1.878138	134.338161	27.073470	23.456514	57.901342	9.246727	78.523293	4.952189	97.520495	37.631281	29.093158	14.886559	50.836874	213.326600	45.129276	16.713056	30.231088	49.913009	19.660836	124.650603	30.295312	3.207737	14.521535	4.181747	22.578892	53.267814	23.244399	1.609930	16.475768	10.766348	0.760721	7.741908	22.073714	92.853468	33.054795	100.228084	1.556947	38.593269	7.321372	60.214998	21.423017	101.902560	2.945809	2.175716	18.885797	11.571850	19.445069	33.191447	12.768111	6.246772	34.431533	29.729100	70.590433	31.602745	50.242409	2.225144	40.959260	1.325160	79.669980	1.830892	22.036839	27.874788	 
91.453117	188.109888	57.937868	75.171520	14.781564	94.796510	50.375287	2.142762	5.935082	53.596531	22.391916	55.586778	273.168972	27.822206	15.655011	30.820663	26.695417	104.916656	3.690203	94.077192	11.135598	51.279515	3.693093	17.646880	31.445273	207.472620	3.420208	85.842400	150.864975	44.479768	25.324226	1.880913	76.267221	2.365351	70.107908	18.799877	103.893162	18.202776	17.605337	3.822889	16.735164	72.878773	21.339097	52.731423	45.130893	82.100816	38.592462	22.500997	53.153212	50.872080	3.143898	106.163533	104.606197	5.467037	3.298812	38.090112	24.939174	14.355916	77.165245	27.097791	25.157845	24.053152	23.263211	3.482137	23.532369	 
31.902150	43.112305	81.120226	78.917836	24.641254	13.290560	45.999257	58.346431	83.029404	86.095595	3.766591	8.041015	45.652820	7.216545	9.522129	89.760184	18.552463	44.385293	7.631219	1.673451	35.694660	106.795483	3.349599	22.808310	0.897351	26.668857	16.943713	43.250345	1.276881	14.342899	20.349573	13.564378	1.692441	90.754515	30.048777	65.430610	71.420165	32.481426	1.427744	0.372857	77.830690	10.165724	12.096968	72.041913	20.040884	35.841653	22.486081	71.233413	11.259120	1.406494	13.698716	38.931726	1.825184	181.217048	14.768049	12.850938	0.428078	14.598487	10.125708	7.033581	3.646594	20.075659	3.891111	10.075166	138.458184	 
6.831447	1.901210	44.479402	122.284931	19.126693	30.061369	40.939092	83.077238	25.997900	11.354353	16.467376	35.993867	6.154375	82.132846	1.868005	20.797786	55.000428	10.829611	35.436491	44.599644	64.474614	47.951990	47.711030	3.568756	5.337964	3.581912	207.473231	95.247495	11.762786	14.944327	12.902249	19.696546	87.930715	0.534483	76.751493	62.692750	23.851604	24.485221	14.774424	44.332391	50.568721	26.249325	2.166971	9.707727	8.806332	21.451366	52.733561	37.388477	0.984535	53.799574	35.116979	91.200497	59.964065	5.948753	6.939757	2.311687	4.759100	53.439828	9.437256	114.711015	29.486200	37.650449	38.502166	57.007144	5.979792	 
41.653246	6.708549	80.457267	7.059481	3.467102	79.441947	1.751984	11.432105	106.206499	50.606166	6.128737	47.593144	27.515475	31.173485	48.874334	19.551622	10.303802	34.386742	80.342422	35.962761	5.603138	63.990617	134.573637	51.336759	33.846233	54.369113	28.667394	2.706151	57.741635	44.815048	24.182711	17.391639	50.680501	28.417225	1.304680	0.886272	21.652834	16.186509	36.718062	60.621031	30.903570	43.523694	14.655066	33.100908	51.847842	20.065214	29.195696	23.997961	10.532028	48.033521	26.242088	105.684393	34.308984	7.035885	23.388896	17.201046	38.672137	5.474917	27.856067	27.679748	12.799700	49.380476	11.965886	21.146484	2.908112	 
13.772651	101.136096	2.305277	2.829302	134.298166	90.454297	44.286967	45.017596	93.304984	4.328183	64.064194	15.100129	1.253451	60.996869	83.965430	22.460690	23.092337	4.327671	21.279079	46.132400	7.750159	81.932302	10.158357	14.469919	22.233772	43.211452	13.830411	6.638457	12.143805	19.576596	5.875399	5.042389	67.098848	88.977512	8.869178	5.801845	146.977494	18.623001	19.205472	2.900171	7.371509	30.501339	2.141516	9.528636	11.047343	19.587650	26.908371	46.018006	13.100715	18.301156	3.819532	102.241806	28.031324	72.898532	57.080410	84.513820	65.389226	77.866209	4.528464	52.306241	151.167567	16.744835	55.898797	100.422223	31.669242	 
27.702199	18.644135	28.709541	37.461739	61.077976	41.710531	42.635360	99.411798	43.276522	2.304282	37.548923	60.121757	26.127069	115.324882	107.044832	23.144014	29.107210	1.393116	3.112386	108.042552	67.964140	91.226939	0.728803	48.800497	7.328928	3.453383	128.734879	166.067623	29.216528	0.366799	57.047107	9.083845	8.330787	4.011206	53.173854	74.899519	14.144428	58.534096	43.778879	24.884955	45.432159	11.931815	11.809732	7.730120	74.883380	41.228611	16.316983	41.954518	115.827597	67.794489	112.373557	75.341151	76.164979	9.799385	0.475872	32.591317	35.925471	3.608294	87.989886	51.864964	132.533629	60.784381	46.371988	36.732581	65.357065	 
18.527049	2.285916	28.572141	67.734827	8.312180	11.092887	19.434108	1.959136	42.639878	2.740154	62.213660	24.434455	52.535694	146.041271	69.803720	31.710326	33.878316	40.991185	18.027166	2.145969	85.566156	17.971484	7.586013	17.699141	97.719014	30.948996	22.634658	16.111043	7.704421	113.045527	29.431653	4.935404	127.067226	11.971664	37.043321	11.601183	66.194938	1.922113	4.672792	19.854081	71.057849	28.365934	17.902953	92.086028	12.784771	84.522116	25.984170	33.716290	14.809194	56.491480	5.383493	3.924843	6.888080	25.496740	16.992510	100.396267	8.769747	18.768396	105.275597	35.115852	17.605938	18.981407	74.004253	119.525635	2.500624	 
25.609498	49.647646	34.469004	125.876622	20.589867	91.237880	12.666640	12.220249	50.406118	38.200186	35.507968	12.633083	17.619002	27.935293	85.403751	36.050794	11.967855	104.562099	11.995270	65.020448	105.222874	34.820121	41.230338	6.936966	40.144469	77.876718	21.893223	50.794280	23.032772	43.783094	6.612804	57.774087	61.293161	72.066219	3.322951	13.178366	77.281237	117.022395	5.233517	5.581272	17.097424	0.449131	34.577944	27.160210	51.611677	103.378613	2.091044	39.129779	48.230295	19.784134	25.194812	77.507599	24.471434	33.631748	16.043013	19.985452	42.127215	10.260288	4.792107	23.403797	26.274123	21.003507	41.196420	56.393146	17.661280	 
4.522395	4.283077	162.751468	6.447223	13.661331	70.624502	39.052808	13.989520	10.723006	25.842003	57.531450	53.236234	34.648284	8.556293	0.862304	60.455391	56.446618	14.325902	55.585254	23.706244	78.597385	2.602994	86.234479	56.439151	76.809656	22.058153	99.233473	1.121859	31.715864	20.446543	13.845720	20.196780	28.060029	63.003099	44.181372	11.000979	69.725611	43.908982	46.626605	9.555174	68.907962	89.956497	9.759368	41.119338	25.432260	8.826878	31.398665	48.149061	17.162520	7.768653	13.218724	7.384908	23.238331	7.465470	6.300811	58.293443	46.892502	77.831022	6.171653	25.044158	12.510060	32.307873	2.782574	95.596937	11.156986	 
98.190413	17.049013	149.824947	1.257252	6.604421	26.867422	71.874967	5.149250	2.583117	83.936992	22.702585	32.689811	24.703820	10.917239	36.828747	33.310706	123.062524	21.907314	77.137961	15.749271	75.529532	45.885773	50.641234	48.977288	52.692565	31.434979	73.071418	4.034023	5.924000	51.565522	42.014282	20.570435	110.852408	36.506135	35.000803	42.293853	21.208224	84.157873	162.138422	23.165426	3.425002	19.888045	24.878746	6.020738	4.063560	36.053679	43.673478	58.894947	45.887483	53.238958	41.910946	18.199522	43.822404	3.021853	9.740757	1.034701	9.692402	7.841970	11.891995	24.736050	77.949505	61.192764	97.666080	0.642771	32.159358	 
74.275609	67.315068	0.600791	7.642570	46.237598	38.766988	2.068062	11.677264	93.790439	25.995742	15.130736	153.692693	3.437352	27.788281	103.140891	42.815900	0.450330	9.824080	7.358157	129.458030	31.368473	12.105443	32.112416	155.172460	71.619104	55.777273	225.493491	2.543398	8.884814	53.719524	8.847786	8.180722	6.488814	38.651499	74.976383	15.596488	33.043281	13.954540	5.158635	6.113433	4.957629	9.060294	90.061962	52.630241	33.656560	25.290726	15.801161	94.915492	38.665395	21.506513	23.669509	91.974112	15.195139	19.952013	33.217538	10.470532	3.285231	67.729369	141.224640	22.809604	0.989803	29.798270	16.570259	84.508327	1.872565	 
33.142790	117.699703	51.247031	1.794393	96.140470	9.199953	82.020056	46.931276	62.729279	4.951954	145.277628	18.479112	140.215155	26.622177	59.971955	41.885580	21.693953	114.204235	69.335612	17.477291	7.640716	0.341483	45.872935	43.799956	14.225342	37.427407	69.807225	5.666243	74.476181	8.309352	52.468695	79.807015	10.417590	9.225771	2.811138	133.024094	3.329983	1.492963	80.773586	37.657918	16.787691	123.639164	17.710508	27.634976	51.437658	66.374351	8.391058	26.078819	11.760406	23.514414	0.974436	83.753333	74.367654	57.650788	69.156916	81.838610	21.438269	15.801183	87.004974	151.085410	51.903451	54.114291	12.452254	0.757894	14.136978	 
31.113991	34.450711	127.816800	1.473206	42.070364	11.616283	20.997737	21.093997	61.351789	3.051825	17.489261	169.995672	24.012885	34.746029	7.820489	73.905276	22.108393	61.585142	178.419017	15.635545	1.437028	143.060694	56.496235	7.117715	144.472102	24.841784	29.375987	17.736743	24.377770	43.115793	2.022764	20.495560	53.944161	1.883027	40.892299	17.257822	104.754197	12.635676	21.050324	15.454399	18.040370	25.372324	38.255254	11.249346	47.999950	8.067612	13.749349	16.033720	59.068504	60.343899	90.662536	22.851825	26.046820	37.444086	27.207665	6.189486	43.086364	13.661920	14.388784	92.090580	170.125545	48.359664	21.895300	11.936038	9.082662	 
23.242003	87.530367	0.683945	37.944106	34.762097	55.343874	26.718100	41.715852	11.374758	20.910548	20.590054	0.633477	23.860439	5.290600	5.899580	24.713443	45.253508	87.534914	21.533139	4.923158	2.674758	20.060119	142.138921	91.215631	36.014673	10.651301	2.135977	3.843997	33.275567	12.512640	75.094895	29.012844	9.700714	87.072543	32.026701	56.292516	50.236204	82.730743	4.335171	21.281086	11.522112	24.594915	16.558700	136.336457	9.235449	170.451316	21.569309	21.398570	146.298572	72.259465	44.079952	45.995352	11.997090	7.679656	18.215436	5.475891	50.290477	12.698750	0.289094	34.371585	20.916648	24.895605	36.518786	114.589381	130.576162	 
107.605403	52.141925	23.888263	82.083195	3.399713	64.594204	42.614164	22.254703	77.487167	23.817719	7.163178	20.004561	7.149077	11.073168	9.102095	50.982438	37.749049	145.526851	39.080042	18.667036	86.815571	10.200653	7.817963	128.526582	105.513299	0.735727	10.943800	126.793001	21.842856	29.699673	27.264566	2.494580	2.574094	22.893900	0.676528	6.471270	16.412899	4.492421	5.522704	4.104054	28.115635	13.311293	15.885370	0.235677	58.144999	2.419517	2.982129	85.170721	77.994324	25.993274	38.305914	19.529499	87.916466	44.379150	5.990361	63.100945	90.000556	109.341215	85.630587	33.539051	170.031735	63.144182	47.256321	64.251984	79.737225	 
94.301096	26.224200	17.380865	26.988801	2.294158	43.360975	11.433137	27.367762	8.796681	77.047923	13.444919	109.811248	34.793530	94.530097	8.749455	4.506197	29.858853	111.080560	220.845277	15.625318	74.106039	3.777349	11.348979	6.437569	52.249454	9.075435	233.451114	19.162476	24.506535	34.761676	99.254792	13.382021	75.563103	48.971672	94.154815	30.944551	26.820646	20.690056	51.299891	1.161421	14.032064	11.620349	91.426067	18.041386	92.604014	17.126576	4.610334	49.133931	20.678364	16.840436	3.917287	0.095117	54.497930	49.824768	55.549753	125.882724	19.347076	116.831460	0.824464	16.054473	20.335735	3.814352	24.506847	71.731006	28.116383	 
27.626794	84.301219	31.851105	17.906567	121.075873	117.739808	7.169139	28.713132	25.355834	10.042714	68.572618	19.326154	64.346179	17.420176	53.082956	20.032664	89.645927	51.995219	11.247918	66.336779	27.030616	9.148199	3.242384	55.810932	1.519248	90.988368	11.960614	87.899091	11.417249	84.281562	22.331434	20.460270	13.437577	54.792705	5.644043	135.759165	13.224706	42.274763	16.075144	12.524362	60.088159	21.743664	50.729557	57.815036	20.385756	11.378163	106.025666	12.219878	19.476624	27.230800	278.781642	61.619640	21.341695	16.778530	40.484562	52.803670	2.954275	7.961468	11.572733	21.064541	37.926861	43.150606	39.532131	32.019681	119.039619	 
14.944513	59.027247	49.822747	7.421005	37.886435	29.473907	33.767148	32.076078	65.977406	119.467442	62.140400	278.172630	49.948210	169.574314	30.904370	30.231218	24.208472	25.150768	143.836025	1.809905	3.364158	35.852352	8.563896	6.073198	70.030668	29.484841	84.199709	13.794073	9.403930	2.586075	65.196318	25.446342	71.538084	124.183548	16.757322	21.815053	97.334000	55.464543	117.563269	16.352356	30.741419	37.492539	82.290902	50.949553	63.581555	31.585717	96.877528	107.370388	2.913344	5.618096	38.123449	5.182810	72.383826	24.935196	35.872773	17.837159	62.143363	6.181735	7.800741	76.278473	173.094900	95.279291	82.932374	25.224448	7.934267	 
86.284385	4.401507	0.402049	28.692269	14.787087	7.196999	17.276934	15.695770	29.408648	36.200284	19.354102	106.757358	24.273101	132.150132	2.119839	11.501210	103.180832	13.001227	19.253568	13.721663	26.631842	45.461468	31.252297	1.300199	74.366889	28.721988	63.040050	36.418520	43.404467	25.448574	6.557145	49.385718	37.482798	28.196098	76.619158	14.406157	33.968687	11.692715	3.410637	23.189847	107.143153	23.740271	144.832236	55.413858	40.426439	5.315272	85.514228	24.904434	8.099248	7.861330	5.831674	28.489884	50.757209	21.114808	102.842664	8.195851	39.711310	20.576876	39.354249	95.398298	105.131133	39.410677	43.814475	101.587050	24.097914	 
16.205482	101.577159	58.174453	12.241341	114.768273	49.394069	50.597277	94.937405	3.239341	25.208708	60.382259	21.841658	117.015719	25.598980	9.768092	14.878990	71.146271	9.477130	104.244591	93.101911	4.665377	47.098524	13.238244	25.202065	58.097373	54.976040	2.208700	10.066419	207.486748	82.422801	6.780452	3.555991	89.938990	22.755777	3.400309	79.337139	13.157971	5.565478	81.071446	5.281151	0.376123	16.850391	43.542758	22.925390	24.884923	63.075388	27.549755	286.382218	74.290683	2.629208	1.834601	87.735246	47.501844	2.821963	28.802202	62.852639	0.568911	16.510208	3.557206	19.041881	32.503987	3.849622	84.766507	2.122198	49.589901	 
110.828992	18.909381	18.357506	8.215465	45.009141	25.864261	22.293705	12.315976	0.845969	3.528039	28.733044	27.858382	44.772700	8.698727	11.104724	2.982030	6.748378	95.771843	44.150529	18.457775	15.087702	122.574462	12.263933	33.287328	20.425293	12.094390	75.381634	13.261064	88.353332	22.045115	46.579875	67.026546	9.408993	27.995940	13.202973	40.343165	114.513517	20.117017	15.084517	2.755733	5.386107	6.737752	18.513560	6.184089	40.371245	34.739726	1.632256	10.831492	65.269172	124.961366	27.132874	22.867327	26.619501	183.932608	31.281732	55.136232	26.682017	89.974686	61.332789	36.863448	7.638394	46.856151	66.226107	54.147190	3.404321	 
6.694763	53.373925	11.526949	42.849943	7.946602	16.120318	6.391569	93.541996	50.222484	1.021792	43.094677	18.867265	7.268433	47.098253	46.139616	11.708849	65.847722	39.588483	70.604339	7.354883	174.303077	14.705687	0.181087	9.351706	28.487776	20.562841	44.524579	26.399382	35.586203	12.800922	24.509460	6.142223	6.723463	1.942600	3.277315	63.951243	27.054831	19.184865	8.808657	28.252640	12.825079	75.149611	126.886561	18.532974	9.340974	6.479022	82.251698	2.361779	72.409581	21.281186	9.006731	60.743157	2.094273	25.210148	10.492424	57.874997	11.630823	10.746971	5.065734	15.359509	17.017956	7.626974	6.514625	27.523892	51.728142	 
3.549626	22.880526	105.512575	18.075443	43.922013	3.663316	4.169925	41.888759	82.847907	117.963968	3.229691	69.468525	86.176314	32.099990	114.987315	1.471202	36.996599	4.635951	29.280743	35.634985	6.563213	22.497276	26.525741	200.674620	127.355767	7.587713	74.019664	39.850385	69.343699	37.128240	9.656380	2.775433	23.921932	19.284527	33.725037	15.657784	40.598765	44.756031	45.223863	25.162384	189.889404	45.340089	13.849120	50.983270	12.616054	14.280294	3.930956	92.399678	6.239478	44.207360	22.406237	88.628319	4.151955	4.640211	77.222470	6.831300	61.509190	20.608444	30.555927	4.289914	39.768100	65.385768	38.382187	26.791689	35.476509	 
2.791793	63.471032	19.332830	33.533172	8.424007	59.017686	6.830482	15.308671	2.294114	29.087469	49.931593	44.134419	19.694638	80.147836	23.976442	3.435633	30.968176	53.720238	69.674751	10.477705	2.389860	53.075424	22.901837	76.004503	14.761762	19.918148	28.526539	18.594697	9.956822	49.400712	19.495083	138.104988	3.387107	5.531006	60.810412	10.145910	53.050697	2.644448	43.198879	32.784086	8.060253	0.357476	126.188685	28.805711	2.532473	9.449187	72.405088	196.980005	37.871086	5.101555	41.506400	19.477900	46.287925	6.648666	3.516307	15.443069	61.966194	85.569527	107.300941	5.733789	23.942991	90.674669	72.949703	38.424079	27.328694	 
43.334821	127.225991	16.581484	7.441100	49.556270	23.112286	2.468354	2.033094	8.711373	95.593099	103.093816	40.011265	45.572337	49.521129	2.445609	22.602401	19.200233	6.792393	29.173757	61.011582	17.895039	33.828260	20.371750	41.541584	50.184947	3.243311	71.967237	96.958126	39.071632	37.516345	75.118244	3.077975	52.764940	55.884077	14.183889	4.391620	69.186359	28.607393	27.060620	35.955980	181.494154	19.143955	30.871708	0.622098	14.507209	162.222624	24.617450	36.469519	12.299970	76.612857	27.627192	5.631532	10.798663	1.307356	6.030065	1.595325	11.244767	5.617155	4.226706	21.818898	41.683617	62.053741	82.229452	10.865478	52.846565	 
37.814800	67.840141	13.575508	40.132519	118.506718	18.243706	10.752737	40.524885	21.218014	56.103601	143.017071	49.779486	38.523203	8.611295	32.878872	88.333356	16.415041	20.187288	52.281031	62.220132	21.352936	139.384450	84.363608	0.442890	11.260877	104.372551	25.106209	37.825089	18.836273	102.768136	114.604124	1.969878	91.671441	9.353078	23.222490	5.148374	66.186052	79.356625	11.702580	3.732760	31.069009	97.247303	36.045321	22.994864	84.753736	41.738167	171.377764	31.688638	3.246302	86.850136	4.940540	93.404766	1.986092	32.781604	44.255759	39.064628	0.324529	10.833613	67.199181	157.275552	46.337699	9.526745	43.205679	17.906808	54.422060	 
20.348569	49.517653	19.393920	23.088942	67.320318	11.757786	41.646603	53.197053	19.721931	1.399011	16.127767	47.676927	14.051577	34.852390	5.522002	17.657930	8.599923	6.672160	93.444204	42.062398	35.375575	72.718109	12.859687	53.445926	245.218702	45.937265	8.834197	1.370165	28.321408	114.335963	11.948402	32.534936	6.533196	11.211965	98.272760	78.764319	37.063587	37.851383	5.330039	2.728081	22.910901	57.146085	19.083622	51.650838	1.261610	10.056976	3.982267	42.225025	29.380261	17.623636	12.310400	9.033606	17.879200	17.783869	32.650603	2.631158	1.441832	10.937830	5.330248	7.344604	122.297889	2.842727	42.601554	4.102723	135.685943	 
13.584683	30.453387	9.907416	22.240397	127.129548	28.367741	5.169078	116.606739	10.128389	94.210679	6.717367	81.867642	86.678343	4.295215	24.214763	11.165336	35.786962	3.091487	19.961162	27.291644	32.812481	35.822692	14.758206	33.123360	145.270002	7.474676	19.788143	39.258830	30.294315	63.017373	35.152246	69.398346	18.979258	23.996668	66.979260	37.951017	122.111605	62.786967	22.762311	70.915333	17.322739	35.153054	25.395507	3.151869	22.373957	4.255852	90.642420	34.532011	105.127648	15.513416	15.338723	101.066639	85.491230	21.549113	22.487710	171.779451	122.057842	101.253954	1.171239	14.416312	8.683693	204.379232	29.747111	0.466611	7.163303	 
30.445224	3.596836	39.557836	5.398151	10.404746	58.670795	113.113179	51.067436	42.840516	7.461300	2.190413	2.417697	22.913442	8.088245	1.565627	39.697408	7.646007	18.509255	95.142111	21.535004	2.114104	83.272450	82.069294	31.237127	40.945824	3.295050	30.696596	5.395655	88.078536	2.419626	69.973919	3.848133	42.081065	23.031511	25.198581	55.426522	27.139598	49.438802	44.429575	93.990457	75.107312	55.949629	1.452068	185.791908	15.650769	4.481620	33.400129	5.944841	7.140584	71.514467	23.498789	12.384668	53.197266	25.520470	48.127145	6.903436	8.867046	22.932022	74.881740	3.173357	152.558900	9.670443	10.776996	42.132703	23.861330	 
3.043632	10.960302	13.284254	62.351118	12.892253	10.869793	15.238884	146.570915	7.731412	10.970557	32.747923	5.100401	57.808959	26.868130	16.964713	15.219274	9.764727	15.332785	24.993160	54.775613	37.897799	12.958163	21.996993	15.190369	53.041195	24.776882	43.552429	23.963381	12.149200	3.058267	4.059703	0.764559	67.894280	64.493304	37.120425	61.098567	52.045858	17.277659	13.574614	19.544866	18.027453	16.540471	195.076365	16.350672	29.008741	1.858770	4.997113	26.149947	59.215413	26.148807	82.501039	1.843422	9.009049	52.841960	57.542666	38.836557	8.690775	61.251257	4.525244	39.130802	25.005812	15.612159	35.453864	13.386263	46.379415	 
9.968093	41.093054	21.364274	26.185142	25.085626	56.463402	136.305346	81.207680	43.028917	110.855304	6.006326	64.060636	20.512660	52.023690	18.889315	6.738611	7.322720	19.702437	36.947403	39.791249	26.889932	11.752650	93.488031	5.129432	3.279201	2.206476	5.414521	90.351715	35.740174	4.373533	6.070982	49.701490	3.881716	77.134815	126.002438	20.308232	1.645968	12.367564	43.194774	17.806942	50.061745	101.930315	56.661852	0.894193	41.641738	29.365961	0.595242	4.743952	9.575683	70.270170	43.014669	0.663491	95.154584	35.168322	9.069260	51.402473	165.267625	17.874276	18.561748	54.018046	52.473966	4.549283	45.457772	54.133623	32.029077	 
15.253076	10.842857	90.453967	69.698732	20.927971	13.723161	15.909931	33.612283	12.137187	26.654593	7.717253	89.232273	20.395091	25.889781	5.564944	160.115379	15.423208	54.495344	2.416262	77.457328	17.922764	18.432947	49.458160	9.582490	95.004413	2.771848	30.228904	9.774321	136.241088	106.007692	15.650681	26.612945	40.515257	29.162275	4.801298	35.085439	32.564188	4.738581	0.935956	90.842212	24.865195	14.695240	2.326551	13.530698	44.699226	167.769797	8.646018	27.273787	89.619204	3.950413	43.522615	29.984520	9.817201	35.963687	11.728595	46.900627	14.096474	21.174895	67.362078	49.638694	103.282140	47.751262	1.418466	84.853584	90.599351	 
5.524473	14.990331	32.423523	45.688067	36.359323	7.676087	15.722772	41.647455	103.457298	112.934435	41.602334	25.563619	165.984340	39.013925	14.836714	51.201791	35.101854	4.528331	14.738666	2.406497	26.349916	2.983182	74.320166	31.798255	9.781471	2.937625	61.434452	34.748053	6.739482	86.172805	9.794655	9.515515	15.374816	65.116439	10.503244	29.239012	104.739572	4.060700	35.789494	9.233103	7.982274	8.703212	20.428572	77.450364	21.286994	1.155238	18.363304	0.659124	28.795333	110.843437	45.780987	105.179991	95.389744	66.443799	4.960123	46.246152	131.757170	5.386993	13.502391	27.021790	24.422117	7.986884	29.103873	17.230866	6.465198	 
55.564827	24.067487	46.003256	31.935238	116.342451	67.146227	33.334826	0.811660	34.259106	42.665939	27.957172	67.359601	1.903809	17.269360	22.672573	7.823218	18.722065	1.828305	13.454673	15.069236	38.271045	55.526918	55.451965	57.676982	24.938668	8.450399	113.692705	16.092914	1.214573	11.172998	0.568219	16.631767	57.833177	29.163441	1.781244	28.877309	8.667927	29.504732	33.286562	4.386104	122.254886	63.938598	91.153874	47.039545	114.128675	10.582284	59.321568	131.511450	17.645812	16.167954	0.777944	1.365816	28.158231	7.568050	32.865750	43.794477	17.017841	2.805057	28.751713	120.109410	66.611610	22.069619	24.931696	89.022161	18.842417	