64
0.000000	171.149009	9.225542	111.643879	3.914394	57.283631	112.913603	66.105809	41.864687	30.728044	6.854815	78.518598	2.989306	72.056770	54.025264	50.712287	126.466758	68.027248	84.500015	7.249904	75.212558	45.106422	10.783629	39.391176	41.536864	0.871966	33.414296	21.847894	4.350047	46.967125	64.391312	28.260105	49.175224	16.996444	52.647647	86.601138	74.716780	35.767584	81.010229	27.852956	1.129356	126.241358	39.109613	18.614646	15.367297	21.007966	20.961153	71.923500	93.304479	0.670294	55.318285	9.276958	7.664053	37.520968	13.908348	15.813096	13.330207	22.692900	18.271674	8.235795	38.102320	70.278749	31.161478	12.780653	38.658464	 
23.828323	1.159014	1.896053	36.640782	20.895176	20.943963	6.564622	29.726513	103.526675	16.202329	22.982226	87.290910	37.851727	63.292235	42.605358	7.110656	22.077452	20.813270	41.966542	5.443137	34.960956	35.260552	131.615126	11.415132	73.513446	37.040406	32.161124	14.822838	21.997710	42.950010	74.470810	63.966512	11.645705	18.018828	45.150963	33.153906	5.458525	20.970367	29.225685	65.194782	35.317245	23.593081	37.482607	30.078011	74.296289	65.305442	83.387653	3.799703	59.752592	27.253765	57.452694	80.598555	45.757052	27.190581	3.256413	1.810578	11.822835	17.376375	43.413330	6.283966	0.048849	8.765863	70.958878	102.576424	38.071624	 
93.457630	38.524000	11.026608	12.510775	8.772879	19.760397	137.743063	67.404877	4.799304	10.066363	10.291030	106.299794	21.278156	45.416536	7.675665	86.363955	31.896737	161.429219	51.066178	23.758394	8.830151	70.965219	3.125919	13.384491	29.662481	79.995123	27.035884	59.676671	0.359823	81.468812	32.480047	47.960631	135.601940	8.563060	30.455099	1.959866	17.616027	26.759321	53.513051	3.709552	75.572605	31.629790	80.852358	35.013181	41.532190	37.346568	97.498954	30.389351	25.364290	9.149945	4.066275	40.029447	97.990763	25.158644	0.499336	6.857283	60.744520	63.562780	14.521101	27.807413	83.311259	71.906822	50.640511	26.223413	35.329656	 
78.050718	19.272228	16.049865	0.727860	57.634457	6.234885	11.232585	55.337914	4.690840	15.459259	7.972969	41.953492	7.798034	138.913142	4.021924	23.125218	17.356322	13.700856	50.970053	68.975290	45.367386	53.683186	19.308499	19.104630	4.173955	50.123696	45.143490	16.551811	2.315838	43.181393	16.714352	7.268758	4.631602	4.551326	3.829323	7.286636	142.384785	35.951235	51.950709	51.325000	6.295481	27.900806	25.708542	23.883855	13.773301	35.113662	6.927974	4.338847	23.324413	64.407417	74.099535	42.508606	7.877420	31.120413	22.349361	72.491587	20.477104	23.341626	76.232032	66.325876	20.643286	5.432580	52.424002	30.110386	22.171742	 
71.278155	50.827515	9.051391	32.297250	2.867209	64.788847	0.251984	91.218923	84.872446	0.342221	15.013110	6.348552	54.042887	154.077490	82.981894	44.026614	5.202327	17.080377	13.320712	13.732299	49.133659	12.346032	72.516167	104.518892	4.397685	36.479044	1.433470	25.572803	9.048340	10.038625	1.603388	220.507250	154.555811	52.063087	9.321867	42.624653	68.021707	26.771807	70.043212	6.764315	46.589922	94.073343	65.525464	4.004298	15.201308	22.527109	7.178521	17.203877	24.068262	13.471403	1.326039	22.399461	19.082738	25.148365	17.333643	11.109901	10.126574	22.647131	4.211187	89.441585	25.015208	29.440387	29.306313	65.652849	10.971063	 
56.331046	34.977836	17.922337	49.108081	111.495433	4.474250	10.766043	49.753164	3.423296	69.378457	22.859157	6.011676	47.021198	21.044683	30.324602	30.542431	93.666351	21.323846	115.872067	3.686453	22.171860	96.031879	7.781065	53.118953	79.369333	16.039105	21.332197	54.810395	44.663197	23.613273	67.710027	35.598281	4.297546	90.574337	43.151703	2.725379	72.857179	0.590495	19.851258	43.093891	91.698717	26.911711	10.405087	1.513451	7.218766	29.106017	6.726409	15.467556	19.528669	49.768952	117.481797	31.422208	11.982939	14.180891	3.164839	0.453565	12.450657	32.628315	14.193064	16.422675	15.890899	77.821935	63.531368	24.203570	28.239414	 
58.244384	33.421503	29.800130	16.010970	76.417444	5.854976	18.246062	103.690271	5.287662	43.960005	26.290196	12.256887	28.281279	37.020003	50.229911	110.852472	1.066253	119.929936	17.227619	11.919028	112.916710	27.906170	29.773263	113.954812	25.608174	73.609999	9.155095	14.115411	4.477357	11.051119	73.390066	54.342491	3.653310	3.587040	2.583748	132.339691	31.577081	34.981433	42.568820	60.264176	15.158841	11.717278	2.415397	2.149151	49.793882	29.140052	42.554768	15.861034	59.428147	78.273125	6.263452	166.862825	3.595470	31.130107	13.093305	12.377979	5.813316	34.518133	34.085733	39.964673	47.476652	260.766389	10.814573	42.694432	46.835124	 
31.253141	66.619099	5.269371	104.241886	26.646704	82.415694	1.854115	9.793599	14.431488	17.665039	87.597429	12.019499	9.919592	15.082529	33.911785	10.363461	73.990550	192.604204	10.309505	2.344181	14.657381	49.161804	17.207293	118.500087	57.682152	29.909735	17.828125	82.423237	3.251514	53.856858	19.050874	5.505234	0.341108	3.234104	32.219184	36.075235	46.167740	32.270708	3.215336	43.744769	1.136301	1.084119	10.370779	6.338196	27.777327	283.046328	14.423651	6.789041	115.249135	122.846765	26.253718	22.400388	10.636060	12.426221	88.810981	3.372264	15.337175	3.064867	79.396757	3.360070	120.830106	35.404888	75.136832	104.523086	6.273109	 
131.812840	80.804398	5.944197	4.501738	39.714531	44.959564	27.205507	263.152847	1.200130	45.486594	16.977932	23.067039	30.808162	7.001620	155.271269	289.218932	25.143421	47.425878	64.751532	29.453686	40.717166	24.534947	7.800591	3.388474	12.301302	154.070256	114.042727	29.255170	24.000831	6.094319	74.416159	64.116811	142.002519	47.263342	4.941029	26.241959	9.167897	6.320828	83.694013	10.788899	9.533186	138.433981	15.739935	23.721668	33.216442	9.924722	4.915094	146.092668	56.619377	23.393239	13.376395	18.422005	3.418373	86.646372	6.382292	0.626804	78.265085	43.721122	16.464938	25.288817	44.247788	9.465045	2.985064	1.487604	19.920788	 
32.124489	20.399399	23.501631	4.237817	46.277210	39.907765	117.417605	66.363575	25.439267	2.582090	49.030008	71.597281	29.485541	14.806388	80.008488	215.122103	57.745617	2.238704	39.154829	69.906659	10.563205	79.560062	41.434923	36.056767	76.199337	1.840143	25.975444	1.856923	58.009867	16.614340	39.025931	98.945787	8.311511	18.441374	50.150982	8.393953	7.606692	62.462668	31.264348	4.268086	5.000136	23.941900	4.431088	2.164039	142.144464	13.880655	142.629631	79.941505	9.233101	37.985722	19.874036	32.280945	6.856407	10.401644	27.698246	55.846519	35.699317	19.663652	8.964276	15.898481	3.931559	30.036103	58.855460	2.410908	38.187809	 
10.129124	47.693188	10.707713	18.361382	121.466544	27.986077	0.708365	40.558564	36.487846	15.766663	9.450254	3.458993	2.578448	58.623603	56.759201	13.382893	14.571607	43.650590	144.428108	51.820889	60.510005	37.421467	76.086700	44.930895	12.667597	48.821092	92.191357	0.939610	67.831657	23.465278	48.894182	3.950085	9.420530	90.075924	51.436679	30.919409	6.804457	13.146336	23.474148	52.615058	23.054520	39.889687	21.970913	28.250373	11.041475	9.862948	13.361533	30.730495	3.967837	131.287221	81.625591	16.288190	54.895597	29.735474	26.895551	7.207999	4.859827	53.616426	127.129576	13.147496	30.091162	67.898242	25.489586	22.224116	14.399121	 
23.967224	38.381432	64.603422	33.748060	28.310299	0.737007	58.122562	57.392504	24.219025	9.237658	62.308543	15.217066	67.488970	3.035362	16.791253	61.165960	3.697864	94.474212	31.563131	50.946507	4.576339	94.241670	57.780351	26.378554	2.545687	34.672474	66.277355	4.646443	12.714329	34.493185	24.503106	40.738736	9.634483	83.578807	3.824324	6.689605	42.714319	25.419620	86.486649	123.307273	14.730194	12.843857	4.710484	47.135806	83.782609	159.990331	32.972849	20.495041	120.510901	32.915663	2.388872	51.483337	11.492308	53.030714	19.993350	23.733148	11.784285	32.938328	9.673650	111.815833	29.806358	22.057149	11.408318	8.924243	64.605504	 
116.122675	83.130285	24.498348	59.450400	88.644668	25.648036	12.968329	2.754443	3.386704	23.580709	30.664797	10.422852	19.318364	16.249963	17.311841	2.252939	10.445719	8.508599	15.140589	72.026208	23.402345	24.607305	87.918484	30.389438	6.578882	5.696976	39.444208	48.090992	34.075736	56.627143	12.549269	26.329640	81.948614	15.594699	52.948106	28.118485	31.423068	0.262771	5.184766	8.416044	8.766448	7.205191	32.464626	17.230036	57.835553	108.014110	70.106043	4.117729	28.995018	74.167527	137.922543	18.035589	85.116464	9.359679	11.098396	70.177230	54.604008	37.684494	12.603169	22.628060	0.444509	26.945642	80.665066	1.289775	48.058277	 
26.351952	13.283728	141.020218	17.217683	94.617048	1.989382	18.364091	26.391441	0.556696	98.327083	25.767453	86.749660	41.392068	6.751447	7.203635	34.911809	3.398515	26.950390	31.760600	99.004613	21.962213	5.336366	29.220555	12.651717	22.747580	56.686074	21.895839	3.808617	27.569531	17.283894	33.132624	52.817536	77.468461	9.376780	8.287133	46.636211	48.436485	89.259014	41.452068	10.740736	24.692826	92.657853	1.421352	30.569459	20.194814	23.241902	72.984309	13.957145	99.332237	30.291402	80.137194	0.795851	8.049242	39.989102	4.463766	14.294500	46.508903	6.470582	63.848259	24.483803	34.245035	7.660901	53.625479	35.777192	8.153931	 
10.466459	50.608177	20.679702	57.186287	26.733829	34.550675	10.187966	8.371855	32.779721	22.075955	28.449702	33.064883	57.865068	5.547870	7.828268	31.989720	140.536524	45.290403	12.862688	18.328825	14.780285	75.969884	7.809519	234.525850	0.517651	2.785818	125.847271	44.374844	34.498587	25.400338	19.355225	20.205962	39.588201	27.261727	7.352168	1.883963	9.944919	124.844967	28.224305	24.478162	16.171067	46.847755	63.781949	6.898037	6.124312	42.371771	4.147986	14.840786	6.712877	32.739481	10.076924	186.070587	1.526468	18.963997	124.013035	43.812728	51.658176	2.103836	29.707734	112.553940	140.236812	82.236171	44.115322	1.233241	34.319873	 
72.093273	3.481831	29.311140	14.603401	15.637627	104.938621	19.398522	14.931493	22.737834	77.836329	82.265351	103.921089	4.674151	7.774644	9.307384	1.479926	22.030625	4.680258	14.435723	86.000530	39.736744	66.788086	11.893855	21.088157	82.273444	37.704021	20.635880	129.457634	58.036468	5.660492	36.272910	6.245418	108.158042	2.277367	28.570155	6.955986	21.901158	22.874601	65.720269	38.716739	34.496340	52.013388	0.419558	164.904414	78.223875	29.637068	211.731698	13.782062	3.985582	76.321227	72.282615	80.427068	20.545165	44.495881	36.939727	50.336430	6.021075	76.134729	95.135019	24.844969	42.375671	68.340779	2.079133	34.838574	8.427924	 
40.731368	5.475213	99.512392	9.088141	14.289902	47.844273	12.650475	59.621777	0.602082	115.744341	8.811005	15.786374	21.242182	29.483081	79.327565	35.140544	2.778888	41.425307	208.052111	32.113857	102.355272	24.337926	40.208182	114.619080	26.516422	6.969447	36.264857	13.434481	28.776183	40.481628	40.809887	42.094865	22.021705	15.076454	69.617459	95.711709	71.813150	34.276022	76.279816	13.826490	28.895488	39.077467	0.806364	29.866330	41.401493	26.702295	119.689384	124.927329	8.971921	38.546007	57.438172	29.076922	56.379159	40.048034	38.504439	23.603717	79.467720	29.113075	67.421833	88.635811	13.030949	38.002541	25.188028	21.457998	77.112595	 
15.056012	4.988910	67.770683	41.165753	26.081105	78.050089	37.205159	53.560474	30.292473	105.319844	83.348405	42.185326	8.078553	59.620592	13.588219	4.967611	122.809847	4.131279	10.147969	25.767972	9.198833	27.378289	19.261295	8.883221	9.025514	43.377212	50.305070	7.205639	18.354636	93.009343	28.008549	3.403523	4.625895	22.326350	27.722866	52.852272	11.719717	10.033185	67.708963	23.220025	43.146042	57.603414	43.918525	69.772296	89.514904	47.534785	27.188239	24.376161	115.212100	95.513052	12.640827	10.384655	36.230313	5.710557	69.622817	37.102629	4.253046	6.596815	80.409450	37.651713	71.142580	22.000342	61.066126	129.656944	20.344742	 
9.521901	74.812307	34.387119	23.480208	5.156720	103.897222	11.784547	26.253289	12.733331	14.287294	68.055330	41.243997	11.656822	68.524145	10.488992	94.071683	6.071203	22.161445	1.135239	8.357194	140.898437	64.511249	17.182137	1.600787	30.627741	9.799162	5.275578	43.278097	56.585203	7.252868	11.296296	155.590432	1.290768	60.844179	27.414835	1.972849	9.839228	3.159583	39.604126	17.475518	36.881481	7.887425	32.248737	113.780131	18.258049	13.546553	10.179099	17.944669	89.446037	22.591146	7.761348	62.967243	50.460595	26.768409	18.493675	79.801008	33.232933	40.780255	42.249804	106.369632	37.884428	31.693197	49.276775	41.888787	24.454502	 
38.223373	2.389790	18.431782	89.627022	96.542828	53.506421	20.091541	11.693346	143.070152	16.991805	20.253536	26.716398	24.288529	23.825684	21.443891	99.740554	30.110348	12.365884	84.934795	15.291815	16.298598	59.379113	195.604807	29.415925	22.927565	83.068031	28.416186	3.549360	90.074140	21.561049	9.001600	20.670679	50.861893	7.556352	22.711221	130.386040	18.361396	60.453315	32.039534	202.194136	72.054699	3.373847	32.931390	35.805054	25.415494	14.256646	14.110444	77.203521	15.514747	6.814419	11.638635	70.596757	39.196665	28.376786	52.080560	4.569824	26.772291	7.268449	2.261673	20.792524	3.680535	1.046044	61.161321	3.169245	12.683455	 
24.484195	11.221650	34.579580	100.837227	51.865089	52.820713	16.229989	13.327964	4.777155	13.272901	2.700030	67.465707	44.452068	46.755248	54.155556	6.815192	14.927015	95.022186	75.878459	75.363102	4.353401	19.464086	9.708110	29.761200	25.314903	45.955564	61.341516	31.246986	65.614164	156.789032	135.088268	64.110333	3.534450	28.239900	106.019689	2.576864	21.589950	15.545171	30.154219	89.960856	48.146887	106.982406	16.290053	27.256363	15.492241	26.632557	21.133986	5.834769	46.200617	51.682587	11.462585	29.068826	12.045342	5.277361	20.078200	5.241273	9.409755	13.229185	69.621718	8.379791	21.551571	138.788237	15.983050	85.096775	69.271372	 
3.765851	28.745123	110.980245	147.235695	5.040023	68.621891	13.350720	3.212005	23.580231	7.069370	16.054212	79.167008	126.949454	9.314027	8.253071	50.354960	74.648400	29.272113	18.966919	14.416169	175.178727	8.494247	67.609852	125.178655	25.245739	84.127948	5.681078	9.738272	4.172607	30.439252	89.326484	15.087017	36.890440	29.230163	18.133953	23.811709	53.632109	10.570396	90.212978	0.432630	33.517537	14.744017	76.794994	14.023718	32.476913	13.203901	28.797593	25.552759	20.019360	24.237953	11.911058	22.778707	41.520193	45.482914	9.512279	6.016130	17.897899	119.326774	16.866991	184.400537	27.903389	29.972346	18.075804	49.063271	34.811840	 
17.205953	3.113560	9.715932	88.251685	14.654119	47.293259	0.665337	10.685142	101.300576	66.469790	48.075775	8.713271	51.307824	6.111755	4.697612	5.183231	32.148337	6.973438	63.356363	11.406125	2.211757	17.017860	3.512185	44.191914	12.262558	7.618037	3.240465	49.533093	112.336135	40.302674	32.783033	62.936976	64.534719	102.480751	23.297366	1.482968	114.392773	39.369977	23.786398	66.575656	67.853545	25.837746	57.926950	47.221775	7.996125	0.793502	5.577545	9.940783	21.923660	67.148696	51.139135	15.682296	185.612157	70.486309	14.729189	77.538543	7.881033	8.983685	67.247226	52.123685	3.573919	7.188974	90.905141	18.194923	10.157799	 
74.383725	1.286696	9.344643	18.779078	37.103846	9.090534	80.177921	4.134735	96.617430	122.144565	6.261843	36.724011	22.145171	80.427418	191.066627	38.626780	4.496749	34.799109	2.644601	57.283144	2.337995	14.964492	19.407251	12.672587	89.377631	101.449078	40.127841	30.745901	91.824166	3.147306	19.581604	40.742267	41.843976	75.576273	52.809529	36.565226	12.745616	11.139821	103.198059	339.256389	3.132008	11.411524	74.268064	4.973429	60.713722	23.169242	5.869050	56.696159	46.578409	83.861564	38.141072	106.014038	41.707127	22.511709	60.248792	14.487717	66.476300	36.440372	15.627110	9.017368	18.512460	6.761616	16.348388	44.199021	33.423187	 
38.594776	73.270068	20.335289	81.058056	66.214384	40.431069	62.018997	34.280984	75.533271	34.755310	15.733917	4.294069	65.107683	81.730513	38.750957	20.701095	118.795528	72.258501	177.395542	78.599310	31.434366	46.782955	114.449649	53.149513	21.228218	43.892315	66.164456	43.411599	22.006459	16.208081	13.751965	48.850553	3.956632	15.975975	1.982125	29.298085	12.628129	29.321229	25.699098	55.507706	41.720764	8.610512	53.554590	57.095254	4.280661	39.963990	44.298144	85.193569	69.984094	18.265663	56.265381	4.910347	29.937607	16.828962	81.039931	91.193372	27.090921	38.354492	119.292346	15.339643	157.681545	92.953282	25.135737	7.230781	7.242602	 
21.445186	18.170604	87.203537	36.135316	9.501639	9.377131	7.764826	31.993476	30.607546	32.974320	27.115529	23.828745	16.305045	48.888942	21.666300	11.890222	52.996733	30.247218	26.141352	16.302465	4.294145	56.569392	36.319472	27.907976	87.191987	2.485079	5.475707	8.391128	80.382076	6.723905	45.108855	8.862529	9.389278	44.895102	6.691266	35.955912	58.516765	66.296953	1.733420	0.753242	47.535323	7.999652	27.134761	99.690960	32.217359	72.584706	24.257524	71.300489	10.029907	2.775215	61.320099	69.852300	1.130056	6.489889	15.179774	182.411228	1.658961	70.025890	35.199557	58.224554	3.397006	6.679566	12.581475	15.517677	96.729813	 
147.256228	7.473871	63.274000	28.607738	93.031056	23.337740	63.131523	64.187797	5.569722	54.977845	16.502285	59.938638	15.548358	9.055962	17.955196	94.851267	0.875998	35.458308	7.337548	57.018046	2.073782	7.603132	20.134669	11.572938	85.377313	18.111650	6.666993	44.414315	35.291037	91.371897	20.202341	109.605833	57.560894	47.070500	44.169465	21.397232	40.432150	22.748106	139.031307	80.720801	148.417795	3.822314	63.154573	56.150198	96.266774	33.247223	8.771872	16.349094	182.002445	4.528645	41.183323	103.356262	30.071803	26.927777	11.863176	0.952860	4.802352	9.076782	96.338333	10.855612	2.864489	23.011383	16.912810	79.737910	11.643756	 
16.113223	53.348421	22.810666	60.549844	20.797485	21.748564	5.662026	156.492813	36.419615	143.440557	28.674715	20.985597	229.771235	8.456027	28.741939	6.600890	52.564136	26.962126	2.149469	13.784897	21.013890	78.000417	55.478777	52.980411	9.985248	0.900535	73.161973	21.504942	37.127529	11.499674	10.492214	1.516608	20.767426	24.208082	18.743413	12.433867	32.415100	12.169423	199.891238	35.146027	21.243567	1.559010	42.202060	14.287511	15.265520	100.273048	49.104253	47.262876	26.559646	3.513928	10.064245	7.294911	3.590121	6.222200	34.019688	17.664447	6.453392	21.202282	42.044430	27.966946	1.483156	72.867059	24.265333	33.058440	6.654473	 
55.624199	12.709929	41.231586	71.684307	46.380632	7.690239	14.543023	59.170760	48.867569	18.374962	70.424592	19.102060	4.184537	15.892331	67.626102	74.586348	96.209895	39.203676	19.993148	107.533336	32.253412	37.794333	2.731716	1.353829	13.866770	71.713771	5.424385	68.604319	1.789905	88.198442	3.128996	12.097140	95.985536	5.452936	9.214932	34.834211	61.143399	69.752604	109.929203	11.248601	28.222416	14.977695	1.935309	17.103962	51.628976	1.959029	3.817954	57.692194	5.473044	24.478208	43.576025	12.046859	11.042376	14.948201	71.027535	52.542989	47.038030	39.349254	2.905670	6.260903	43.680946	24.915615	17.211786	12.118810	16.673531	 
136.753605	20.869172	32.379755	39.657459	9.465567	28.781848	11.481795	20.339305	35.458890	25.774750	18.738821	40.056529	8.596359	4.756651	7.179113	121.997385	10.330438	90.945066	37.673440	28.848858	6.850261	73.918544	185.527635	10.126158	109.427201	155.457730	25.972982	46.339845	20.205474	9.024457	57.296180	4.496739	92.773856	4.774639	24.727177	47.144245	6.847243	45.858813	23.911628	72.651872	62.656059	17.993985	102.927014	60.804366	137.037569	140.169960	14.388159	95.796270	12.155650	7.702337	13.594799	20.248080	24.517154	43.569825	36.563381	5.716024	94.155014	19.487686	70.898123	57.674762	24.331768	6.947221	47.602562	92.941087	43.829639	 
30.376956	25.416468	21.991269	9.326648	17.613836	7.056990	16.203694	33.264969	142.775070	63.644933	3.541642	34.938050	10.351873	47.359933	31.066187	3.093321	61.328137	53.882372	1.109931	31.354148	14.992809	60.219661	28.350467	105.411214	52.947904	32.853713	5.008375	81.611180	5.161005	92.469680	36.223816	61.554756	13.263427	17.160560	13.088258	23.702041	4.783115	9.531859	204.236273	44.008011	7.000391	4.897527	4.932695	3.634928	31.534286	90.550286	96.473130	16.205158	2.971043	29.593134	73.525309	68.156411	30.703174	15.284379	19.775237	55.598005	7.302112	20.848353	1.148659	4.620805	18.301026	73.968066	96.287991	36.747014	9.253581	 
42.074633	13.801743	3.343988	21.124895	5.216135	35.460379	37.041254	75.467276	2.289951	86.920236	2.315649	128.360536	18.554165	20.379132	20.037162	26.797060	42.877361	101.475711	17.076022	11.628591	46.883531	18.135363	11.170685	104.415620	12.478682	115.225346	16.902494	3.106200	59.460015	3.641459	34.312137	6.460220	20.489839	44.413679	157.562087	40.999092	5.470771	23.063247	10.754386	32.547936	48.356432	43.716914	27.657945	29.786174	47.557702	105.340567	127.742794	123.215784	42.270994	2.131502	68.781559	42.585085	30.143375	4.825398	23.574250	3.113037	66.610265	23.975659	8.572454	11.059653	104.153467	72.126010	43.878443	20.059975	40.651482	 
40.512079	19.525207	36.565624	18.626573	1.386083	1.654200	39.961574	14.136447	21.503096	34.730390	18.954526	6.257839	39.948676	3.820823	9.984332	68.200386	30.574197	36.288037	43.742086	82.134168	12.827086	8.802400	1.398497	29.367965	22.936778	0.367320	97.491361	22.749449	56.604735	49.875886	11.138206	3.470011	1.240312	8.745084	16.656363	66.854395	29.229363	113.117086	50.223720	4.232187	4.017016	8.934901	31.094783	38.255288	182.958031	122.438880	27.127644	30.321309	3.093434	31.202882	46.761941	7.242016	12.711996	42.616480	10.020743	19.491845	1.113059	45.152600	147.617713	4.530270	161.948152	17.142841	58.760014	60.341453	19.405476	 
96.177310	58.716719	37.417256	39.416351	93.866426	13.923652	22.636703	41.936660	70.284072	6.497980	24.890668	8.063086	4.916036	55.190201	14.040011	3.236504	23.867481	42.415607	26.870277	12.365088	36.364114	114.467446	22.670527	24.086222	28.411692	11.792835	122.010249	46.141129	86.212232	0.501749	28.036969	18.352036	82.510999	5.457449	9.566820	0.817266	15.678347	57.680759	22.486600	56.084304	68.282492	5.456117	47.498877	8.828262	62.742458	69.590115	52.061521	4.010832	45.502498	11.580376	21.409525	1.548192	2.969793	136.972128	51.354047	16.050904	19.555182	49.562965	30.463245	28.865238	106.922963	10.236077	26.622286	26.234353	51.258873	 
11.135901	3.592518	27.657296	96.608422	4.118708	1.162824	25.042775	27.860509	51.621946	1.911975	6.510922	3.366284	34.339236	16.232739	17.331557	52.921358	5.457779	19.226811	60.338450	12.924846	30.683717	24.987546	17.207765	47.391336	65.995576	28.425527	16.700167	15.190611	55.699739	4.361020	21.832603	57.452739	1.794172	92.733746	8.206172	82.295431	29.066848	106.295288	11.187969	29.725279	87.112182	19.099022	20.582549	44.216254	2.939504	16.673565	64.627745	3.023236	78.689923	70.194360	21.213672	1.536475	75.888466	1.268199	30.200942	32.654255	34.566313	3.480282	44.051801	50.907289	32.582951	3.440869	8.294198	77.666404	2.191256	 
98.328067	31.596553	30.000341	64.482241	54.131873	27.815655	15.172213	63.131438	9.902356	154.130448	76.749840	17.312181	10.164435	22.560602	30.874584	21.438172	74.369790	17.449445	15.624867	6.481234	8.675263	31.834874	76.867113	1.136212	3.405857	4.646694	1.682033	76.432478	56.810064	15.454849	98.378561	0.539490	140.230478	20.064211	75.410123	13.793918	51.590176	88.022953	58.798166	12.948765	4.973844	47.577948	93.541124	15.910716	16.981374	7.460257	52.468972	36.256893	113.298575	85.919196	7.248260	19.812410	63.187973	82.185769	17.216376	71.999807	82.827697	2.945180	15.647528	6.962818	8.864871	23.451038	19.276021	67.193643	8.452564	 
13.694827	33.196047	2.699659	60.824445	18.341631	49.651942	76.608256	78.820930	76.311714	72.761971	17.767318	37.576354	128.131694	26.850640	26.907685	11.524903	51.845504	12.527288	37.195594	4.470987	42.507111	61.186384	66.514543	6.479280	22.862183	8.592655	9.612725	3.731180	4.294920	32.750336	167.338446	27.894567	40.843323	74.296903	69.708679	18.096539	17.638315	74.302078	75.772711	46.049040	7.762321	12.774619	20.880392	29.394968	151.074103	143.963789	64.846725	7.115477	12.912828	39.046391	196.821519	122.255211	58.051452	79.805158	58.751039	8.477939	11.528164	42.705221	16.891680	5.984223	102.233806	16.122688	155.889894	19.557730	46.703069	 
85.021673	19.668804	2.239393	10.115777	45.039392	29.737695	8.632139	55.702615	56.279394	7.133863	37.024354	13.108422	21.179872	0.948828	4.854558	0.495602	13.174280	129.604361	67.891305	11.716518	0.970749	9.595558	40.828048	92.746352	22.524118	52.989973	71.762495	37.864012	10.221733	13.680313	38.246558	14.121365	3.372989	10.930593	53.485605	43.678005	128.687263	3.826575	7.113755	24.914770	13.885304	44.190556	6.530757	37.628373	17.197692	6.855594	8.438137	5.600468	24.352160	17.725762	15.795032	19.870074	18.356166	2.998396	55.412592	3.119988	31.096838	78.210313	5.965496	17.089172	16.493328	60.255228	43.914945	50.391710	196.049440	 
24.827454	19.137773	22.866340	140.226339	2.296545	41.344662	50.675436	180.582900	43.374453	166.697205	199.520860	112.956154	124.090871	29.467809	44.901107	42.057538	37.909280	0.918704	59.619632	0.757938	13.929376	1.551013	75.331191	26.870952	3.377493	43.668621	51.423400	0.586933	107.926112	43.538386	97.792853	15.050003	4.939709	52.719694	49.276254	39.372321	35.710296	0.733705	4.084273	17.584154	0.491474	4.279087	10.686709	26.327397	80.286628	53.523023	7.260022	25.196818	35.513949	22.686544	24.181388	18.507208	58.372065	76.119907	26.538550	67.966619	58.768636	84.958189	217.338820	25.180102	58.982986	98.416571	22.632074	41.013702	57.813274	 
61.029434	37.398359	11.956347	5.735377	53.803553	70.818099	26.152651	35.395649	33.331868	20.097711	83.707760	8.143054	39.524368	20.538712	84.685790	9.432217	23.331380	16.299368	9.859265	3.815009	2.526090	56.306547	42.228766	4.101286	35.641268	3.042250	16.531587	10.137632	45.151304	8.813721	14.965680	50.534779	35.101731	138.833719	29.021250	13.808546	0.630804	18.918353	2.276046	3.296247	1.568071	18.508910	13.612273	46.906150	2.018834	1.814848	41.504022	50.450853	31.334446	14.216014	81.953115	33.940922	43.403922	4.059360	6.547682	40.043877	117.251531	3.928079	13.235834	178.540849	80.853370	47.064389	47.081429	104.042541	5.310881	 
9.220922	32.709349	46.806707	11.583365	9.854937	11.814968	13.427078	0.363629	0.313967	102.866304	2.048589	16.427736	34.349522	134.600878	85.402706	8.363966	29.371033	21.219466	45.008319	16.049607	51.588029	44.196311	0.597673	52.841536	28.267992	10.230499	13.947889	9.430765	12.638811	18.697692	210.534139	12.137259	4.532795	94.022838	18.097455	2.970676	112.750575	128.427654	3.110382	31.868335	7.479098	16.182664	63.053227	7.333136	40.901378	67.667913	7.353613	11.059829	75.127228	20.415815	32.608537	1.736338	8.893900	33.032034	31.567998	77.235151	15.805369	10.604394	12.338312	26.530392	38.600579	105.542508	11.707567	54.680994	45.004543	 
0.598622	126.553464	15.002957	22.399115	53.510546	68.432896	94.851564	16.027117	7.599282	40.038209	4.389018	115.291326	27.952480	171.416558	3.980720	0.302496	28.276916	16.550430	48.017207	0.319240	176.859637	70.648783	44.598915	5.597857	23.876774	18.944330	10.459751	0.441335	49.717587	38.651568	17.291107	53.518676	49.777047	27.009728	37.020341	3.183469	13.136911	47.925919	17.923185	6.834200	15.525853	0.450385	23.173255	7.812300	52.982224	11.781350	11.122309	77.386521	32.981428	7.087712	42.957726	47.032388	23.700047	46.603044	68.627805	93.680367	28.911251	107.212579	45.451341	22.419681	125.182380	13.902201	111.003913	12.279708	80.753289	 
28.871639	63.851029	30.722588	33.023173	53.536483	30.010038	3.911986	3.200594	12.351643	0.368052	28.430258	55.040386	86.441295	65.950389	92.324112	72.969584	13.676502	70.540719	56.610534	89.870906	31.479861	19.457789	18.383814	14.629201	11.055765	82.193961	120.978982	51.839712	3.578246	71.238847	67.435215	41.845628	162.401551	55.313267	53.904801	12.266641	11.171102	45.968755	45.047155	12.634107	24.144505	26.702988	0.256556	31.792706	0.481509	32.340221	11.381850	20.553956	59.077628	1.132659	7.983697	2.907035	12.452765	115.860002	15.619494	3.484557	51.178266	30.349562	5.574432	76.774083	12.637545	29.166951	27.015165	8.317609	68.794926	 
20.290364	60.716577	6.901089	15.498129	39.849343	16.598881	9.401335	36.806603	48.390180	40.554890	17.490869	0.180707	17.208645	10.849833	242.176882	3.391250	11.894416	19.175737	17.974062	10.010307	5.345704	12.250751	8.480152	16.552197	15.720544	0.174577	23.705089	11.951788	22.846168	49.612244	184.061250	15.016542	23.350710	2.117054	37.193905	12.633425	2.419513	87.075259	64.115382	8.507973	16.252040	8.397353	40.181235	23.297838	32.386018	76.691323	52.788217	5.510392	7.582847	3.497384	50.482429	86.403346	35.498935	9.179235	26.782851	19.927180	7.151786	23.973796	3.776453	58.687166	79.215378	29.782123	4.645725	3.787633	13.228479	 
13.371376	14.170775	44.046969	0.381785	78.576333	4.200818	100.308582	10.188474	25.744124	34.261455	18.321155	11.740536	36.288730	21.907824	14.730876	1.170502	47.162280	36.831907	50.291460	49.734858	36.724837	137.925940	129.979410	32.394579	63.347394	94.199057	23.649301	20.948049	6.572856	5.662817	12.970081	29.688956	72.797766	25.448560	9.166881	15.925057	96.319460	22.183543	5.065533	96.332723	0.898117	1.341055	108.798601	56.509101	19.996586	27.913216	12.524265	239.730277	51.714990	52.909513	0.909188	29.657243	17.072750	105.149696	0.468268	39.344561	58.581408	28.729561	12.587789	38.685404	36.219447	20.190070	7.730937	5.575353	13.596282	 
40.972092	13.440554	50.256645	33.096099	9.613452	60.364528	4.770988	42.095057	39.075677	3.655014	16.113479	10.620591	1.134007	48.408630	22.837457	3.580281	8.550647	75.767430	46.244134	42.269543	13.545742	17.162488	49.328782	49.026977	73.782930	26.780802	18.303740	5.414451	5.223613	30.401221	87.839346	2.152086	5.556284	28.170075	17.108026	44.475264	29.983051	16.105325	24.213660	1.745260	7.174553	17.726389	53.166330	4.223947	67.953512	12.106094	78.605234	14.334930	28.875712	73.656269	52.850690	39.463831	60.457921	11.500125	64.729515	18.530178	23.620128	0.164154	42.173822	1.659625	87.929227	24.474451	78.852691	18.383541	33.353048	 
42.705449	32.174608	42.292542	27.740669	24.353824	5.202965	79.500753	8.896087	31.188558	16.304420	6.432359	12.034548	5.011172	50.024856	23.239887	32.158123	20.010612	5.088104	6.708459	99.599630	7.510404	193.988277	0.288625	33.503875	17.154212	2.405984	18.451978	14.999350	7.419623	11.536588	22.109358	120.289971	15.158311	8.788334	24.713357	94.644844	15.127928	54.344128	61.747390	37.158004	5.716907	167.829712	31.044897	17.974108	14.923808	6.813089	1.262285	11.656256	11.528756	27.716798	233.743174	36.313457	15.627839	43.255329	112.925480	171.388657	30.101243	31.111067	77.073538	19.232920	4.595132	126.043321	15.034125	59.598151	99.531113	 
17.541189	14.129328	124.897760	5.594229	150.116302	54.120378	1.595625	7.311570	2.113800	17.744111	20.031328	43.768787	36.165085	35.443970	85.486404	20.904743	11.278278	21.705485	27.039249	20.005542	52.229949	42.385373	92.114605	29.879015	41.705282	8.988007	110.836627	16.877120	91.962058	21.363340	33.718688	110.540155	7.437184	34.304947	22.379948	20.972736	96.421898	7.692316	67.131325	158.296363	113.429375	7.028410	80.271076	31.851129	43.999694	23.295589	4.766690	5.272455	5.806075	0.557753	11.887568	8.610233	4.498150	15.641380	42.169450	77.953304	25.006838	23.615327	43.573961	33.246326	6.956508	7.588638	44.857420	3.416153	4.320796	 
36.991036	59.293718	3.025843	31.340290	54.646558	32.968291	75.119876	7.144653	5.662633	8.787425	25.062875	10.066784	33.701852	12.951676	38.081109	16.991185	86.251771	1.516405	53.628985	17.823922	97.483906	62.725647	53.491694	31.455075	7.157488	15.820184	6.301490	2.276149	24.510831	37.628797	22.203805	53.236410	3.112317	118.023101	68.492368	28.794047	56.490382	8.618517	25.485258	8.277790	31.790350	115.510132	9.637832	6.393458	22.156925	27.138529	10.533222	277.709016	10.515305	5.717284	62.884247	30.924923	72.008263	5.627410	76.163897	1.582237	14.980854	43.517245	17.543762	47.191389	39.754207	3.450966	26.881549	28.988824	64.654970	 
27.886765	25.529547	76.222930	1.775249	45.417829	7.569625	95.665073	80.283558	26.422228	24.349661	72.264287	11.062914	20.607571	5.479931	17.320918	29.590878	62.321314	13.632312	3.450524	71.294368	30.985965	64.672781	24.493958	16.240433	21.413805	25.326554	115.153573	52.825666	17.529095	198.954809	14.234483	27.422802	15.892083	49.920915	20.367065	103.234582	9.872927	3.981480	58.168561	199.216469	107.902043	69.663056	1.980711	105.313564	2.571769	5.369801	27.980372	21.135546	7.373814	7.458495	66.538795	36.039926	166.253333	10.334942	22.889360	30.634680	26.771829	13.036769	58.220111	10.194784	7.636899	22.243103	98.775487	68.971808	34.942810	 
33.337989	83.315769	40.768879	7.261642	2.374106	53.218064	28.671407	23.817152	99.492599	45.887216	20.399778	92.267065	25.327543	26.261611	19.636316	105.924561	125.095483	19.430196	6.265935	22.247012	3.035894	122.025698	27.258130	161.310542	5.916086	27.247468	24.805526	11.184637	39.573950	4.722220	56.376968	14.284963	22.664310	60.561989	63.976060	86.730319	38.282706	30.794274	34.144078	36.927224	5.514713	21.862920	15.697897	76.317266	51.779522	37.203170	17.776802	1.103234	20.475560	8.056903	0.353262	78.238980	68.108914	5.112131	66.289829	26.333193	22.852702	3.863860	122.406673	11.559586	154.179024	75.282267	71.815071	19.140380	11.954650	 
32.538181	27.256544	66.306545	21.409602	25.084074	39.671552	28.365432	3.827284	1.896843	28.152105	7.510252	5.983389	52.399634	29.491954	31.819201	23.313298	36.008061	45.183868	15.614851	35.299083	60.792626	144.945677	8.431349	45.128540	22.198125	87.869401	4.243796	0.543477	115.706362	11.867757	6.172709	16.829170	121.666163	78.722130	17.345525	19.381434	46.065818	25.667093	74.598260	25.561396	115.575264	14.272727	15.020623	17.371944	23.797704	19.464893	5.947875	145.046100	37.279161	167.981663	33.588892	6.001418	0.310477	46.317724	53.268003	32.702048	48.521690	44.406929	5.075665	2.815949	132.846056	56.548333	11.873331	45.142398	12.594295	 
68.885065	132.642351	3.195566	19.620166	46.172573	19.269449	58.589388	63.650356	37.621627	6.369533	64.767909	65.820590	17.633007	79.969099	18.378226	16.671297	61.001907	87.143992	161.204909	11.482410	47.311746	54.188213	68.669421	6.492883	23.384266	42.646551	61.629003	26.498939	4.449755	45.862711	10.784971	52.367551	10.995458	107.140079	47.014091	12.586016	66.082770	30.758901	78.556351	2.390143	57.028131	4.857759	22.742074	16.028371	11.532882	37.486733	17.403984	10.795587	22.713132	1.899655	90.927956	3.009388	0.905434	163.744413	46.837551	67.991396	60.533833	128.014671	16.754849	3.932431	58.056143	113.770425	40.599653	68.660331	70.177737	 
49.504993	3.300756	22.066888	26.458468	13.266456	29.980020	30.648161	52.165176	12.861191	0.968941	30.279039	18.777422	67.615747	52.170911	17.502155	35.006088	41.364566	6.038466	16.021928	113.477547	52.889627	49.146244	129.390006	150.442963	3.716582	63.557330	3.123693	16.466855	6.543029	70.842684	3.091098	2.092932	127.267209	115.680510	47.411301	85.287557	4.957692	40.938904	38.522317	12.311282	91.313611	32.395833	81.965173	17.022268	25.922039	64.454415	71.579731	3.645621	95.040121	63.338680	3.056370	18.494159	44.548247	25.536000	48.315872	7.528006	26.232986	43.282757	63.539709	51.377510	17.657697	78.905566	36.750888	34.288388	64.106124	 
50.059091	13.249979	3.474516	77.580105	50.848175	29.190822	56.846957	60.391557	12.688425	0.508840	36.013380	44.703793	38.946774	69.946005	112.115829	9.116917	4.558530	26.772857	202.835782	2.129463	18.676025	52.995770	19.576735	55.133190	5.431116	4.868824	7.879034	24.453461	26.656479	35.633888	35.577075	80.519512	50.035175	87.305096	21.214220	14.073660	17.117902	84.787304	14.533541	5.051578	64.807048	10.151757	2.721203	123.091539	9.358714	45.492500	9.623342	45.170842	31.248691	46.628445	3.476829	52.511804	6.015563	13.873785	2.309929	17.674627	16.344180	148.584305	36.240564	2.640505	31.934526	12.558882	3.137339	14.500629	182.588028	 
5.779805	54.302297	25.482601	4.824504	11.524949	60.703740	11.842940	22.971998	15.166371	3.476470	1.586038	4.311262	82.996664	14.469004	50.070621	57.819849	8.084832	69.483005	49.259568	13.409816	102.528297	107.981479	45.679290	4.387517	8.308799	82.668758	82.243350	2.817560	24.999126	26.582731	13.655025	15.442715	9.443948	23.699944	109.175135	113.153593	3.360504	32.358737	65.413537	0.353419	3.970845	53.639225	13.967310	20.646753	82.732623	87.087858	39.588236	29.641330	112.773332	104.968598	8.525894	14.988553	9.168652	0.866538	7.752251	5.693742	12.054987	105.305024	8.899630	33.193978	44.360053	3.170903	8.874644	79.587200	8.187573	 
114.993002	33.136816	12.154156	11.251457	1.149091	20.431606	39.926531	58.389197	17.117766	16.949725	9.626165	37.839280	46.471950	4.263478	119.103038	23.935190	26.207179	95.895979	4.434265	67.861676	14.730329	17.356553	71.375498	63.491550	115.919513	38.501265	22.350569	76.870490	16.349133	10.454231	1.517182	30.857703	37.418036	50.662994	65.312749	78.996708	26.215615	71.261858	26.865666	29.668426	41.075030	75.075506	31.378429	61.476973	32.762393	5.054800	12.014665	80.323192	10.414446	21.400991	26.473934	75.020341	22.619898	3.431870	10.229829	91.478692	2.642087	35.222223	11.756444	15.701072	2.595545	5.088582	14.742563	39.549088	23.699356	 
24.550602	40.980521	63.370742	20.606997	39.436270	21.027013	41.633082	49.682078	37.120949	75.001703	100.883088	32.031994	16.600456	88.920198	3.920386	1.807968	6.492772	61.389785	9.932419	14.730634	91.954431	104.008453	33.377872	44.714775	143.566242	63.714593	131.316201	54.636871	28.381472	26.381614	41.407127	67.939679	2.365348	61.974478	43.338079	18.196319	12.883513	14.480980	81.212119	9.127107	1.266341	7.179560	6.054267	39.728229	63.325456	13.866127	24.317146	39.348432	15.674668	17.054056	11.334128	56.717052	11.681202	4.565769	131.501703	55.365892	45.291077	5.044183	19.226490	101.692813	60.723329	14.450826	25.896139	65.419616	175.962001	 
32.035836	32.584299	56.523866	62.996214	29.473946	5.377029	105.994520	6.073874	53.563322	6.595308	29.907646	7.686554	105.182116	49.007844	28.822055	58.118362	41.356822	51.693077	32.301814	114.941316	10.146861	79.179062	79.405108	7.031791	33.324195	110.428056	6.608786	19.118254	4.113834	4.582008	18.697159	15.652381	14.399161	9.609376	6.821146	39.756235	4.108753	1.078199	9.841382	61.303977	22.307029	40.631711	54.519310	38.043126	2.652028	117.331575	6.952775	40.695665	2.573434	18.497429	6.534314	145.743077	13.100286	73.460471	8.096111	15.881449	100.210011	6.512811	13.722395	28.573150	129.735836	96.154399	14.678268	67.769560	58.078423	 
14.212382	67.553037	18.438016	27.769372	85.284069	30.900177	75.089539	3.938389	59.743177	72.474798	5.259671	10.907132	0.461314	6.226871	1.788056	102.766254	16.907197	16.335831	29.768565	25.810349	25.569971	52.648306	30.295326	29.864904	86.510277	35.864543	8.256654	3.571126	30.396053	46.422760	0.770434	14.679823	6.442772	38.891494	32.214026	70.688163	1.978058	5.251561	7.480662	55.361240	42.643122	111.655855	54.950703	64.764332	61.816678	0.535061	51.907595	17.526438	65.201036	44.545157	52.657730	85.066367	30.022290	3.543528	68.973334	4.098737	7.053909	59.083466	23.997894	0.134607	29.692739	38.607007	17.246128	51.612333	163.555758	 
153.949710	44.308027	13.665673	27.090478	15.776784	64.428085	9.422326	30.045613	69.674737	55.969668	7.138054	24.407698	9.164413	7.626825	31.730824	72.393354	5.351697	8.860884	0.736592	44.151600	97.827072	30.481062	12.528849	65.664153	16.899549	14.537943	16.191114	5.309106	39.065760	19.306878	277.348137	22.345635	47.881257	47.317206	6.059765	99.085093	18.367297	3.324938	1.377206	23.472857	11.809807	15.559859	16.654003	9.906520	30.514278	30.100726	28.198602	153.434032	143.525100	8.695258	192.467779	55.699550	177.489009	1.460299	6.506361	18.471067	12.812311	20.167132	47.017189	25.017072	2.355487	35.356214	7.407703	6.326784	7.624575	 
88.336080	48.368229	20.881952	11.283486	24.385471	4.505112	6.529389	78.058192	9.233577	8.072136	62.652767	10.357203	78.104419	22.968193	35.565578	69.914268	29.455677	31.621398	3.955759	53.635030	95.406954	67.156065	2.477919	8.603272	40.106490	1.769214	19.207193	44.527475	38.070370	31.425300	29.272563	48.008220	61.083349	17.869621	90.336953	8.225845	14.484425	0.690484	0.830704	41.297760	25.943021	20.839271	54.223949	7.554376	65.043093	7.143075	61.039908	3.539247	22.786969	21.692417	8.511522	29.007522	13.656499	0.749598	29.453057	6.754688	38.051944	9.772579	34.666332	8.971639	43.393662	4.610692	39.525142	91.142102	36.708540	 
29.265801	24.874752	49.807067	51.676478	69.304351	55.194392	9.360480	104.267735	0.697418	38.254646	13.523215	235.183381	15.174123	6.812923	30.909775	68.461869	8.881100	14.612765	6.569009	12.503049	53.490919	13.065860	121.041200	11.187353	28.436828	21.891414	40.376301	6.208266	7.902379	19.458788	22.768372	13.770715	9.076313	92.126846	97.341186	45.552508	18.340432	5.577677	66.293718	38.668232	1.645586	42.382226	5.165354	0.724366	46.495130	8.960883	13.447340	27.945655	68.500315	14.152869	69.444691	29.426079	33.086930	7.728653	10.860836	112.960038	47.045615	229.012407	36.735773	59.601616	39.615317	76.541498	1.307171	43.175411	17.918958	 
83.612299	31.855064	171.509095	21.106632	6.415944	47.159307	20.072408	14.205640	60.290487	41.492585	48.818310	5.889362	65.765873	20.671159	26.038307	1.566462	32.426879	44.108333	22.754148	90.521271	13.576562	4.311818	53.724345	19.223117	179.515777	11.212018	53.197274	2.666625	47.996415	54.850005	11.837727	10.209149	49.334947	12.627752	21.531379	43.488045	106.669512	107.137465	65.644540	15.140642	38.232394	8.386648	20.771538	32.821321	145.129716	134.782081	12.187995	10.003963	66.462359	36.449464	30.410990	12.274792	18.432343	59.649037	19.761036	6.483072	34.318943	48.293041	24.479604	7.837974	15.845465	149.734709	59.778480	10.927073	24.834456	 
68.015934	91.954812	48.703566	25.384249	65.279000	0.537858	34.970324	3.771419	2.266092	29.975021	131.560164	183.781094	74.915660	33.265568	59.648430	11.653830	97.973971	49.324413	19.757677	7.578622	1.888510	26.858192	109.809140	8.258334	83.814611	39.584703	8.893912	19.588039	17.165684	22.513839	4.240563	17.463715	36.683630	56.071954	2.504394	21.331691	7.797688	34.643948	118.885172	21.589670	6.594580	47.328328	39.995935	147.883802	49.898363	84.348288	4.382220	11.554332	106.557238	51.874463	15.664293	4.168959	8.625385	21.147770	9.739955	6.006353	50.212527	19.884350	73.531159	17.351363	191.296268	32.199680	27.780095	125.081835	8.863599	