64
0.000000	26.336143	11.691774	5.364500	28.104694	17.821755	31.362681	47.785343	57.746204	1.174220	42.554217	118.671961	9.408192	34.099477	36.831512	5.336786	84.611658	14.297054	2.119676	145.816565	78.035059	15.233917	93.993498	8.281359	34.100570	24.159707	18.590143	32.903528	40.753537	35.121851	52.601269	85.603201	42.806247	88.136406	29.017727	14.074720	29.722758	3.456611	48.211244	9.277249	85.199004	16.014380	6.031691	7.138447	8.957630	0.436172	24.377081	37.718824	12.472836	9.884164	5.608772	25.623997	37.204158	31.695399	13.534839	69.735260	28.346322	24.723450	9.271899	74.207813	22.366422	5.595689	43.452059	3.818765	28.350644	 
25.903307	3.179979	39.916310	122.329245	68.945437	11.212094	13.577821	11.657771	11.888113	7.606825	0.862859	50.677716	42.723768	297.118038	42.883143	17.051036	40.561517	91.177009	25.202561	40.267955	15.163589	32.622614	87.343626	95.304759	2.903240	19.117189	1.247155	32.556415	33.348689	122.803144	33.586588	8.886259	3.165062	2.730486	93.904178	2.010085	107.443432	39.971259	0.579866	27.228642	38.100645	45.367484	11.085575	68.441511	55.565751	4.200027	35.835247	72.255362	34.360624	61.082399	5.151932	63.432361	16.426140	10.268008	59.670367	21.999038	100.676551	13.005119	1.452252	42.841598	34.185005	3.321465	22.619467	137.112238	40.591295	 
48.835087	10.448291	4.145358	101.764954	31.743949	34.375028	52.756303	42.035238	2.393348	14.457555	51.758927	28.608982	11.863482	4.406796	2.448336	12.903492	2.696687	70.230199	17.521988	7.020827	43.177601	2.071066	4.368351	21.382769	33.976656	78.755462	16.262001	83.947126	30.554447	3.264428	24.874518	57.843943	32.076547	17.236023	45.333768	12.734443	107.500265	19.692432	2.215101	97.612275	15.257097	46.146210	4.340561	13.398669	1.514376	71.677515	23.497189	76.780758	39.948440	60.636682	9.794146	19.069329	69.298073	32.520101	26.670787	4.360318	45.787408	58.110390	21.787336	0.188946	11.941351	92.696032	48.834812	87.311985	12.600439	 
25.473592	90.160490	26.624062	3.126401	44.273715	31.785108	59.641680	12.888948	30.454415	109.010527	4.244394	18.844082	14.168121	169.400650	155.566119	13.932507	5.933285	58.859500	10.140462	182.786121	30.542454	2.018156	27.143688	3.546472	18.498775	30.160652	1.982648	47.826860	108.346720	39.230476	53.646508	58.573157	2.657005	51.704158	4.206785	21.166575	44.802488	30.254796	44.351934	22.828834	55.382611	34.513129	24.398002	142.573709	46.076719	8.871967	29.475543	52.380231	57.743469	35.709329	19.157303	31.007369	12.708300	55.617602	2.474026	28.420636	29.346819	243.353760	19.355972	46.054801	24.846667	4.875851	48.697717	67.021870	11.372202	 
30.426587	21.435697	14.753905	2.174636	1.108882	93.770644	15.422783	57.418474	65.530489	13.378172	0.306917	2.170013	23.450290	7.063131	44.360389	67.613392	38.610338	81.132902	33.170223	1.534451	13.394170	27.853287	21.042758	4.884469	49.853514	4.584137	31.453637	2.158253	77.921551	27.942273	107.322142	58.594550	11.799679	88.414605	166.937478	0.464432	41.415587	132.720082	35.136115	76.809042	70.955032	110.906273	23.458609	55.884833	24.883748	79.655242	0.800996	18.817504	21.554224	25.549055	90.423146	41.277583	97.502629	2.290196	34.858204	44.982025	145.476095	24.009366	8.325778	60.584354	5.147575	21.960077	87.823582	16.579649	15.721555	 
7.116404	20.657995	80.525797	39.580840	30.374028	8.192787	7.680848	53.954097	3.774268	49.299252	31.955329	22.348425	45.118492	6.946358	42.568812	3.760555	28.067552	65.786185	11.015631	25.568393	56.859160	33.968508	0.812732	20.716783	64.052199	2.554974	22.907829	97.962165	2.745238	23.603664	61.154791	16.115356	11.182910	53.763230	21.484997	28.321303	180.137979	2.349901	21.720128	21.043837	26.066924	11.404888	6.006000	34.165376	18.409625	66.277265	21.211860	18.941302	89.269772	23.845624	30.213018	151.140858	11.850793	18.331107	20.724904	31.915062	7.464577	44.787955	55.848733	63.863120	1.500772	21.097276	115.772436	43.563011	66.487394	 
3.024809	30.758842	33.455601	14.257472	4.375314	8.740011	9.279911	15.107825	31.513879	12.744225	67.169269	2.960115	75.260094	73.673441	94.682223	17.447098	60.884137	0.066263	42.201671	18.009143	4.253332	15.762690	22.274624	6.021525	0.879072	32.424415	87.849584	50.821617	12.314908	1.409362	6.389810	29.926512	9.623739	21.791494	29.057031	57.474389	3.852920	163.735804	12.105755	6.213921	69.626649	45.297977	50.504140	18.587188	16.873854	139.869775	73.826145	29.649854	59.338389	49.859026	29.137538	0.860759	123.511212	35.881546	6.808421	16.697815	26.603846	18.783846	30.898432	3.635805	29.090602	35.003155	10.191070	6.380240	41.383313	 
37.922423	35.903445	69.339440	6.250080	68.657089	35.780836	11.459047	26.803522	12.446622	1.782978	35.155586	21.893667	241.452289	6.118727	9.234175	149.288167	7.320436	28.888641	42.067100	5.657618	30.600259	82.452827	27.544166	86.104227	36.964949	46.896852	8.060060	1.075902	2.011595	47.981490	45.736228	11.577543	48.673346	70.827144	20.144163	41.489350	21.456697	54.885227	31.729951	7.867976	16.849064	0.673221	81.363342	55.207316	253.811723	23.869552	54.429564	19.340539	25.473771	63.923426	54.815645	18.701155	48.664489	54.357196	30.771886	139.603414	6.053484	98.262219	173.392392	34.353702	4.006967	74.163094	36.951007	44.196637	15.298501	 
17.961872	7.577349	54.796104	19.865375	45.549082	2.087957	21.364773	11.458334	15.039320	15.657437	19.569868	1.623908	8.746248	64.204904	7.056839	19.182300	21.868029	39.122907	7.740281	1.401236	66.874319	36.112357	40.274861	0.499145	86.867337	63.408134	62.299607	2.446693	4.420335	9.304845	203.974963	31.653937	15.066779	26.481968	86.214823	10.221846	50.196421	46.232776	11.034299	21.805497	29.019940	7.327106	133.483279	65.012127	40.489094	52.670621	28.506841	35.157117	7.996011	33.140756	55.100848	5.456307	99.429425	41.682412	15.209104	97.347363	192.707674	0.665486	15.722794	89.619203	9.527794	52.962938	7.607656	55.503006	44.909605	 
11.327769	43.735466	22.616463	26.879123	58.897244	134.165466	21.072439	61.824370	6.555676	11.545497	123.265385	63.591511	3.375689	37.501756	48.784310	16.021609	56.649236	27.606178	49.865208	3.754201	60.277582	5.926926	138.004355	49.237374	5.985638	31.125191	13.353917	38.531737	239.375024	38.246183	40.089952	19.828078	4.347096	10.247404	97.958997	34.349972	20.243314	110.768977	52.248930	47.133144	7.004486	94.859230	23.236087	80.901089	90.360363	15.915093	81.606194	5.425415	68.868123	51.858429	12.218333	0.853134	3.884401	31.235729	18.326896	4.110348	44.496296	37.978179	149.767446	88.587086	7.560757	105.314384	68.295703	16.001934	32.024942	 
126.079805	6.950646	21.777174	50.445717	15.564154	20.648501	22.929933	9.582609	19.149457	69.210446	10.128124	64.671087	91.391827	14.489633	1.625997	130.034166	29.436039	25.557627	3.021579	1.212403	22.707762	25.102360	12.527806	81.202051	28.074564	93.074018	12.368000	88.222913	69.415144	77.391414	20.771640	21.777881	16.337311	7.330339	31.863988	32.785005	8.163224	81.650378	5.850381	32.638591	30.702603	125.696918	22.430179	18.958273	22.530217	51.996489	22.026548	7.130240	37.078950	11.961613	34.744395	0.181387	25.274896	24.048470	18.611199	19.919072	3.432904	9.865238	60.860693	79.771219	109.436245	20.113772	6.312983	2.589883	9.942344	 
3.517995	14.070112	26.861146	29.331614	16.342113	64.016827	26.948896	37.641317	78.682165	2.128172	2.345791	9.705740	15.019595	1.991584	40.775383	10.475972	28.751754	35.646142	64.324869	39.129977	10.333124	120.088501	28.725225	17.472796	38.832840	24.801247	26.449875	39.688187	25.694428	0.338208	42.828657	10.912992	53.631679	52.781292	82.873829	43.153230	13.424752	147.410797	43.121524	54.051646	6.312740	64.654874	38.898910	44.172995	1.555932	24.750102	52.463961	41.566186	132.065183	127.255612	1.979003	40.624282	10.445674	40.736399	42.625219	14.310902	3.372767	1.071810	22.143184	251.227849	43.282226	33.898429	23.610534	18.681416	94.299229	 
35.919431	26.592712	4.855850	79.068679	51.285716	19.220091	27.525276	12.032007	17.571963	172.333420	40.142724	83.739125	6.099304	173.086077	12.667267	1.636699	24.249756	27.213113	31.474988	2.869458	10.128772	39.109778	29.260009	18.193418	260.190146	52.193580	13.236537	20.671296	71.902559	26.653169	89.763354	30.481750	23.651813	0.774508	8.663597	51.960306	31.025081	120.063934	53.259404	98.444298	5.712747	20.013382	110.057419	15.418227	109.839576	41.706321	153.847300	41.883012	115.084494	27.589032	1.316098	1.176925	38.546217	3.332972	18.223699	67.871637	8.679826	62.091833	7.447729	47.742438	13.935795	60.427904	11.075035	58.753871	14.257992	 
66.139534	136.006510	10.231483	143.332539	17.401250	2.804799	92.769674	7.158985	11.467679	52.658336	65.479095	8.491629	76.828171	1.104686	132.961059	14.323823	20.591982	152.433622	95.424417	10.697274	46.164023	47.895705	33.044602	61.304741	27.082665	9.541374	39.707245	24.443881	17.163549	52.801620	9.458124	41.096731	171.703284	0.927471	9.035037	151.911332	34.249216	88.428252	35.674194	23.197202	13.682396	54.866538	132.097151	9.240946	68.295588	70.753705	45.248214	112.807545	7.180875	12.213552	3.037868	3.668779	6.587755	43.244386	16.847811	104.501504	80.690190	7.858293	27.788983	21.672941	54.562639	13.235306	52.655158	31.369524	40.210903	 
24.645496	65.619087	22.560801	58.072562	32.017376	39.986154	36.798382	182.705112	40.648612	23.612317	130.515109	7.037235	110.166739	54.495753	3.222250	77.361900	2.171411	23.212833	30.322180	15.910766	6.804346	22.990650	83.915392	56.480216	10.596631	31.900122	27.545303	61.801253	100.918439	55.795861	61.529327	35.415334	8.216706	14.495255	45.594938	71.306679	64.272219	2.003576	31.446843	10.482690	32.101377	30.182228	84.413855	41.589360	24.800104	24.971375	2.352572	47.095424	54.715671	38.365938	5.168855	10.783351	2.221377	9.989461	24.281384	41.991615	85.619305	71.720782	14.725688	24.163861	28.738687	38.593338	47.536701	25.402786	1.583758	 
12.067753	39.527831	6.112776	61.706192	16.104826	1.352497	50.290389	85.641219	66.493697	12.810127	5.942062	56.054764	0.650919	3.635355	65.441101	0.509473	24.918454	65.491625	24.075919	59.606057	1.276602	162.842217	50.962277	0.208383	24.588175	32.457248	25.283612	17.500304	27.824476	37.934016	12.797383	27.495018	3.139285	0.813034	53.687381	63.274588	42.410318	26.537279	84.596509	20.165656	25.784336	13.582620	32.884107	0.259590	8.234882	6.157598	26.352603	25.926874	77.843554	82.140735	5.165235	144.740230	35.604508	29.780622	20.493486	44.383510	1.145708	2.479595	11.343015	13.242462	5.321505	67.481642	3.737146	6.500593	9.798802	 
0.878584	34.977937	210.897726	26.129846	16.059434	176.636523	5.016937	45.397958	36.290196	63.040865	31.872241	90.429639	48.368044	22.481603	9.534149	116.678198	6.529605	80.918677	59.283737	155.096594	152.135507	7.524683	101.767383	28.635255	12.542091	23.169277	3.939422	4.142834	70.998179	35.022367	50.670937	119.670404	69.535409	120.213957	6.998839	67.145616	19.604510	13.539048	21.646078	14.851014	186.102842	6.208437	27.939745	5.606775	32.761929	12.934599	61.817428	20.066331	8.764579	17.790615	5.213884	45.214682	3.891618	20.131653	36.924586	2.440841	16.643325	56.148723	14.008271	70.991910	66.084018	39.426182	135.448130	19.803333	14.581156	 
8.349149	41.146421	62.064925	57.444618	1.771626	0.283490	12.637399	132.808796	8.238453	1.492847	0.152355	4.465186	17.350924	77.042731	26.125725	4.654250	76.207256	29.980496	23.087017	11.649418	12.518690	6.234491	22.044107	19.667486	55.894691	133.985451	62.835817	2.078570	44.120024	76.821756	2.865671	5.261199	28.459426	40.512549	43.426414	37.207634	12.325250	58.304711	52.155225	10.904015	71.831385	34.885932	1.151118	36.771367	8.081233	5.383281	153.222784	12.748757	13.491911	1.357001	13.504512	20.368547	6.984385	20.260220	166.656392	46.135188	42.419897	49.828113	117.626820	19.629448	4.492806	40.842553	41.164553	20.875060	0.592875	 
1.135383	8.942298	14.263438	11.053996	85.033390	91.792264	14.584552	16.087694	44.793245	48.025176	3.254336	75.637396	102.587231	14.900013	6.966436	42.658436	22.481788	6.624652	1.693665	117.205170	58.177010	111.464327	2.651628	15.903516	56.120789	62.214120	49.217568	35.481405	41.072557	31.347224	74.374368	30.869300	61.163607	21.271298	64.036270	36.240569	19.258619	24.493607	82.199713	10.288862	15.920898	11.210057	38.430293	59.947519	15.380001	4.837286	4.645149	98.724656	115.183230	16.654806	51.844315	74.286310	1.209658	61.604742	2.076528	25.841324	41.870175	12.571193	39.292855	61.322125	7.350153	19.370602	53.508209	14.290061	13.131485	 
3.983195	11.352134	85.610519	1.332764	6.995020	56.450757	23.443699	31.191775	6.697289	76.742113	10.258897	32.090669	84.196146	0.151296	35.884876	3.124363	33.101091	62.232611	53.653106	1.025775	53.307309	24.321175	3.329804	122.054432	31.973048	3.129683	48.370663	51.500374	46.996976	11.927741	7.228190	0.367329	4.712607	20.534660	40.233759	14.737496	28.760558	40.893401	9.627795	41.074034	62.899217	48.500470	17.420577	31.990552	15.468312	0.470704	74.560804	47.456450	86.722010	100.310633	125.023971	44.639283	1.675393	35.463712	134.423366	49.854631	25.050114	116.359298	55.879060	13.789758	95.394923	44.806163	27.717735	44.344895	68.565350	 
15.217288	42.421216	56.915673	13.352646	31.843658	65.548169	47.928950	18.830397	10.840868	14.040393	2.203146	12.886393	3.162124	31.246998	110.755905	14.758720	73.438819	119.320043	31.553202	11.962856	5.722957	3.880429	8.518579	74.017599	9.582647	0.823389	87.133189	80.593563	26.360082	1.383198	116.884682	33.673973	9.247878	4.186225	0.295567	61.209455	34.731826	44.171009	6.580999	4.636036	129.511862	11.600768	101.500897	9.125744	103.289317	33.187513	5.140644	15.261294	12.960988	23.744299	95.959918	12.542529	27.309253	3.681374	62.664455	127.280551	29.428456	38.456161	48.447006	23.180791	58.825376	12.584531	26.841545	18.997431	46.639797	 
192.426714	10.886261	22.954408	37.154944	18.900987	12.921627	13.968108	83.936492	36.174597	29.770664	1.273637	54.578022	10.838988	23.038295	1.153188	21.578848	59.480143	10.997201	49.128027	47.083350	15.837132	10.590852	106.948385	15.065978	13.242839	64.000801	0.830549	16.699689	24.333414	2.926247	45.581092	59.823818	11.531124	2.916694	89.267754	148.466051	15.181972	2.672207	33.904483	88.539671	43.126945	3.820517	89.691638	47.761739	83.297763	32.574946	24.607445	26.174335	135.569775	14.043196	8.881353	6.338673	34.707261	8.387798	12.388544	48.230456	22.501891	6.563048	52.558625	14.790413	21.884552	111.842106	16.434600	106.937729	108.366916	 
50.646956	23.315527	26.663241	8.850444	126.272043	21.676756	21.344580	55.174879	9.889192	13.849888	16.514132	11.741365	15.246551	3.092810	7.545250	26.783219	15.639199	6.432965	100.871053	11.307093	22.079528	5.981357	25.260403	9.594433	5.488083	2.074457	128.698348	15.141918	15.508206	56.956305	63.323538	4.041987	89.011967	13.892777	18.350947	25.310324	99.348343	11.402797	5.482403	42.268893	17.466826	0.482986	5.573514	12.539302	6.063444	3.744759	32.416443	15.587285	14.450437	0.612259	38.275308	34.327426	55.209101	48.250853	135.690108	11.924677	79.802103	85.843166	4.669167	10.279544	2.046530	13.028524	10.324174	12.820632	7.541000	 
44.995245	40.972499	8.009903	39.533824	46.119924	63.834385	198.382348	37.809883	68.374202	58.939107	3.786017	79.484303	38.493993	4.120806	69.799561	1.418490	38.657378	89.174993	10.649947	84.871809	105.855074	24.941925	13.816453	3.192545	88.502068	22.123942	54.333382	13.994466	108.716934	48.812791	7.031145	22.261119	23.782637	5.515329	16.492769	1.414321	50.795826	15.399951	24.156379	43.668645	33.742696	171.945343	2.042829	41.502810	0.562792	7.233052	5.262136	0.937775	11.741767	28.098372	37.544384	18.795231	26.887807	38.707939	68.858623	17.156670	85.452550	9.474993	9.710454	26.547293	18.215824	16.370804	8.119556	19.165597	15.731336	 
59.809521	99.735988	12.237687	0.359569	5.713577	85.546248	13.262249	66.694464	1.178017	27.429152	10.891336	27.737537	6.905693	12.918701	9.140382	4.454945	5.180549	18.754179	15.443786	5.151436	14.225463	15.549225	67.710792	111.937507	26.856756	3.590269	89.086674	7.798574	145.646223	12.057548	41.881173	15.141757	53.686925	32.533750	38.333790	38.006638	25.608449	133.000387	41.096100	59.736828	30.830628	191.410551	145.034952	146.778436	1.627111	42.339367	43.832230	54.720047	95.511212	99.455519	103.641567	9.154756	5.871103	92.825777	2.491675	271.614693	18.526543	22.252627	8.471591	10.199725	5.400645	1.044374	7.807431	64.510062	2.279548	 
59.544471	67.618701	32.897096	26.579592	5.254920	69.477604	27.617024	15.863475	48.287491	39.853791	5.937342	118.430998	175.110670	4.080803	128.613499	17.539470	72.943315	140.920963	241.703571	11.882964	4.671884	5.853079	16.197988	21.008213	45.099604	7.494135	34.961012	145.337019	12.743422	39.072825	4.808112	153.343921	15.055330	114.882947	27.663340	72.335860	90.023289	16.230685	31.146259	57.378417	6.773933	88.258652	1.376491	7.910292	108.653706	70.411860	56.318430	74.541201	46.047522	106.337977	32.664671	18.098853	33.576798	36.071109	31.172528	5.195661	9.004108	7.645498	22.584698	6.013783	19.118235	12.923236	2.510025	226.506107	2.553279	 
17.876008	7.076002	40.166055	41.920040	45.367872	1.100389	67.718089	44.303263	136.557572	18.662162	29.849251	59.416437	21.903878	21.073858	63.135838	18.389553	31.341123	11.520002	42.990362	23.923223	75.986459	5.024946	141.806828	105.386334	12.407440	15.621593	8.885951	48.391989	110.283529	24.419812	8.578067	3.850549	5.615834	49.368955	19.757545	27.814536	21.507925	5.171561	15.762168	4.829618	19.287099	17.451472	138.997685	7.856409	5.759131	41.981502	14.340074	79.591739	23.597876	10.587148	70.029120	85.912104	23.459017	118.970666	15.673465	86.201354	39.937883	3.177851	31.014664	39.554088	190.702588	1.063622	84.214830	46.987823	4.724278	 
41.619028	33.461490	22.069545	37.341161	78.526149	24.454693	20.632137	129.679160	0.158109	81.654818	9.427631	38.374618	6.206979	13.979798	2.509177	2.022093	9.696951	11.856307	68.032622	1.966134	34.424166	16.798233	41.140989	41.205663	19.511096	2.171105	135.393537	9.043142	37.244610	30.554002	23.013468	87.185205	21.262801	59.794338	3.232950	29.526576	218.037320	24.903765	5.766621	14.851138	51.942453	22.527263	21.501693	40.158356	148.535211	16.623684	5.825156	64.054539	32.666023	7.954585	101.221404	71.428668	48.261338	96.961508	0.543217	56.443635	1.534996	16.450673	208.370263	15.380728	96.244299	90.041704	4.180601	4.250591	100.174867	 
116.095132	31.460026	20.177061	3.037290	72.709063	5.745028	12.747061	0.462876	110.301412	10.363441	32.808897	248.806581	82.509736	16.673364	21.273170	4.016033	10.658116	31.254476	32.412890	45.964641	50.071814	22.702842	96.517663	71.201446	22.057566	32.415213	74.808511	50.473778	30.905158	168.783315	168.645175	26.723270	54.085449	110.479116	23.177919	131.560048	2.826580	77.842748	18.087353	48.744594	29.580807	122.922917	34.936674	19.280300	94.234765	13.578354	10.009080	53.076608	18.449953	77.487425	33.418172	46.267829	16.486747	13.595713	22.168338	31.336675	80.479420	12.185643	65.592026	16.466112	23.141187	9.921840	7.683620	31.067976	25.081079	 
3.703107	38.337166	36.297072	50.101191	3.629149	95.505376	53.302274	24.266912	36.180188	59.929612	41.524065	27.454974	62.862851	53.276234	75.944678	33.053089	6.780878	38.783435	60.022317	7.973161	148.246576	105.229567	43.809252	152.916385	7.203647	73.096362	6.847589	4.841786	2.694763	1.750338	23.903333	63.179728	14.600915	2.492954	8.416982	63.195385	20.107356	1.929888	24.247077	18.775934	28.948253	52.725268	52.440617	85.454371	54.082974	33.031937	201.176034	22.176002	68.592223	7.237788	20.957099	20.625193	14.358243	0.301653	18.571160	23.936477	64.435808	29.737929	7.914725	13.431018	8.836323	15.523230	16.056103	1.528418	39.506290	 
16.129512	10.236593	51.281890	11.635240	97.613350	6.227339	4.585454	1.928213	23.646507	74.270569	18.182751	57.096405	16.662427	172.490882	8.399058	44.456818	3.144154	96.409619	27.277680	78.126191	34.770901	52.860894	13.877312	10.735848	6.515484	49.579598	13.701003	8.836233	28.009821	1.274264	19.918941	1.315427	43.936427	47.337715	12.599553	18.562800	9.114950	11.809785	1.820372	6.233910	26.014248	37.368744	11.944139	61.629194	7.967928	95.692588	9.112410	15.422900	18.978786	3.896113	27.864702	24.512277	0.260129	8.735798	65.675004	6.660400	19.416291	21.970658	21.461126	58.922547	84.008284	56.651898	89.532351	18.759777	46.539574	 
116.389790	5.839090	6.856642	312.907614	5.336458	36.292888	17.980219	95.873034	17.648714	7.456286	66.363733	22.405920	6.678521	19.136357	7.084946	25.134389	34.912437	16.337250	122.998420	41.568118	29.106152	45.887944	63.832211	25.556079	45.640776	7.979879	5.934077	20.986895	22.923876	315.047261	4.962946	3.220893	34.896182	11.310213	44.422638	13.061900	68.545181	6.410855	57.453297	28.284318	34.703497	21.301560	16.022864	9.174043	50.867100	36.803388	39.761580	0.447791	80.779409	43.256245	39.946123	5.157139	31.266904	10.251995	149.403363	22.584328	48.477172	100.335427	1.154552	22.230332	67.525931	39.571866	5.858892	62.574490	8.364507	 
64.648664	4.080112	28.635313	73.357617	36.695492	5.522555	17.588373	66.296786	77.099674	39.269634	13.508254	17.202597	11.107578	21.308820	6.193302	26.781416	5.880441	167.717228	7.377685	19.431539	11.452510	45.376183	17.952881	17.227371	6.251354	4.760356	83.070712	36.814823	16.216787	21.339839	79.213785	11.224994	8.555563	8.072226	32.498583	33.445099	82.972400	89.219056	10.189479	44.246996	37.220391	102.682585	6.224563	50.430268	27.353145	81.034211	24.477360	12.293877	63.897803	44.533976	4.938986	16.999031	73.154362	7.904819	80.556559	27.549674	0.606562	1.855568	5.298157	171.928344	4.027161	27.991155	13.063696	1.205288	0.382900	 
30.688409	88.847737	38.054510	86.211974	47.989518	60.550872	42.414934	34.000808	2.687581	58.340898	36.988147	1.064931	16.504498	87.106384	45.115269	19.278015	54.422817	120.825426	47.379398	19.858612	59.592820	1.047496	47.735409	7.857222	18.205105	26.679969	40.131171	6.803297	16.430224	1.159526	91.748518	78.289465	30.997504	3.669824	36.834813	51.179247	14.727922	4.324757	28.352088	6.643362	4.866894	13.263564	31.892393	78.283948	21.737501	70.240076	52.792879	12.365510	60.344833	15.419217	33.664813	10.266442	6.004970	25.299556	67.698847	8.007545	7.110101	6.579697	48.545015	19.496769	86.792731	36.319390	14.048908	39.118348	81.455605	 
51.583953	1.028848	21.294448	143.695779	182.493637	32.946938	35.793193	81.109816	12.872555	126.264113	14.383783	42.118294	6.108679	150.390558	11.467196	14.532176	31.174290	7.716006	64.349455	4.298993	38.752445	31.956254	38.242744	18.024956	65.664054	11.280874	64.947433	50.851407	115.047661	16.050553	24.920376	121.518012	52.550703	19.007054	31.461516	76.510025	1.332963	38.058153	5.433557	18.825939	9.076809	123.616801	25.755224	12.793934	32.480110	39.778457	43.379581	78.722170	11.651690	34.033556	8.180304	53.806519	25.931265	157.678690	53.300734	48.571894	3.337034	10.886992	60.904251	4.660833	21.978402	26.842244	29.569245	9.616887	99.279470	 
15.415305	19.146307	153.408422	12.507179	21.581970	0.338594	13.674073	65.022821	54.667119	45.108031	21.786706	14.967198	53.639872	48.695174	24.412105	10.741826	89.737059	45.107820	2.687572	21.283512	9.254733	63.720184	37.164561	47.334792	68.464568	8.323785	14.865225	2.139876	0.294267	4.774588	69.322288	39.790097	9.372206	27.057339	49.525326	6.717939	23.547995	144.995143	32.861727	105.767636	0.411002	2.602355	16.274780	3.160460	15.916331	15.363083	14.191202	177.524425	213.506387	22.148845	22.590480	42.121542	128.427142	33.132046	2.352652	74.648960	2.545462	39.771862	7.982211	3.325762	14.357986	36.737377	28.968394	38.329963	27.596893	 
86.338425	73.868810	14.532611	17.218170	17.918150	225.579305	65.719109	47.202045	5.817180	35.193577	26.614321	17.754566	23.793512	68.533627	96.037916	28.587210	87.421035	5.939534	52.896714	174.647150	11.612323	6.194688	186.090932	41.724453	22.279801	33.702834	42.985815	1.414855	3.216488	129.189972	8.069394	14.726638	0.523138	4.046605	27.089763	4.794451	6.517579	47.129733	42.346094	2.922539	10.630091	30.070154	9.461804	23.195874	18.875908	18.780480	5.221229	300.290584	44.879700	24.675336	46.629174	3.111069	38.264377	1.623542	136.113997	4.502235	15.389632	41.106724	43.319368	13.844059	16.096984	48.765235	51.230691	11.866788	5.046140	 
54.952230	37.562002	1.836653	20.429063	64.378502	59.183086	41.384678	29.707707	12.046150	24.034421	15.651364	70.467515	28.594902	44.490105	42.557564	9.982411	57.360659	51.057932	61.562972	49.850294	38.837067	73.770629	140.369592	19.567205	29.604015	8.916235	19.203537	14.565855	4.594963	27.850068	6.853149	48.079886	15.626170	5.827560	87.174678	4.814695	27.948601	0.754421	74.141594	53.501295	16.160371	29.002847	73.022654	56.417257	2.707104	27.850830	92.476042	196.894796	8.260943	118.615153	27.930432	107.583070	39.142695	5.709335	53.325791	97.060852	9.564186	74.989786	69.666925	40.105963	8.026276	24.599067	52.855881	23.296064	41.515246	 
14.945271	13.144778	6.556835	98.658998	78.828818	2.885319	13.884313	57.874190	3.289146	6.526163	37.527267	29.261134	14.960607	120.714684	19.214061	99.224476	168.516088	100.063670	82.778724	31.953772	35.545405	102.015210	70.857008	16.044629	14.080464	42.660809	13.585172	23.501637	59.615615	17.114680	6.810646	85.529069	6.345979	8.259611	20.894265	69.818150	21.206064	27.284901	3.018212	21.201957	28.521321	8.253954	33.272234	9.226280	15.837399	4.121129	136.993378	60.833708	11.410075	4.535606	26.804707	1.075531	26.808966	11.595733	14.896378	27.203290	0.780938	32.276231	41.310757	23.951906	30.180547	11.649714	39.272576	33.981137	9.331254	 
2.100376	7.657286	119.126662	65.307763	10.082621	6.034690	70.861356	12.075457	37.854467	7.891882	217.270791	49.848936	21.359749	92.832352	10.325736	60.553070	78.741288	61.780069	47.409674	2.745771	3.092949	30.588313	39.514172	82.078495	1.954959	58.100781	41.490909	8.703379	21.570967	55.677180	122.651397	27.520328	6.730816	1.835461	33.333768	19.277572	12.401573	33.604714	26.081164	19.849496	63.862657	10.338301	87.094173	13.311365	61.226018	18.167191	31.164091	99.921112	82.453912	44.637812	16.461804	15.798262	38.357229	167.441438	83.374092	9.975521	116.323394	0.701947	24.802223	0.761500	33.104843	95.785085	45.233542	26.906353	16.836437	 
23.202192	15.938118	23.105993	76.792342	158.374476	61.600694	15.469735	14.647029	15.340192	36.596856	1.230065	95.715489	102.706838	0.317542	11.280809	54.943531	10.664421	60.278748	5.998951	28.635706	44.865846	32.600734	48.193075	32.832110	12.448180	108.990813	67.849932	1.595873	22.652002	7.556182	170.625502	5.234412	61.290420	27.388680	46.511078	34.023820	10.091623	1.200479	0.911542	34.822020	0.506165	0.819678	20.158308	32.870863	39.963315	10.104476	31.681743	24.859707	11.942556	32.735108	10.506175	2.014657	9.874700	19.252714	12.062435	10.974767	146.196358	29.491732	6.243851	3.563129	16.100385	32.110452	4.076574	38.499445	5.145486	 
22.265896	22.940388	28.585737	62.065204	12.160419	63.975845	38.626078	40.477085	35.623013	17.377078	8.648601	15.605111	132.337275	44.517650	23.873363	1.791551	95.465323	3.337350	41.501639	19.647024	34.139367	0.485561	4.228194	52.957887	50.506983	1.384296	0.253685	12.028555	17.474431	50.703792	130.746130	3.696759	39.680009	1.753768	16.784329	10.854644	147.732369	70.101218	33.699853	18.478534	2.876326	0.421265	7.285816	11.103983	30.772421	16.749904	24.319725	72.559835	35.447414	46.563021	1.118803	18.604355	98.858528	20.285310	66.682552	52.853810	13.693901	38.320560	28.400394	135.161762	44.225222	69.691274	27.240915	75.275740	27.215091	 
7.822757	6.839736	11.859028	10.303059	33.058526	103.095917	120.190525	24.915949	36.349697	98.374456	22.726586	25.018042	25.281925	72.370602	35.722855	114.642007	37.023643	4.294565	27.697225	11.465931	44.924233	23.447054	88.726805	27.959430	5.492863	16.096813	5.173933	0.508818	19.500736	6.352908	20.088215	28.304506	13.384016	89.077539	66.196695	71.908823	25.389336	33.786287	13.117544	48.183615	3.689179	15.887407	10.129839	18.894307	215.322641	302.573997	53.969958	37.459538	21.524634	8.656164	18.847657	44.312363	45.137942	6.401633	3.018619	77.920498	37.788104	31.529193	96.474484	64.918832	30.876965	160.455734	94.737161	0.398713	123.519568	 
60.632439	4.487137	10.237880	0.894481	17.799008	6.586894	22.327274	45.440065	80.580175	23.620831	20.944950	22.671307	3.568271	57.558527	42.357462	49.723157	3.837334	14.048720	8.065812	54.413723	34.982711	210.472889	37.420604	10.484258	6.739202	10.872780	66.821318	86.809611	68.438566	6.830980	7.379723	110.057028	25.519166	27.490156	4.926971	11.176856	50.432207	38.105341	61.881906	117.743728	34.951949	41.351813	9.127072	4.024268	3.390768	14.839430	64.042198	56.622594	16.274176	4.859786	4.557359	18.281969	19.893873	6.075989	68.363069	46.470223	48.098076	66.288843	43.964274	38.612587	86.914908	21.379462	14.729093	11.293892	68.667682	 
6.904082	24.206685	61.930201	33.037241	66.883038	25.785324	27.334203	62.040357	10.338976	34.640688	19.468281	18.453745	4.766014	35.375997	3.862059	45.673863	47.469108	8.621644	13.866470	73.374635	51.736522	218.532749	52.201543	29.580892	51.038350	80.189844	5.281557	14.787187	8.539275	27.393936	4.307637	40.229523	18.493968	43.787475	68.521115	0.891813	15.582548	74.206924	8.352433	31.973488	29.009961	131.145700	28.466979	12.209594	1.751685	13.115895	11.520127	70.798836	91.921045	83.048001	6.696589	37.787369	19.467281	28.298361	35.838709	40.377080	149.866946	10.994074	15.411146	9.371667	58.360829	154.908843	50.164455	50.680316	16.572262	 
33.514015	47.548078	48.343078	12.250011	23.787064	61.265397	55.434002	76.872038	12.627884	52.545047	78.763344	4.880964	105.459390	4.454337	140.752608	29.002472	10.355238	2.982687	31.537417	87.807214	3.155519	38.457806	21.172804	34.918969	19.295070	24.060518	0.688708	160.385180	5.107587	5.240488	25.979396	108.350209	97.596235	180.600891	125.943701	86.432342	79.835381	7.252509	22.088137	41.557251	6.562562	9.706550	64.750943	1.273220	0.709365	5.953726	19.749677	17.230749	42.316235	53.382909	62.801646	63.227939	29.459858	100.608268	47.079147	9.279172	33.500685	79.767427	169.828547	78.679704	22.780461	11.962908	51.319318	11.564185	72.736919	 
20.263614	37.438145	21.406791	15.188925	37.361737	33.700313	7.121698	11.181465	17.035157	58.814956	14.855414	51.709271	7.788971	130.541972	3.937976	7.121083	25.790665	57.142761	191.138380	37.681613	7.334591	31.824928	22.995352	19.267348	8.706461	24.943118	13.835341	16.021746	43.085678	48.625766	71.562360	4.572422	47.160972	53.335225	21.315651	24.623308	58.212642	17.343198	88.147614	30.877922	6.028821	33.160682	287.433855	13.737404	31.389016	12.977092	0.248552	22.673436	108.475141	36.793769	3.921724	15.257455	23.935900	10.965719	0.569109	11.925783	10.047319	15.383525	11.196044	7.548011	35.326906	39.943774	33.345740	106.464585	70.389724	 
1.572226	27.494363	9.265507	3.762063	49.242322	154.585632	18.480774	47.603319	65.309916	6.777946	20.290574	14.689854	96.846116	137.095652	69.155322	151.163626	135.966114	2.905937	7.077037	17.148209	54.194917	32.673739	123.739307	31.751497	31.636973	36.794497	33.827806	14.545503	8.582885	28.194165	3.678939	15.954830	40.928529	19.858745	14.631451	41.799153	22.001774	161.634978	88.442794	42.935410	107.956629	21.665045	1.646958	100.173178	44.074203	7.192467	36.665175	0.483104	3.106636	15.655986	5.686795	18.797143	42.251303	8.966910	122.800630	34.923699	3.114174	125.224492	7.172357	20.578265	69.856660	48.545395	12.557790	6.242699	165.893748	 
21.171495	7.391320	59.688650	120.067985	50.019438	62.517220	17.680329	21.530852	25.118145	10.134460	9.772365	29.364294	25.738965	152.399921	2.192010	27.933293	2.396217	35.800960	27.850143	29.334572	68.102554	41.980491	24.364129	22.184526	32.669505	20.773154	7.704090	122.413190	62.333234	4.605129	61.974442	10.963924	43.522121	20.071960	39.396702	2.012334	7.776459	54.393779	3.371108	168.228361	0.369788	94.405513	68.643756	53.518576	106.578840	0.530913	58.505250	28.747144	2.025517	42.405546	37.942824	82.315497	59.648905	23.800627	16.129383	94.192496	42.451003	18.294950	22.026592	2.949787	6.982039	75.600941	33.346240	44.633964	47.817517	 
50.130450	0.559768	81.926587	279.370842	2.691054	3.921721	4.706344	21.370733	20.793535	47.345169	2.025551	7.094318	40.204312	110.256687	13.780079	20.075815	71.520047	50.570935	86.211628	9.101681	5.466909	56.839373	62.122885	37.130371	147.155700	16.377234	72.293843	55.264790	12.617148	49.318901	40.518828	31.144778	22.353818	33.688028	14.252869	26.267414	15.592639	40.592448	5.395880	92.345755	6.143982	71.407137	22.057500	1.021495	16.797818	263.264897	1.463142	15.574913	0.869298	7.462662	112.894403	40.332351	25.337889	13.737753	12.382363	50.429469	4.468884	10.294480	84.790576	3.332459	6.456296	63.338172	55.654971	76.455885	16.021723	 
111.645580	134.223955	51.170431	1.864388	24.735012	50.069514	252.141966	96.635230	97.641114	15.209925	1.055048	112.897902	35.252095	19.237646	7.139154	45.481895	7.526465	7.755798	83.175568	44.808736	7.157545	12.812463	63.900296	4.358796	15.578756	17.743692	11.055033	4.617031	41.156815	68.402368	10.667339	7.511886	77.358643	4.489835	32.311943	48.341708	6.161723	7.070261	24.260506	14.220754	2.842899	4.078705	40.971744	13.214471	49.637058	173.677762	124.223757	75.047959	7.807896	19.643602	11.187695	10.531753	18.047259	35.938544	28.435994	3.148424	102.107685	22.776369	39.937695	71.141684	1.467788	34.021618	14.286800	0.778038	29.853029	 
71.370757	36.730927	97.132080	63.679561	14.366684	217.507204	21.286947	35.314842	131.854420	6.751499	3.157682	59.723570	8.486851	75.995796	63.932807	62.648671	5.932873	0.216301	33.849708	37.330948	69.156353	121.973795	27.467528	7.229360	122.299556	24.022605	8.881666	7.066025	89.320411	8.673484	80.258344	48.498410	37.028182	6.131329	2.075065	26.548740	5.831871	23.441391	82.048605	22.724217	154.861961	96.884973	2.774648	13.895395	154.451742	8.910113	9.003071	1.699279	4.146138	43.122501	18.160448	2.597846	50.812595	114.079855	46.332731	78.647811	20.726234	1.062228	47.650321	18.055236	72.988926	2.913969	6.023009	75.951956	31.332750	 
85.003518	103.955936	99.223954	41.373451	37.966802	76.542422	15.503003	70.029046	8.595202	41.775258	170.839101	21.957969	30.206472	10.749763	3.735296	43.189319	16.867878	18.262159	6.691138	19.958277	9.216355	4.565974	54.162860	74.214700	38.313858	18.997879	48.791600	120.688287	17.015785	67.863303	49.473659	23.589673	16.528745	80.035295	26.063055	50.168780	18.305947	49.157493	45.090723	34.767563	99.441595	7.047039	3.284819	0.844189	1.704463	35.987579	125.513023	48.632378	25.381632	41.374219	24.889528	34.654955	8.557188	79.264132	19.353385	22.690598	10.685229	15.987075	10.423699	27.131258	72.078184	53.311257	4.992835	18.410384	12.268071	 
26.056945	15.911163	32.327332	8.155245	14.598113	1.335827	11.448034	115.694589	17.023109	56.642322	82.593060	40.680064	53.947705	64.776972	1.432421	170.939362	16.390558	27.179198	24.539356	12.186189	22.669603	38.254512	2.569538	21.380173	36.936202	11.694054	18.900899	67.583413	11.152999	34.111377	13.965542	89.153388	71.945373	25.691773	25.079086	13.708151	88.128340	13.060282	74.141288	11.626626	7.275905	45.849168	20.339417	35.281340	2.176540	43.277081	17.287216	96.209600	18.870914	17.167668	11.878518	111.838676	0.423117	10.125467	146.718408	92.678854	24.431678	8.355283	9.909215	2.317698	72.725325	1.263685	8.974956	19.046269	95.507795	 
24.060786	7.808462	29.431820	60.499319	13.618635	29.536001	29.558710	85.521992	18.253232	69.250376	32.167743	168.598678	6.389469	56.454424	6.412056	55.297480	1.150073	54.880089	3.107930	58.859856	6.023621	81.244992	29.455402	27.946794	25.622047	110.139495	132.897602	20.634658	10.541583	0.373049	18.381247	164.483292	4.402224	27.973784	19.319823	74.138216	75.004584	55.616509	0.804200	56.763548	32.223242	36.114811	106.312955	8.618083	93.815445	37.220950	45.011789	20.878344	16.708767	110.787263	84.209633	25.922672	36.896896	2.022352	1.101697	20.786584	5.961368	2.830398	95.146560	26.098972	12.062856	1.814073	36.277054	1.526303	18.698966	 
42.923628	50.002341	23.408092	6.032970	24.311164	76.038985	20.643641	107.735465	36.808112	77.196458	39.547634	12.925443	41.036230	13.410308	6.303635	11.519035	18.786548	4.801382	10.104384	71.959426	107.163159	46.539498	71.095020	109.432108	124.332693	19.721485	85.294803	61.901231	22.083731	11.633070	43.707278	123.754043	9.314368	17.040630	45.748837	50.197949	81.233116	21.234865	1.359743	1.785291	37.151056	4.999068	7.138481	24.553466	32.138197	43.804348	57.768365	15.079848	16.626705	7.459277	7.058512	52.326399	64.566856	184.940501	72.670587	31.999719	80.303711	84.351797	62.736562	1.538343	29.851746	20.190039	7.443303	71.081728	6.031534	 
62.914619	6.131549	74.985866	19.186445	31.476071	49.378323	39.323452	17.788946	6.116517	8.494450	31.720398	109.813935	112.950274	73.248120	52.704603	21.910477	69.197849	24.490294	5.072018	26.874091	15.628389	66.834104	14.303545	117.815257	5.539607	36.974666	35.721110	45.052046	43.531011	69.406335	0.696578	225.529093	85.418974	31.023725	8.062292	13.639272	6.018178	28.045238	40.071872	106.969680	70.539530	5.788017	5.861883	27.811515	32.728248	6.809693	21.113735	33.041391	15.944483	9.982107	9.553353	110.237921	1.322354	2.615158	102.108938	5.448982	5.779500	31.719976	41.218568	41.558736	16.957963	50.240867	7.280256	51.715867	112.321377	 
52.448216	42.710827	4.486907	7.767320	20.700233	4.531586	79.233864	88.290357	98.644840	21.899248	46.966625	48.731383	25.541335	28.910067	15.807119	11.373031	29.965090	67.323808	19.344504	21.204043	30.362494	57.168168	23.799594	7.110744	75.922119	41.399646	15.548349	15.016637	25.238087	28.809558	17.726755	39.757053	34.059762	57.254802	2.392168	196.343348	22.372074	77.408236	85.957502	3.827544	34.284165	37.857387	34.960986	9.344288	43.571401	41.242227	67.723169	19.765217	261.462869	43.022388	83.631533	18.487283	5.648383	13.014945	28.086745	29.615504	10.878948	3.219173	16.476935	33.252327	18.462001	22.972979	4.727357	40.341340	154.166082	 
25.556323	1.827932	31.816698	47.574384	126.927087	48.724810	8.861720	3.196959	28.976806	117.048719	16.923228	15.388666	32.306004	1.003328	16.048319	43.970665	27.942087	19.676415	0.875884	0.441271	30.023043	21.504371	48.503987	101.155010	31.193377	8.975853	26.847018	37.027375	39.281269	34.778200	1.859600	55.868823	18.193397	85.268022	193.759105	46.233799	63.193611	65.599019	10.895715	122.849069	42.542325	50.888406	0.550325	61.384377	8.197450	3.071558	33.580393	4.902920	147.453377	30.400486	16.840663	49.129470	24.380826	141.019561	15.694660	22.575041	7.946780	1.458528	13.344507	9.455196	1.336162	7.835213	112.969336	2.453005	76.706177	 
4.992752	23.805369	5.782844	57.072747	0.596927	1.753171	51.490194	65.515833	29.021743	46.490940	0.382630	6.711630	43.312759	217.513025	45.811029	13.652046	19.088435	13.025229	36.709606	19.232632	8.800699	54.444701	8.067936	15.856494	20.219513	6.946131	15.250735	18.040368	7.657165	10.570502	62.995773	7.183036	4.357577	11.751471	80.438651	133.855839	33.518447	16.910922	1.815356	8.737325	10.781615	16.930556	12.810606	50.457404	79.428324	0.269828	53.463241	5.596962	55.965932	88.065240	165.056753	130.980715	64.575217	51.325147	8.253578	8.926541	6.191253	9.912448	1.878343	25.658563	57.146586	15.199267	14.008164	1.729945	0.710070	 
1.837479	43.069822	30.311040	39.454473	5.581133	37.752757	10.431418	71.671501	6.272345	5.223125	45.270066	20.796570	20.026532	35.776794	21.457285	69.162237	46.531224	29.097287	58.808012	8.414510	25.056690	24.320219	19.748817	85.297209	33.130001	28.564550	57.769965	26.243301	11.457260	65.304074	80.706625	94.825193	34.200029	3.694506	15.640188	18.448199	20.218980	33.103789	19.814149	47.648418	0.961551	31.635723	5.960925	131.091870	162.322725	7.469370	99.195820	4.059790	5.905072	63.664485	3.414163	67.237511	2.682088	16.435639	30.636411	11.799183	7.550402	2.396032	44.999285	15.340657	6.048032	59.006301	20.414280	12.844105	92.489955	 
37.149706	10.526038	20.475609	64.123075	301.216959	41.560439	27.204776	51.776947	58.719396	25.578584	72.319337	28.752554	6.022352	8.699649	69.144954	24.815827	47.893227	24.465931	12.548239	38.059071	7.758131	59.916444	5.860306	74.627829	24.806359	33.550563	47.794765	54.059589	9.536552	49.947372	12.324269	2.025237	20.535763	128.507429	38.924227	48.932385	19.362970	9.061047	27.831813	32.227394	13.159200	31.735253	2.551067	12.680738	71.050126	10.058959	25.354414	11.528794	7.735615	43.485404	0.652765	74.723534	11.477065	1.492546	25.027121	55.294928	10.117449	14.371081	15.307648	2.534352	10.406972	4.442368	23.778672	3.063859	2.715513	 
89.111580	22.738553	24.056649	12.411661	18.120838	23.133144	16.445270	15.061223	83.084104	3.646032	61.253872	60.709947	27.992329	31.854954	23.513462	8.774089	48.811248	4.035164	78.848869	49.496245	54.098579	17.449441	26.556669	41.827803	26.907802	214.863633	6.637592	53.711494	9.225542	2.229150	14.703018	103.959671	62.709697	24.909017	2.622384	0.793495	146.532696	9.741054	55.699473	44.928792	40.617578	1.623262	8.429554	36.370067	9.882170	86.896434	5.234867	51.839107	5.894636	7.559290	115.697301	14.451792	76.458692	39.027661	13.739537	16.861784	113.925128	2.056154	13.749543	23.590882	11.492075	49.771981	0.503163	112.888293	148.963442	 
47.253816	21.450924	37.055449	14.377626	34.238309	10.090385	7.134376	40.805308	67.011686	14.739924	2.065859	16.215142	59.632746	66.971954	14.496633	33.215774	20.027124	13.776274	34.467770	104.637837	12.881688	64.920202	133.068042	20.285922	63.407817	94.777266	20.197149	31.431612	12.985675	28.225813	33.881404	5.270391	149.066450	0.956189	64.812165	33.017064	23.325236	31.582018	20.233145	18.620974	47.624524	0.627842	41.541315	5.074619	22.453629	11.015541	5.286845	27.228968	131.116415	2.923042	90.841412	103.715123	53.525721	119.307987	15.671406	129.114585	40.352457	7.405681	132.673136	47.150429	21.012863	2.889530	31.283229	13.873326	169.837804	 
77.997979	3.052870	3.510473	10.626006	31.868208	3.828390	3.279354	36.084356	89.518057	50.172023	22.243050	106.581374	79.682016	59.315205	42.032689	28.004660	20.083336	39.859856	11.087732	5.746929	5.448693	2.981032	65.561334	1.899205	7.554741	59.734868	11.118290	33.685781	48.913346	22.593437	142.664919	1.200767	196.152923	107.552841	9.033069	39.683806	0.468459	71.589006	100.036886	204.695833	8.318804	116.608781	121.094220	3.429348	91.108525	1.966375	54.146119	34.703693	17.895882	10.777358	16.462450	13.159599	11.127055	20.277486	6.099389	22.536260	126.495699	11.056343	15.321729	33.333047	61.878193	5.469811	40.013928	10.928195	15.217602	