64
0.000000	45.078970	6.231354	33.957978	78.099673	108.106883	28.183673	13.664747	16.179462	51.653347	3.517680	12.598146	7.237867	25.836794	33.627622	14.610269	1.746666	8.920164	1.792692	63.987388	5.829285	35.500381	5.139317	27.061144	196.882002	0.598182	1.223374	75.163319	26.203409	19.720237	12.372416	89.023624	50.222050	9.048053	17.624979	34.857160	14.607672	61.422528	5.021995	15.612955	20.914086	2.944967	9.966903	11.963120	1.293849	27.814273	88.210633	6.519798	43.584819	119.897597	9.998120	7.236337	13.920487	30.928314	90.228218	35.505130	77.362481	22.308323	71.826072	83.042074	20.878554	12.559202	7.204834	36.557763	53.312655	 
49.560768	13.831633	11.460280	43.571042	15.933559	18.476958	18.634948	13.224381	55.312830	67.924325	74.015891	25.756825	57.869932	132.223711	24.485193	148.429542	4.376287	6.997585	5.791067	38.154109	121.063580	33.891519	21.925031	100.031264	47.027874	23.989727	42.212211	104.687636	51.325002	41.776351	6.391098	65.012333	16.337654	4.269285	61.135624	4.936418	58.129263	15.906193	17.285370	31.980417	13.384852	25.364548	78.097557	84.962312	26.453343	30.825229	1.724580	82.039196	12.329751	12.538584	36.723571	7.203339	34.073779	46.647290	20.028412	19.131837	6.942217	28.272388	38.052028	3.435461	30.841234	61.438885	14.112055	6.313798	128.411897	 
13.323108	57.109558	8.043652	17.326463	31.210077	10.322519	10.858139	9.579894	79.300744	89.678425	52.351218	40.411184	25.825384	4.239387	4.879524	16.098415	28.949855	29.280242	91.037058	2.847106	135.400189	2.081491	0.387462	53.308167	90.956972	53.032211	25.227798	21.570665	77.228311	98.768652	52.918048	19.759360	23.331614	25.105431	22.836022	36.756412	67.600800	74.391280	98.159082	15.638985	17.836131	10.168659	105.057727	67.206871	30.144816	151.451574	13.973847	53.201708	17.323657	10.492472	0.751841	13.940518	10.054153	26.193579	16.477105	1.463111	4.999051	19.240768	4.526528	15.798245	0.227599	39.544003	54.714392	16.371136	9.524925	 
54.476380	31.542576	33.891616	0.053729	51.630749	21.026363	44.818299	28.934004	4.450108	112.439045	28.353090	120.183156	15.765008	24.333221	31.264980	0.660830	10.355368	16.546581	31.900180	10.845231	75.159798	22.749550	29.835620	4.519860	45.626834	13.996178	51.168606	15.283496	39.060864	2.467441	1.548713	76.735779	64.721400	204.859970	13.006925	41.029270	25.215650	42.455330	54.373250	9.428988	15.149600	15.544688	3.752442	31.052738	74.666031	1.646366	164.495170	14.638772	58.215120	5.984977	87.026358	29.843100	28.222106	79.417812	104.259536	12.033077	40.610787	17.989607	30.841823	2.365804	12.552059	25.984543	19.387428	38.016677	28.628194	 
44.830498	99.570717	236.564440	29.069492	6.517908	63.620537	52.002970	10.390681	32.098297	25.672665	36.512595	22.277359	48.631197	83.083647	11.663561	5.152711	48.972804	28.022919	49.361838	39.154155	137.851593	20.188950	5.742098	33.776336	27.053583	60.243898	10.190878	115.201901	9.917738	63.200497	98.432786	19.631620	13.675716	16.110008	40.252026	66.274257	71.519688	40.019070	97.425786	106.912423	12.231781	43.596064	15.257058	42.497812	27.849140	21.232234	11.496810	39.758658	26.774620	6.833198	5.939430	48.755353	37.690101	1.446561	0.444380	61.637485	142.147995	20.961888	48.506092	107.662414	131.621826	41.404705	65.156633	129.651968	98.178566	 
140.337894	38.128439	10.952719	52.549025	75.883948	9.716871	62.771544	20.664024	50.379061	49.818125	2.856133	43.573696	9.518629	34.635292	174.317238	32.344410	9.312597	73.469806	120.833599	94.680545	178.856331	16.673934	43.141572	36.359182	2.600581	35.169373	1.615661	92.715051	11.765573	27.772736	67.630222	75.283948	8.989139	23.593056	6.066594	22.122849	208.242637	36.194985	70.509304	2.105533	11.225791	23.337447	82.526761	24.857460	7.244434	3.549607	22.091804	47.680230	31.579621	99.724872	1.957255	136.925037	11.014128	10.438135	11.562508	138.224323	90.865262	34.662959	54.702970	57.778351	44.302052	37.652389	35.242644	100.028592	28.636370	 
53.399798	75.668489	109.963950	26.956128	74.263198	68.079792	3.048844	40.074070	30.531309	27.002304	21.204795	17.238307	101.168112	74.708977	31.020358	6.816825	34.190403	55.929059	26.626445	40.426165	9.145122	11.378600	9.297543	10.968418	10.277937	12.127278	2.766561	15.396364	10.578671	5.541580	12.869468	44.592483	63.586859	97.514529	75.909136	32.990527	39.615005	8.332560	1.104767	21.302493	160.024966	4.025113	27.817535	52.287733	40.685845	2.755015	13.739762	109.773866	25.453083	10.601320	11.860197	13.258067	13.586089	10.454927	14.285880	10.770362	80.880806	19.692002	40.192869	4.334907	27.514554	39.962495	34.166801	5.177529	9.628423	 
64.680146	8.322690	57.758525	96.934688	99.722293	2.831082	38.669621	4.352612	66.922775	42.948969	1.007457	44.285030	16.040364	49.059217	8.197288	76.223941	48.397281	6.789730	70.118378	81.431012	53.633049	54.511960	28.772800	85.151892	61.933875	72.963361	70.193703	55.334897	20.521905	12.930619	5.351542	0.273431	12.381248	33.915564	87.184850	2.631117	5.223706	17.634380	52.219456	7.562562	65.503793	116.661383	8.784377	7.863380	5.662650	53.910664	171.104853	128.219934	30.787820	0.821772	53.517732	31.918314	62.239872	93.421010	7.390232	17.708788	13.646213	18.312894	2.911211	30.698524	11.731237	2.936971	42.708960	9.281679	18.175838	 
62.761868	41.503145	37.990619	3.484656	69.719935	64.488607	12.357445	28.279852	8.268056	37.125053	12.249558	161.562812	72.112336	33.779975	1.671157	58.028845	29.664649	45.488798	14.022472	12.362115	5.591952	35.961769	24.683361	34.513849	38.610630	243.681202	38.237225	27.014020	108.361146	106.403811	9.612848	50.998446	38.104145	33.660275	9.243523	107.826264	58.343044	0.859566	10.976991	158.960197	18.912278	0.819853	76.382125	3.591876	88.676379	68.051913	28.284420	52.605822	103.305722	18.514697	12.955016	21.897393	12.533987	26.109464	24.247051	31.005893	10.386289	26.208372	6.242859	73.732007	15.484600	2.521002	2.228041	29.603181	90.289697	 
74.870836	37.103581	18.683904	84.822369	2.619248	14.791972	92.139948	38.785338	73.432209	6.870851	44.915572	72.734225	36.562586	7.516281	88.151589	36.628404	30.277084	58.781182	45.778541	0.350598	35.801593	0.453866	13.651316	30.046782	6.238324	7.803844	172.803556	39.201329	136.630790	44.581192	52.582406	14.357011	9.064304	35.884540	19.413949	2.691804	2.509939	36.479748	27.349356	23.239973	4.042852	37.571112	44.367139	9.317158	19.437767	68.705650	55.056986	12.617495	34.215673	52.084943	33.023824	3.173472	39.971114	36.597394	37.908602	39.764556	100.177168	2.932429	45.562519	6.208152	15.803379	146.233348	8.332716	18.493506	8.977274	 
39.186200	23.798788	42.315628	46.419026	66.786642	4.066786	6.423696	32.716923	1.147800	105.165956	15.200766	13.890511	18.681223	28.953488	51.390189	30.386106	2.897782	44.226994	55.404808	55.068244	7.086633	33.970435	107.743019	70.891698	21.600385	69.657506	35.393967	43.528977	22.863991	20.967527	34.964723	23.892297	26.844968	66.035342	6.903472	7.867249	2.718638	45.017836	67.781935	2.809395	6.672127	48.861746	55.724631	6.834417	111.068300	8.962520	64.398171	35.089879	62.041595	26.980265	46.707372	66.791578	14.682698	2.802605	57.138000	0.484676	96.286959	150.123981	34.639597	2.003021	17.187055	87.247569	22.045050	18.214282	146.908560	 
7.668393	55.675219	9.613362	1.176460	37.135122	9.819926	20.037207	83.229659	50.623527	24.777454	15.047362	0.170976	46.901060	57.747822	30.038012	2.576283	148.687079	6.702810	61.543931	106.483225	5.926740	18.801014	107.682099	98.885535	98.072995	11.449620	10.399232	18.463147	12.696035	90.594675	47.051620	37.397723	62.608560	30.872229	25.395671	51.683996	256.994236	7.140590	97.303351	43.615535	3.779728	25.052189	6.349898	46.735742	18.739845	6.523334	25.150399	59.545476	49.633187	23.711017	9.481294	53.908563	118.508132	5.145929	220.080856	12.441336	12.832389	14.680492	32.142763	112.936346	100.068482	40.784269	60.822334	134.397985	5.810112	 
1.010479	46.183217	4.557539	31.192144	66.379396	14.139610	107.057687	16.385017	42.370357	31.430903	16.492461	17.204106	3.443728	8.272062	8.560246	72.435500	37.928540	5.678364	8.757455	54.068492	46.925419	51.658796	56.046895	33.525846	65.046144	3.749389	51.019517	174.460763	18.209280	14.014336	65.836367	95.168961	15.099786	14.205945	28.943003	51.656094	11.543061	7.568547	8.476088	19.157732	2.253047	45.772192	1.892994	0.908820	12.336229	26.313404	15.901978	2.555467	12.085681	13.077297	3.021284	29.105210	7.539509	1.072150	7.575438	41.333575	15.750886	8.295929	8.163970	1.928022	71.672064	5.508632	75.927222	87.312113	105.987499	 
69.050322	4.783336	33.140553	5.672447	21.403874	26.104118	4.688643	21.833460	49.734920	22.620396	2.928351	24.012633	9.488388	2.781012	22.070068	22.986724	12.971993	6.275780	14.271739	15.521628	10.911683	65.719441	22.566742	32.815884	61.301495	6.081221	9.468459	1.130388	23.459639	13.583997	25.228623	19.292329	8.535954	39.771955	15.000543	1.913625	7.679907	81.628425	30.741381	21.362264	67.417792	11.886813	2.577893	109.058653	41.358083	40.070080	39.936769	33.978899	10.297655	47.758358	0.532966	66.460553	6.046784	40.897018	55.794922	89.514273	0.257278	23.176137	66.666496	2.448605	15.221491	79.920663	55.384904	8.740443	3.001088	 
13.662021	9.824085	43.081793	56.022421	86.305344	30.745182	105.662783	15.466368	102.235372	9.258917	3.622049	66.252474	182.331805	2.550922	3.779771	67.121444	30.383764	19.857875	6.708552	26.623376	27.554904	6.225745	11.330783	29.141487	20.563771	13.321851	25.422084	29.222698	19.075238	23.570817	57.391281	12.793304	14.127596	68.900589	6.828939	23.610630	53.067390	27.960655	104.398100	15.579324	3.220951	25.618472	45.338885	2.589956	16.590568	46.294203	29.227179	36.565107	56.472017	200.775904	13.554372	90.649011	19.271643	80.152976	35.556323	15.151241	45.388547	123.281926	14.207118	35.514996	25.961947	28.148836	1.129075	41.606670	24.228424	 
2.308278	62.735404	44.944097	64.549174	12.979199	48.050085	33.375985	64.733308	18.744561	10.806113	22.891161	14.690003	36.969781	42.445428	49.635864	0.574647	57.094793	49.253906	6.703190	36.804714	39.546906	174.043768	59.882144	88.335506	46.511753	24.142193	66.743998	18.660377	20.911177	10.775002	33.864014	2.968229	47.243490	1.548740	7.304873	18.768508	37.999608	44.946950	53.061858	22.600786	2.730561	105.389496	24.043426	20.211254	19.378684	3.438714	75.849203	9.036053	8.326788	106.907388	48.733336	11.056091	23.079320	250.177717	20.846402	48.131667	12.078120	81.297904	5.763559	74.232935	124.457808	24.021966	157.984461	10.920344	34.282092	 
13.847947	13.423885	23.438194	76.658316	94.051184	10.152120	21.002023	11.427518	17.039692	1.867520	26.823405	1.919267	11.709431	24.583576	51.338859	35.199731	14.320516	3.955372	7.481154	31.048687	28.313175	87.640361	205.184680	21.788656	10.759299	3.910773	48.145859	99.773620	34.630574	7.932604	5.579578	28.726942	28.601121	0.328356	10.079894	53.787525	4.339770	15.278736	22.237032	7.763038	26.277913	63.034342	17.610415	27.392847	96.853382	67.174401	36.442592	63.693618	35.092126	25.725408	53.932159	5.046716	53.194902	6.823077	5.601720	22.226845	10.164839	79.668927	56.208180	62.400181	28.278588	29.545957	36.789870	67.028048	8.867978	 
35.116692	2.116374	88.593808	13.830314	2.577272	39.713094	12.701445	22.099106	32.756980	70.368619	26.476669	30.659111	46.907141	72.827322	64.149230	0.884139	3.782980	5.452753	68.324277	3.902295	4.639130	89.556554	3.590213	46.921062	38.002430	38.138871	25.969744	38.502092	16.461782	35.889625	5.457356	41.986577	231.282152	13.488171	14.039055	5.189371	14.977546	68.586433	38.254320	1.310966	1.986375	74.923633	15.711897	1.347484	35.390958	32.261233	140.985372	5.202851	11.720559	72.792467	76.794932	14.726780	216.819603	20.234798	12.591752	4.470899	118.072254	13.775759	3.397575	7.196551	114.481304	15.545555	32.828909	67.940499	5.314067	 
19.004712	2.868094	37.633592	39.772230	47.210298	19.877239	8.812058	25.504210	64.019677	12.118385	1.060618	7.930588	18.970335	28.112670	2.233136	53.832367	110.580412	32.564012	6.059166	33.812952	145.020299	176.061282	141.395703	54.862194	46.219280	73.341718	15.494142	82.020677	82.541950	13.941483	13.832485	15.159499	25.511282	6.283086	40.858663	149.892590	43.320893	16.334315	28.030835	6.176393	15.099788	48.595153	8.721018	22.741679	70.637302	0.692056	0.439512	7.929255	54.238518	27.249120	3.620590	68.953682	15.847676	37.263987	0.414098	12.357262	50.429144	1.055366	5.522656	15.650553	8.239007	9.892750	91.295104	52.619530	2.034534	 
14.923184	2.189983	18.891561	14.743716	422.205016	78.079247	2.922301	24.662217	86.721285	19.647580	136.893566	48.350427	23.523677	11.064873	93.783176	21.572865	75.035436	7.028044	37.119657	13.530088	14.072965	63.993226	20.741306	7.031495	9.273875	23.167318	31.824848	82.723192	47.049168	8.198693	1.358751	72.372989	34.839747	0.281184	80.852871	28.635673	19.607620	120.555131	4.073414	36.761644	9.385477	64.897240	8.987297	13.731605	1.823494	1.633316	4.230276	87.911319	16.544827	18.673624	56.856805	30.778469	9.654317	4.319521	2.540609	46.217659	3.862069	1.106368	1.752542	11.139503	27.750464	25.401403	9.812259	0.618135	22.994531	 
21.705662	20.327938	8.387709	40.250042	12.665752	70.125865	67.216327	0.462283	95.806316	71.903005	6.161480	254.026819	105.153053	28.290227	109.423034	57.878301	42.243554	88.785807	6.278410	197.902872	8.585562	11.011812	6.345205	1.133650	4.642198	15.274668	139.271076	74.672407	2.704735	13.819287	6.959356	29.674862	2.700250	18.011485	22.182240	6.045371	96.639812	8.506454	12.617305	76.326497	13.555801	12.813017	18.107858	45.839437	8.160792	19.027752	1.039502	77.014337	29.481523	29.558239	51.040284	22.221743	42.469367	46.789107	100.329286	41.558662	36.568068	5.863340	66.636273	166.698855	54.306543	0.689256	63.484457	61.594951	11.030692	 
41.871918	25.628344	7.653893	15.420994	38.429264	77.718035	7.166190	0.319053	9.082447	12.955342	74.866129	17.354002	21.006570	27.341425	0.823190	7.917873	33.622352	26.769226	35.260066	15.171817	64.122738	6.992379	34.753590	62.938610	87.720557	26.146584	18.901978	20.884215	20.356115	13.226696	25.903312	130.901386	35.507438	109.806686	9.194183	18.646118	9.742769	10.421994	131.592364	31.429799	48.887723	19.238459	4.835943	77.073123	13.853267	133.794351	7.753033	11.174495	1.497514	7.845202	16.165079	9.386556	119.728848	2.959149	91.880911	63.059475	22.507326	11.399723	11.242221	7.720074	84.612986	13.324734	2.659932	36.068498	42.181856	 
48.709444	130.989331	22.778492	25.335274	132.383544	10.168920	46.209154	85.307775	3.254132	5.214919	23.335134	20.547740	5.465790	24.188451	79.437977	31.724509	61.794176	51.293081	76.182472	19.372415	35.029595	75.167179	19.258707	21.631109	26.149261	55.877843	0.885249	59.933029	19.033287	52.886159	12.154523	3.161839	76.320728	58.978503	2.282071	68.541101	86.775486	16.158118	40.358429	0.154081	4.961165	1.273027	10.860695	13.100162	12.160966	15.667421	9.832075	0.835167	8.133771	99.540882	67.918537	9.196292	88.549839	26.699550	85.219793	7.534575	3.728677	24.475901	44.459410	138.286502	23.029908	6.156528	9.260750	11.274188	20.638631	 
44.914325	16.781881	77.511194	133.992591	81.294346	17.370088	12.943687	164.548316	34.162292	15.885104	30.423943	12.871996	27.612986	6.091440	7.160358	55.306996	32.209027	1.288705	109.845607	124.246987	111.418166	22.274672	7.250205	7.589360	12.250624	27.691859	26.453063	2.741948	34.023293	46.474525	129.928231	7.571592	4.956421	29.824480	103.971833	42.872419	37.334491	52.776215	76.910659	14.888925	27.190206	41.923089	10.654472	21.430295	5.044845	112.983756	9.662181	18.951040	8.390168	1.525265	15.153188	17.477422	17.225293	13.823061	28.780712	52.156505	51.655580	87.262070	23.222957	5.942689	22.478573	87.249069	1.972545	26.581522	51.396542	 
18.811967	37.315142	34.576707	2.374736	212.371516	11.088803	44.661033	4.991543	47.358020	28.614439	88.951365	58.636535	48.217944	40.824902	4.177058	53.516083	20.045762	4.108267	5.530315	38.374281	25.884725	20.347852	42.303683	4.282324	6.409027	130.482087	18.273403	37.648811	28.767482	50.467956	70.016395	62.538577	53.515450	1.646707	20.225691	13.671432	4.122431	30.689532	46.702658	7.458607	22.493649	14.033076	2.989810	10.759373	1.504129	28.085820	162.294119	4.543303	61.906592	29.035112	16.721521	5.364876	21.169317	19.182386	31.364799	69.366296	23.258709	89.001167	62.112911	23.653022	20.700809	42.248360	50.322537	110.861955	61.716403	 
62.588724	11.979039	31.997162	39.271019	53.741110	58.277828	7.643715	2.948850	3.212297	48.768875	68.318531	38.641133	1.023389	133.300886	15.305775	47.378156	7.315802	38.121937	5.282522	74.056890	25.918643	49.115592	15.999614	1.213501	55.989883	3.470551	69.018590	33.846516	45.903828	44.500408	37.364523	1.972676	21.517488	39.226719	47.480353	22.034667	5.484432	42.775161	67.341593	20.460750	25.672663	46.885251	42.163032	2.544026	1.455276	17.672614	16.452241	17.678084	39.652464	54.833059	72.138541	17.431939	58.099061	145.542859	107.545115	3.494051	9.512162	49.671145	110.598537	9.104201	4.562833	15.742979	7.656345	34.573856	4.752197	 
35.655421	63.828358	44.028699	9.678913	51.348139	46.603774	26.505492	131.441864	8.129782	108.252171	27.888543	47.005309	21.105412	55.722421	30.949530	14.752886	0.760162	6.733030	23.320057	60.727686	22.878747	28.876875	65.638419	49.872886	96.850887	21.205873	14.978662	43.951743	14.514618	32.633468	110.305053	29.877480	18.956342	72.248208	15.298376	10.966786	1.141818	104.425460	84.576971	26.952693	60.330809	33.014549	8.043932	5.981332	2.340135	8.432583	4.528264	3.483552	13.743005	48.910228	57.795141	74.291378	29.961396	56.754127	75.135338	4.612336	155.262767	116.798046	13.941440	180.085101	41.675126	44.418772	63.300116	29.939474	64.390906	 
114.592382	13.938569	31.312143	52.704910	157.267865	0.728294	12.918363	19.218066	14.831205	0.631837	129.314036	7.797283	10.808310	46.464382	53.621277	7.562879	97.406242	56.914223	99.512453	20.017429	1.600958	17.841035	12.429321	125.241224	13.840335	29.806450	24.914670	2.213367	40.598623	22.044075	8.724323	143.999918	114.251315	12.633194	2.127674	40.002481	35.780372	43.153624	9.957184	55.323819	5.123595	143.341784	10.812248	107.897949	27.181427	17.693305	33.981640	7.135796	56.802997	20.088296	96.444182	1.460092	24.282852	31.353309	5.311352	97.023232	41.918947	85.319147	45.747998	32.511693	23.623701	28.022136	22.481015	16.509476	2.646324	 
18.071940	110.039685	28.140582	32.541211	97.606694	13.992087	34.587152	10.989632	91.482951	50.003077	59.942961	3.903000	30.032482	55.713698	50.030278	31.643433	43.932134	40.626276	1.773897	46.353586	183.574051	12.632843	13.429948	14.685552	21.765485	64.978405	58.286727	14.278643	4.520692	54.217026	72.941009	5.780726	24.715075	48.745814	11.762625	65.805531	30.314455	68.392509	16.241753	48.433984	77.819184	62.251220	11.071867	40.489106	47.960208	35.037667	114.367259	27.994386	26.222842	9.595847	14.404568	117.684743	71.572811	11.602372	1.419168	1.848249	17.015984	12.204980	35.996318	69.366961	0.290661	84.949470	141.257067	12.037894	45.561960	 
1.916014	58.056969	56.357678	23.715757	55.041577	33.121089	30.341720	62.588190	21.494679	10.790824	22.467036	23.349278	63.900101	17.110594	28.501730	29.625534	11.304684	72.854765	22.035610	8.192941	41.171097	103.516746	53.375206	54.193991	10.320702	9.295771	26.362166	19.399324	51.257282	10.162299	3.111730	116.883582	12.078949	18.284111	1.329595	9.898321	23.123365	0.615517	42.721080	14.072949	31.285395	37.883927	74.922852	111.685407	18.428726	6.380770	90.835688	1.574592	23.184688	38.268875	4.249440	0.596107	213.858965	63.143539	25.373523	32.710556	2.564755	47.538787	5.657824	14.657763	102.327215	15.938439	44.909686	65.512483	45.796096	 
45.060804	3.019882	7.676142	57.758432	4.604962	22.570396	1.073541	29.491549	9.699210	10.882545	49.701767	29.881613	221.336462	42.774287	112.110829	58.871632	48.429002	54.138156	8.747838	63.085965	23.041962	58.531051	49.347543	120.053488	12.668005	13.033182	123.779310	60.456280	34.767168	8.224246	2.706998	21.617795	52.738980	72.248046	132.695388	5.550411	13.510449	111.907971	15.269273	30.092052	4.792843	20.800050	74.456608	30.992941	113.531882	65.097980	3.726406	82.792148	36.290682	3.380760	31.737569	22.797447	11.052581	48.032818	190.229310	128.329992	16.740947	21.921992	10.674162	158.061023	15.237008	32.406764	13.785957	14.376060	1.215426	 
79.757899	11.169930	7.705555	28.977233	7.952385	37.283670	1.570420	31.653901	60.685619	32.797034	25.860832	44.741104	25.727728	5.216383	2.889785	10.396422	20.783814	28.423733	22.606491	83.290459	6.241507	1.136761	150.351657	33.610313	69.700018	23.747335	97.458608	77.556864	15.712079	6.314179	33.227987	2.651394	10.214337	14.856220	24.402771	17.830848	25.266422	38.210750	2.624410	48.784453	4.903698	7.415626	17.604283	38.064130	147.059710	80.267590	63.495625	24.708289	31.978494	17.600759	18.662702	58.357589	37.507767	43.928118	19.009712	155.661616	24.922144	45.410553	4.655113	9.186051	29.783077	41.018806	262.452235	61.596203	65.976556	 
11.806168	11.828672	72.872290	6.181955	49.826912	1.626409	0.404626	24.916371	55.493349	22.569954	48.973589	37.831884	7.428865	44.771012	53.004353	33.573764	124.997108	34.646984	8.643146	73.132313	103.108120	20.572021	6.070881	38.467816	7.237628	2.293347	12.895080	46.748934	20.453063	16.238758	38.671779	29.329085	10.160744	101.369824	133.708754	30.174557	26.805649	51.541206	17.270904	14.167630	14.333487	37.311268	33.550551	234.197534	39.132271	114.347926	4.581357	9.039234	21.625306	63.446722	96.075198	172.006031	47.411811	61.620086	11.615134	49.555724	42.599853	56.871211	41.889367	134.557465	32.406382	70.860262	37.296953	23.764660	74.397652	 
53.139957	26.153053	13.523368	0.790348	121.179886	16.254072	57.299509	28.418694	11.387785	19.397337	89.090735	15.660146	74.277477	63.366595	67.058926	41.604246	63.782168	11.185872	16.124659	79.181595	11.674843	27.912271	10.302796	61.281599	18.474790	4.051716	0.161772	35.383006	31.518311	26.785222	37.677115	66.688531	7.008268	8.309799	23.382059	41.356932	19.543090	63.891672	39.910071	3.596120	17.586112	0.409725	83.160735	42.132279	70.416405	58.717534	13.898685	5.077452	39.626078	91.997312	41.996503	1.325813	47.820253	2.804500	28.889935	36.328879	37.688873	17.913780	9.269413	28.503147	4.011265	3.661260	77.654370	47.875279	5.053141	 
10.453372	198.174156	138.051781	0.936533	21.611658	9.761182	59.838122	8.521409	11.165836	14.667067	21.507730	12.909530	7.735889	58.672696	19.843299	21.528823	21.500801	7.113465	123.541912	70.641891	52.291201	90.713624	34.851038	33.148079	5.528728	58.571977	141.331602	100.594714	87.069733	22.061177	33.419306	11.794306	79.732725	43.874301	6.349691	79.624945	61.795241	3.547511	44.485207	54.291032	12.137367	46.395228	198.629639	9.952390	11.172462	0.706502	25.259057	77.113094	4.303377	5.385249	21.294240	2.255739	51.659480	40.463517	3.865490	47.007624	16.318152	8.659124	12.618300	8.869496	22.916347	185.470928	101.121019	1.904433	61.197147	 
3.146256	52.231609	17.916698	2.044546	7.233343	17.102187	96.923969	107.382963	7.585117	5.427518	14.973603	162.218065	0.422083	43.941455	25.844955	29.098185	15.912302	53.787696	4.653476	20.656498	32.338374	1.751136	10.204013	110.909642	0.852522	2.588119	66.964429	91.541099	39.284161	7.387650	40.323090	56.595024	6.054681	18.546252	72.534134	4.803559	22.470339	2.156095	10.208183	0.471816	71.104413	20.747683	36.425845	15.744423	74.941595	0.642364	21.933511	15.104600	60.760490	9.484977	31.149691	11.703334	42.401277	31.162758	39.093726	18.691318	28.909725	40.022287	1.405872	2.138230	22.002775	5.044070	73.296898	12.830667	22.389137	 
5.163819	86.445000	33.116524	86.016085	41.041359	18.596693	53.159781	58.505635	6.148012	15.872801	8.602644	15.217477	7.078553	13.537614	27.803074	1.320481	29.652606	193.969729	5.063438	6.149779	18.925216	2.466824	2.618150	14.016068	24.654499	34.644966	7.355166	59.568882	66.107179	51.826277	16.706206	36.736800	1.149358	119.529982	134.105868	29.833290	6.022177	12.146426	81.093808	27.854773	20.243457	6.266236	8.872144	7.295799	29.095117	34.104557	7.929551	42.190572	36.020662	24.343726	23.250461	9.715453	14.730142	137.574396	12.792415	13.145195	0.136510	9.246921	0.868204	27.654173	4.856263	3.769202	7.805829	89.084322	18.199005	 
94.391992	20.613752	8.081987	46.464951	226.481528	68.288026	3.142198	15.440423	70.193567	34.482306	39.519107	11.754415	3.438153	22.418929	32.349702	84.846188	1.956366	7.937486	9.558684	1.107008	7.394040	9.076572	7.623016	3.523687	2.155908	32.937691	3.387768	59.073430	30.571016	9.325568	25.810941	0.455045	2.264489	1.869559	35.525508	12.412167	3.705490	0.567392	101.775045	30.139377	85.891597	225.204618	4.287263	18.188797	23.869984	1.849254	13.066274	18.806151	37.450461	56.174865	49.852997	50.464406	49.036178	12.847159	21.411393	6.070465	59.775018	24.756176	4.247235	20.177872	85.294304	35.776600	5.680399	12.850427	14.875805	 
186.823023	40.594928	22.932045	15.937866	17.812107	2.002091	193.050295	2.943065	4.828501	28.696103	127.383123	52.779013	24.426384	6.088466	2.496410	19.303017	15.709251	21.529677	22.041508	7.490457	5.110180	13.007613	39.888809	86.588113	20.221185	10.683536	124.417927	0.397643	136.246284	52.864165	26.891953	56.999697	79.511629	23.699538	5.254117	13.248593	42.511450	90.469413	0.587605	23.656989	29.480338	31.123855	195.899715	6.396815	50.182281	42.736714	5.400396	23.761496	7.641227	33.279314	20.223636	46.202445	34.129434	108.344530	10.444819	40.498880	2.317979	46.051343	47.869936	38.460472	39.488242	5.073416	5.245645	22.635568	14.303986	 
3.765414	16.619507	50.694182	13.105009	43.193612	198.335518	17.384544	19.389822	42.484555	77.007650	27.604458	16.680632	38.164143	25.909348	12.246179	8.061473	7.949809	7.397572	38.056316	1.247472	12.801053	49.697425	28.499731	95.513034	47.930494	53.906686	20.896530	68.147062	4.115453	169.633071	184.171477	49.273956	2.028387	7.659192	45.964897	61.600481	68.783070	141.722626	153.853047	4.649436	58.957861	67.855838	19.224416	58.814785	41.647286	81.596498	28.916058	85.551338	5.972741	96.319785	12.293482	26.130706	41.155532	61.233097	28.975162	13.904710	20.006975	74.066417	93.597419	25.723418	56.438612	41.358710	4.112579	71.365882	85.194818	 
11.654153	4.468201	8.340561	24.287790	85.128045	66.445390	12.600962	0.810764	34.607880	90.799594	7.933599	10.461375	12.870545	26.018843	22.630251	4.836060	12.660450	18.793457	49.410455	12.893821	2.581049	81.803971	22.723331	11.529847	22.761922	18.531407	47.142149	28.590315	32.388510	180.638149	85.183263	19.473639	2.543229	12.610652	47.941972	20.611211	28.428693	158.488044	16.742288	13.396928	2.071251	30.956568	30.514979	9.616773	75.210532	10.344461	10.737535	250.512877	19.802955	40.809952	5.989443	65.538879	68.826073	23.607252	13.739368	19.478798	16.317497	0.834144	56.438362	74.182023	27.934641	7.922967	11.395565	11.814800	27.153404	 
5.586873	43.339035	42.850956	0.804495	1.375318	5.729348	93.147301	163.871894	7.058037	0.930306	57.262589	5.312029	9.506798	93.994379	13.024227	118.252345	3.427670	59.130875	37.679307	3.232875	80.368004	21.732773	1.436785	24.589257	0.907010	44.058632	49.733936	22.012834	6.242543	22.348713	25.391405	22.439306	118.716464	41.089625	19.073092	6.541986	16.941899	66.397951	35.376381	113.529694	131.921299	1.122075	75.781069	9.384176	11.024064	12.187250	6.740427	13.783495	9.592465	94.061194	41.083352	70.480900	39.191612	103.668601	13.564402	31.963588	81.804622	44.084750	76.990949	185.913716	30.389989	169.942514	64.371198	4.571107	76.805399	 
18.201651	13.092686	41.400008	6.191693	209.756630	127.044499	2.695517	79.010496	6.602945	3.046364	86.255885	38.967982	37.134476	9.333101	39.656020	90.738560	35.175655	3.628753	29.083539	70.793187	48.220193	26.844018	2.488308	17.195200	35.175813	14.203609	4.722263	10.027152	40.115775	88.829351	151.204517	13.688628	22.152636	17.185520	108.527102	69.609910	29.965546	63.767394	33.007983	7.200191	30.787363	4.710117	11.714340	0.353301	106.461606	4.674899	20.018596	20.123894	31.403019	18.650022	45.204680	74.891964	1.081011	12.650626	7.126465	12.894653	17.002746	183.063797	16.036728	40.573014	45.636072	53.026277	30.460435	59.098912	5.449281	 
33.311830	24.153056	15.680816	7.253515	83.417629	1.323506	44.020152	81.753880	48.035686	6.507883	109.999012	8.523706	111.566201	23.244024	94.334215	38.751393	29.848349	36.392010	38.683993	29.307237	38.024340	10.652259	34.994732	8.406434	195.859249	2.636315	1.949215	34.545950	10.144109	103.745443	0.950800	101.029487	41.017911	8.648255	2.428615	95.313565	96.464670	5.964849	12.407550	17.169070	9.396090	12.553516	118.799485	0.723300	77.723897	12.001692	43.102016	22.015123	28.614102	35.928975	5.766077	14.423017	16.467701	18.206693	39.000685	8.832999	5.744038	11.589386	29.656178	28.185432	47.792190	5.703342	77.438231	42.590360	21.076191	 
24.954560	16.492368	8.408754	155.291469	198.178641	12.271164	55.799327	22.112159	46.075503	31.080074	32.176629	2.085512	7.514653	23.609824	13.330913	56.919523	42.838872	15.406336	61.721825	60.125413	125.066103	58.056572	0.316303	19.277915	45.357125	2.875275	142.508228	84.869426	10.296519	151.822692	47.521735	24.628447	11.704201	35.525243	5.873512	6.033252	26.672935	17.691079	36.210117	55.816757	5.310809	60.775363	66.617839	59.900516	4.035957	47.417884	73.908761	28.772461	41.786270	40.551865	66.399998	2.843480	39.601262	36.635335	39.410352	21.843779	13.991127	0.932261	1.785528	61.190424	7.778399	34.697754	0.713541	35.453642	28.592644	 
3.533890	63.387900	3.732574	3.343316	70.512132	2.928698	99.035798	28.805748	15.404796	8.093801	8.629891	7.044320	300.840391	28.492839	47.924469	59.528080	71.933594	12.509640	7.710108	4.271235	82.973739	49.795615	86.269773	3.276196	8.669702	35.976874	17.875753	39.425304	12.873100	25.052076	1.704617	6.467898	7.813589	73.458427	79.146465	16.459902	13.022927	93.859540	10.790284	13.488762	73.607895	32.265500	57.378848	1.309802	33.824172	5.887077	19.888767	36.515253	25.789330	47.859648	19.272849	13.558271	22.789218	21.362731	50.128013	16.106201	25.135742	18.705688	10.140166	10.797279	17.464253	21.867220	98.837125	26.390736	17.572062	 
39.196433	9.513414	77.288560	2.223516	57.587752	27.961599	73.694113	128.321829	10.726780	98.252411	86.865042	48.547915	12.053771	8.782612	107.063815	25.810473	34.180136	17.359030	40.034464	48.684545	51.864420	14.091488	27.617109	13.002663	104.411142	38.662569	53.330583	3.541089	16.446054	35.139542	3.920289	33.990315	9.181462	23.129101	2.111886	173.998275	30.274745	78.809725	133.479776	43.964696	114.458112	26.699000	73.028406	1.767417	43.818427	24.124091	2.888900	17.978271	20.059213	6.354464	34.535288	120.988660	5.282019	116.820947	39.311752	76.152195	135.387068	73.323130	17.390699	5.221589	47.452386	15.173830	21.066438	21.452372	31.821389	 
2.464351	41.102347	50.812251	44.788740	57.323770	6.431701	67.196510	49.412140	12.552354	72.068859	106.972272	20.948881	108.790140	30.052422	64.002683	8.657853	24.631795	4.939951	52.594447	2.429749	69.138773	1.001662	38.483944	31.333965	7.102278	37.959947	15.528253	8.837690	124.893483	8.990303	40.179684	29.666806	66.205809	82.778398	74.901325	75.913053	19.616942	11.788877	5.178348	19.116142	119.529984	9.814200	1.674495	22.248212	10.043870	107.564027	176.755065	15.727238	2.586236	10.531282	94.878867	61.196470	2.966640	4.279843	24.966240	111.255780	45.613046	30.588367	28.717737	127.184824	13.074698	130.143164	11.147025	93.569187	59.324785	 
102.295201	31.637349	25.911555	38.825221	5.430736	1.584699	25.351903	86.102174	21.029328	83.165764	18.847498	56.529427	3.310606	1.707663	43.051727	27.181168	112.752736	23.811213	62.784039	60.499727	23.357992	0.813429	18.909997	15.288993	15.784646	4.443361	24.426939	54.482563	51.101914	26.445801	29.504515	21.675364	32.900916	23.175833	22.779072	14.345394	5.407332	25.505828	83.171250	28.105983	121.844025	10.269368	33.219764	4.150637	91.960274	14.730345	31.885294	21.282012	11.263997	65.262480	18.582264	95.818923	69.871894	7.266220	41.622333	19.884761	14.241371	112.128016	20.076664	54.339087	61.282699	14.693376	33.397516	35.823866	53.023165	 
87.191633	15.211506	33.594131	30.917790	18.878657	12.935089	10.372365	25.564674	38.917823	115.726085	15.096117	22.412881	26.693866	24.516935	4.414789	5.537400	37.379298	18.083186	14.768316	14.730964	16.726033	1.709812	33.006256	1.168502	9.747942	0.791148	102.066920	17.698712	52.550113	66.184395	13.900425	61.665998	39.915822	102.485800	6.435787	3.502650	16.066676	10.822227	57.162860	3.558144	3.612972	95.272813	16.292405	28.672242	21.494720	87.989370	5.122223	69.787043	49.522893	11.666975	8.670533	36.749203	9.692907	30.290780	47.286169	30.080564	7.390576	30.192888	10.635168	57.326994	33.039837	5.796084	14.823254	16.463773	0.976861	 
69.724957	129.908902	0.300551	10.283699	21.973617	150.599349	9.674452	9.601043	1.862573	12.443526	148.317416	78.799238	19.745840	12.533424	52.981086	12.068066	24.974076	16.553950	27.188915	23.922847	58.078201	4.156959	3.778725	43.685888	5.726388	4.865733	39.757316	58.413764	10.475934	5.672509	17.886719	30.976868	7.128866	2.030231	4.254029	17.838132	47.555647	24.555366	68.894908	59.974529	39.763018	27.130240	82.229584	74.093774	73.624945	30.851758	60.530315	35.636585	42.752672	16.079552	2.613978	5.414543	19.828802	73.502852	30.513729	37.193602	7.975953	9.840641	8.338799	143.562413	108.046774	72.721121	14.483540	15.796544	73.356699	 
60.652612	37.741162	3.943272	13.117585	4.467734	52.914361	69.523211	27.004800	62.789209	8.791439	60.348094	18.795784	29.087366	3.621087	7.496422	6.181290	2.242720	1.634639	42.792899	158.334240	127.453469	2.120834	66.417422	42.757957	21.326023	255.157312	47.098390	29.454057	99.658827	27.133004	56.617200	16.195150	64.641918	23.459682	74.268720	58.282676	59.741975	46.458840	24.637507	100.892137	10.651525	103.895748	23.446669	47.789538	34.165708	25.132979	8.323379	1.255066	35.877893	1.233057	65.720031	0.086992	82.257719	42.106570	70.896419	69.993586	17.833361	1.885286	86.306279	38.462087	19.387106	33.800577	64.918515	97.220358	7.721886	 
11.570744	21.401112	21.863033	25.543577	12.515253	47.812997	33.556819	18.565390	64.771743	6.001144	14.878930	28.821930	97.970070	36.511112	8.753943	0.506099	28.386986	137.448283	15.290388	14.432473	5.863408	36.795451	13.655770	80.419207	20.377531	60.916421	35.353095	21.369079	8.364205	24.802454	52.993063	73.706389	0.693201	3.066389	12.176302	65.000088	0.199398	9.804345	22.139362	19.375657	49.485645	54.767025	13.066953	49.291419	178.809715	88.292472	0.382491	10.783571	15.018931	9.966211	80.658354	5.319441	15.616072	37.560295	27.258300	8.244171	17.885944	29.829725	88.157265	142.360583	88.029397	26.961891	7.472254	6.354274	45.277957	 
8.935779	14.714764	48.829019	80.481115	47.490482	90.357617	15.301462	4.894247	5.055059	18.262772	65.881862	14.492577	16.037173	10.230584	35.549111	1.588059	78.880545	22.431958	16.012669	17.215928	133.395063	9.813608	38.383399	67.419525	5.800880	4.249118	29.499934	2.217410	7.048645	32.157446	48.682662	113.747687	22.322071	18.605425	95.866445	7.797729	51.079174	27.816507	27.525365	20.401534	3.574444	82.607200	27.751658	69.710250	18.765410	5.901041	8.374528	49.437162	39.993863	22.637826	33.200480	35.369195	2.008275	4.578543	3.963871	55.959824	14.919672	79.992101	41.349109	20.277058	8.945474	11.663770	17.580344	20.147343	14.843147	 
2.090257	8.062877	86.363947	4.619114	3.747283	3.509697	138.466076	41.173518	46.401703	36.204592	82.080409	13.674674	41.394655	109.771955	51.733635	25.512339	4.617937	31.646736	13.907134	55.146111	2.018088	22.139808	40.806253	188.313074	41.377138	53.222080	90.955490	32.488705	10.316024	85.408499	8.596797	0.800166	33.724845	58.948405	25.882391	53.496958	9.224760	14.883698	52.212690	2.841035	43.850343	61.330978	10.904610	43.491984	13.978847	20.387819	95.142957	6.668902	2.658194	14.346698	43.423742	7.807034	54.209831	15.268110	15.414603	95.643708	47.337168	34.815051	24.131848	61.392852	77.654408	13.972804	21.305576	18.162568	1.198366	 
9.228147	18.253435	20.957041	8.649425	8.731387	100.505442	39.167425	0.655441	24.660970	28.228706	49.083577	40.034627	3.553939	35.606075	38.290939	29.067481	4.382552	1.246721	11.656992	14.731054	22.468744	19.948486	104.815691	4.810672	21.755555	152.675183	3.489680	86.742199	17.776382	32.440724	7.619902	71.984318	1.033981	25.697583	11.344810	32.658572	4.462145	104.750937	120.115120	48.710359	114.395465	27.982417	39.704870	48.541690	30.031554	25.406334	82.195656	17.245049	16.518414	10.059682	27.623595	83.401005	71.301490	9.559926	19.318193	1.742948	6.833732	3.985278	146.675530	14.456904	93.680098	29.619047	45.812916	0.885574	23.736607	 
8.919525	47.912967	71.988765	12.432636	9.955985	0.452751	19.125884	11.072757	62.732682	27.576300	69.988465	26.044206	30.907918	1.987237	41.974728	11.785130	12.601506	10.737816	6.808740	61.878661	61.014644	26.617926	61.765548	26.595310	76.232580	14.710653	22.822193	154.271301	26.391113	9.966518	57.743073	6.436214	18.071274	3.405085	18.143863	113.227791	20.972287	60.450855	48.876421	26.186949	71.406124	64.384360	191.567370	40.269449	32.638396	14.362984	66.323542	57.750889	1.929321	12.273662	84.570147	4.457962	75.601569	34.129422	40.897640	2.314974	1.534166	82.212323	18.704647	87.374181	38.727668	27.267218	90.140424	13.762359	25.706577	 
193.286073	19.917998	58.141827	14.100873	13.228722	5.784430	19.127994	3.668113	53.956929	4.061961	54.695829	104.685487	75.168624	20.131886	10.877863	5.884639	14.125507	4.225068	9.304479	28.980134	22.647980	17.450435	179.819675	11.014804	24.199940	9.192783	109.697712	127.685038	50.223402	49.212155	65.224709	26.896922	7.377532	38.030782	70.410877	48.340288	19.959936	52.501139	72.179942	77.032607	5.531437	25.333692	23.980612	44.333513	75.883009	82.706956	43.006678	46.270737	98.523072	1.258012	17.510890	25.974014	40.364044	45.524458	25.435885	49.996222	55.203215	31.927873	58.855947	8.386501	52.863341	39.744505	10.677756	7.042995	15.346573	 
38.004875	5.933001	34.565883	41.747003	5.812023	54.815579	6.014995	13.197902	37.944902	51.297329	18.713414	11.668508	37.001351	28.760207	92.087087	15.519120	30.073913	32.096147	26.382580	12.595585	41.656946	21.575232	23.155696	184.366559	14.840787	20.552111	14.138467	22.084168	144.229374	51.026871	6.959630	57.351258	15.853246	1.821642	117.819991	9.482989	15.325067	9.263666	18.252013	23.628686	34.459008	12.496856	137.756123	41.226952	28.975133	22.013621	7.780407	5.435899	88.827534	17.159873	70.949075	1.091351	135.795402	34.871549	28.155929	40.724339	4.109120	7.705471	10.350831	38.375783	26.130766	86.712019	4.555387	36.995636	14.242889	 
51.951593	7.026383	63.641433	4.895494	19.391967	16.794530	15.035096	5.489430	18.911543	33.066613	66.586000	48.103036	6.777581	12.017490	12.792879	58.908343	91.152035	9.481902	9.879278	33.590801	1.813391	2.031007	40.572052	91.887555	99.653374	44.353540	17.492596	14.493374	102.778425	29.101497	58.399109	10.195426	12.217187	23.441813	50.334751	8.888159	30.649145	31.544087	46.242617	9.416251	4.816112	28.794417	23.639270	64.253930	6.599866	15.525017	6.640684	19.325330	9.632878	31.306341	8.356301	157.740482	45.724616	3.195805	18.692437	2.023775	4.999632	48.380417	8.902904	1.253261	2.722739	23.879818	0.681670	46.012516	61.392047	 
52.196413	21.295503	149.054979	29.749524	1.969826	90.178967	32.579827	54.175110	3.101345	5.960604	5.504696	16.499803	56.035384	87.512698	148.338915	5.137220	8.105219	21.571162	11.500388	53.392368	2.115489	97.380008	23.249153	2.690898	23.323359	1.327309	17.315362	3.762209	35.243225	101.581498	3.811060	6.409575	284.806443	10.403953	34.217537	27.808438	17.752273	31.014079	5.506816	270.314149	35.283620	35.331016	35.142281	6.029206	45.609817	44.197185	68.031064	3.561034	1.041266	10.430192	3.490319	1.219364	27.235555	7.880859	45.030786	64.727649	1.655610	22.824149	75.538463	151.801914	9.600113	21.844745	194.149406	57.858185	34.440852	 
11.125945	26.684470	1.591068	53.137880	38.515543	180.534973	19.923455	14.160916	22.269432	92.231947	95.852069	41.307494	38.092182	47.664134	14.885635	15.436722	92.279961	7.798028	6.855751	28.395934	115.013177	32.747909	36.472312	4.097253	27.322612	2.010759	3.154946	23.142996	41.232966	4.504982	14.836572	61.977485	9.248453	27.319314	19.765888	1.841981	41.010757	6.261187	58.780182	6.083359	85.402740	36.542969	7.059182	53.964455	23.513601	15.623416	90.867431	11.846252	42.842981	54.960606	68.795480	4.391441	51.491530	26.112565	79.654489	53.944423	36.111191	57.919421	12.252731	8.084157	63.775822	9.656541	286.792011	77.104372	70.989827	 
100.509202	99.650850	73.272404	9.192123	67.653796	30.058516	37.298414	4.351839	4.657468	18.011632	28.388300	1.517988	4.108804	28.866889	7.764735	12.245222	12.966128	110.127183	115.616983	9.018903	35.083548	8.325609	62.858384	20.916792	29.737547	42.085967	30.284377	41.567850	57.379882	29.850542	8.563954	11.211638	3.224308	13.843064	59.337940	6.132572	42.171327	48.213890	81.307357	13.756421	18.350021	3.568047	37.124276	18.244433	39.242727	1.113983	65.704427	32.083663	2.682474	12.398135	52.511114	145.979275	178.334443	40.779336	43.439968	38.915828	23.365008	5.927892	39.430761	103.269731	5.432452	5.573851	2.717153	26.118520	24.264617	 
99.608874	54.442493	24.002175	92.623666	3.881598	32.528688	7.764798	109.878630	46.017148	92.093626	113.799142	2.817192	10.250791	2.052151	264.377456	18.468277	73.779865	7.994707	57.114217	48.281294	15.698840	33.460195	65.728960	3.823243	6.535433	157.385726	93.687493	15.736105	57.958548	28.789614	48.350267	66.998122	18.715532	14.723499	41.122867	15.114198	41.258816	4.895108	1.665114	6.555347	19.771313	11.986557	18.952390	24.528800	165.816819	39.656003	52.083149	0.272664	6.723446	1.143458	277.292969	19.768213	42.069877	7.809404	93.250138	63.373182	15.599484	37.789675	17.580673	24.834137	48.583423	183.498348	6.980393	4.721676	27.357981	 
72.477225	12.085300	187.172588	18.636726	12.196695	44.105565	56.455812	69.149620	186.986293	90.029096	13.261663	25.204079	119.912786	11.154650	167.882885	76.851593	35.924523	56.507794	4.378156	38.000163	19.468246	21.755166	24.635942	0.750988	6.751914	32.810836	134.763074	58.406788	25.404087	56.913257	49.011772	5.671393	16.503588	9.577274	4.455539	71.936845	112.844537	5.859398	29.901828	6.719228	185.290728	25.495733	55.241216	48.614060	11.878810	15.054914	89.401952	46.036933	4.872372	59.258127	65.907460	66.889943	95.631793	18.132982	6.099411	78.971018	15.029911	55.706878	140.794129	38.361140	2.677601	14.400641	59.040792	105.993607	1.210459	