64
0.000000	44.099402	17.795027	24.915984	6.253788	4.692885	7.220301	84.157708	136.903226	47.297601	128.656446	24.016560	3.612337	16.788494	10.430654	100.067680	82.818252	51.529006	29.530050	12.663012	30.434549	66.455643	5.582595	27.583120	0.631478	55.232812	34.747114	32.259667	13.380663	3.280901	49.163104	33.097898	50.314363	4.411035	13.920479	4.362885	5.505035	3.752129	49.273224	12.297112	19.444489	1.642827	18.723502	111.240877	109.405889	75.667864	11.075132	17.393375	159.982154	108.725303	9.551580	6.969474	1.767800	59.860688	36.372490	73.182006	58.645346	13.605814	17.998498	22.814961	23.242493	57.013419	41.527131	23.430071	10.241297	 
42.700166	6.865743	14.538689	93.205449	4.868426	19.728598	87.813410	47.714471	82.526372	37.469028	63.399889	81.833595	17.998168	17.424520	27.970274	13.301252	5.903983	12.279676	27.670608	16.995207	47.192567	148.688004	20.829998	9.760929	88.028034	36.722670	31.317888	128.520659	1.442421	1.498634	19.446230	99.006035	93.898347	65.869597	9.289256	21.105676	0.110900	104.560853	2.875787	12.880584	38.987932	29.461970	46.771377	30.494827	35.819566	35.056927	116.859305	81.422242	50.660429	8.907216	30.606661	6.672371	70.214963	19.625884	10.699893	18.334387	27.139034	29.260247	71.484429	13.435937	37.651704	6.970162	36.982451	12.065674	11.670344	 
13.992025	20.064169	1.474754	88.106188	49.245607	89.611723	62.766843	65.253767	7.109708	122.712620	2.723765	30.342718	43.148313	13.226179	230.563666	5.603452	30.994930	56.801901	3.920946	10.542337	48.768995	51.072323	41.402561	8.063027	47.370538	39.926909	34.176254	13.063954	58.884992	55.816378	28.448641	30.330466	5.526833	45.733179	14.122378	21.255587	20.477254	27.556768	3.085252	8.349521	52.671600	21.596077	21.005010	85.937222	150.949141	1.993180	56.526455	11.318075	70.972687	15.343562	224.109416	70.941089	21.283282	0.747175	4.039525	39.126729	9.075297	70.703270	24.648644	15.261045	4.744021	134.448928	14.137332	34.611061	7.958093	 
59.709618	24.889789	57.798741	1.872598	21.775160	7.227514	155.815903	237.476602	106.311840	39.451418	36.404295	25.609636	56.620510	21.431492	69.899921	3.409021	47.545228	14.119628	145.554562	60.696102	55.713390	52.274719	57.891367	37.108113	26.939969	76.566249	49.885702	74.687732	25.246935	103.553901	44.823214	56.519589	13.829644	18.487948	19.186288	13.522448	81.473651	49.279318	56.731640	46.924099	5.764884	22.992795	19.418932	7.016588	36.894600	44.906070	17.033926	14.190408	2.751342	7.194068	73.288001	75.278454	39.210548	27.914203	40.482706	142.677180	18.775426	70.176323	67.708307	6.470455	31.430688	43.700449	16.132615	154.011250	171.060744	 
14.792782	33.099460	21.782246	46.610443	4.185209	5.081203	91.777668	81.014231	22.562247	13.800409	28.875240	11.741145	140.645308	50.822820	1.377797	48.139520	9.335043	111.028495	58.377965	43.341559	6.678530	105.069271	23.144333	19.745930	43.893856	44.303569	15.961424	3.402742	2.982676	39.905063	14.141467	14.337859	59.694955	12.429583	7.297595	14.908563	54.286758	8.375518	41.901486	34.156162	24.028119	11.523547	81.531020	128.223708	33.416679	14.798008	50.909777	25.559801	7.057470	17.382347	18.734434	3.355245	4.793099	56.476614	21.035182	61.315746	5.538429	66.066627	141.324832	194.255139	14.548584	27.008148	55.880516	3.779147	122.550191	 
2.212482	2.534478	103.229422	4.460466	140.426358	3.061343	2.838692	46.682123	27.831212	5.016485	28.117696	31.390994	1.993423	29.109322	111.189066	32.571536	52.761026	5.673274	40.024505	35.544986	17.911627	52.373883	4.881559	34.989618	81.899391	24.279158	170.406255	34.376275	31.211127	10.060070	9.803793	39.898062	19.914407	13.057129	33.533234	16.346354	8.811236	26.140003	2.983264	35.725712	17.757929	62.405663	70.178113	75.056932	105.834956	2.265702	33.190213	77.907576	19.025087	35.271960	37.314495	9.316416	25.632989	5.601949	42.420922	12.850369	30.153011	93.954982	93.646754	14.265932	11.623666	8.538565	31.399740	56.042250	8.472205	 
177.245122	46.322381	60.730307	44.170711	10.312943	48.172279	10.195217	9.966043	53.334343	44.476530	1.158311	30.757215	78.413278	18.087915	1.861801	24.556185	55.421909	32.138182	130.781270	0.713326	20.882643	97.459571	53.065489	3.872725	114.661036	30.567717	66.025798	21.172832	55.232315	82.655451	24.472973	81.600674	32.200321	7.663263	0.968171	80.053375	33.460492	51.186549	61.142060	81.435077	45.080724	80.542304	18.499722	36.548132	43.097490	0.353720	10.524585	36.297542	19.477797	54.465851	211.076379	7.554064	52.970159	18.450227	59.050257	133.282942	45.440380	2.089963	1.397028	3.111153	104.312663	19.898990	3.982666	10.583313	38.773363	 
27.538893	84.701096	53.985374	94.179625	46.856257	83.695614	77.707623	6.286118	3.706640	2.624937	12.790753	113.909594	21.026492	6.306089	6.436314	22.788275	6.365645	11.696677	79.172210	18.063803	1.700029	22.923382	67.429126	24.780371	11.066398	7.813283	80.022553	56.042539	45.035434	143.830556	2.399181	39.246144	60.242440	16.459623	83.747105	40.962314	12.230082	31.280008	3.768847	1.806344	12.632018	17.148803	158.057312	10.724010	0.663986	24.234489	135.246023	29.602921	96.448762	38.606854	18.891858	20.856560	21.484832	39.357342	18.759018	34.009972	33.281623	18.416404	16.996064	85.111470	105.248479	53.615427	44.874168	31.407575	72.713110	 
18.746466	33.760923	11.637594	49.897517	5.986185	25.626495	2.995606	32.026744	4.350391	99.426502	16.847171	179.849240	27.894389	34.266358	41.023119	24.115776	22.691571	21.633073	48.420130	185.560882	34.819988	15.865691	82.185728	25.511739	23.004002	28.872335	4.152763	39.467019	15.580039	65.153246	27.548441	59.678298	3.136636	6.995474	13.227015	46.803418	24.083030	23.610061	63.540086	76.713969	26.695605	75.287529	207.043167	11.704056	9.999675	25.102568	15.496698	41.868801	13.286250	31.464700	7.555544	22.109114	31.463895	25.163658	11.252173	22.959063	2.806789	2.397876	58.521263	11.043342	41.437791	45.487698	167.486831	6.569967	5.602422	 
65.463034	3.748862	53.012101	64.680769	48.896376	29.144972	15.520812	60.362943	17.291245	0.015237	24.351433	110.424385	4.148321	0.724788	6.338503	15.026821	42.947235	74.552441	53.688144	14.503030	51.136072	34.030767	54.644722	14.329716	28.574914	16.033467	113.558850	36.502477	63.188050	19.578570	1.547457	5.369954	47.664545	78.618418	32.891844	41.718204	15.450419	152.330947	2.459348	3.025955	8.396524	55.377248	16.702198	44.333900	14.240772	45.524764	41.752863	18.056505	1.978889	16.468277	84.192412	19.153210	10.618819	50.602055	15.065709	138.128637	7.010852	33.723149	35.967587	165.575416	78.495325	22.200523	104.443661	10.609086	41.590245	 
15.755359	9.228852	24.530745	14.823660	14.619553	50.227116	12.296167	2.396511	4.018580	25.556795	4.881985	48.418172	1.182027	46.668296	75.846016	62.737889	80.199191	136.321724	23.765008	21.452131	13.728373	135.877455	66.435987	3.135860	18.810002	2.538904	12.721921	16.299752	131.878346	10.895535	58.672372	5.440638	13.400582	13.805665	30.678662	71.797886	23.365570	49.980495	7.828005	2.552803	18.396079	52.950957	60.039213	237.964017	77.006844	52.386406	12.944852	14.944210	36.802700	27.631441	71.520078	44.470597	125.000894	1.090158	22.145877	16.404588	72.154107	23.516651	22.557618	74.387686	65.807694	23.249486	75.099444	27.108611	33.298129	 
37.218177	56.715557	30.169379	24.366189	23.367971	71.895203	127.345000	64.411437	57.182543	31.099000	12.499913	12.575587	9.183140	28.054958	64.147916	22.077822	25.413173	19.409629	23.478761	70.500763	29.140918	17.262519	149.484257	5.087517	32.228812	20.170894	52.777850	27.032459	11.853148	34.784768	2.885926	53.063428	13.063627	39.113770	2.922079	88.144859	11.801810	38.528815	88.765882	123.260627	58.279861	50.061993	126.642323	25.992298	16.630474	114.388370	47.217779	32.539106	1.492566	33.160741	10.774133	20.516472	4.421937	61.130931	9.344200	15.061733	33.626218	26.906815	103.963746	69.409993	4.604464	3.263614	46.953684	38.548257	7.528872	 
15.537269	60.331279	15.706127	31.469965	0.995696	33.843372	2.259629	4.258444	4.067253	24.772986	11.172791	20.075022	2.602051	4.796133	44.314206	52.011423	44.514900	83.959697	15.381735	34.212088	26.672793	20.410872	73.393038	12.295558	47.655602	75.789469	45.341420	57.133004	86.262655	131.444904	36.588602	21.100759	35.027124	8.947528	72.028355	5.908253	15.992962	88.584277	20.134545	1.247140	20.660532	17.510298	101.884347	0.708143	30.073244	44.914422	30.358181	26.757068	3.885841	16.465190	41.443544	7.153240	30.180196	88.115589	29.256247	13.188668	21.469833	7.436426	24.291298	9.399158	3.763707	18.232894	7.140130	20.919336	60.221082	 
16.696136	43.659872	42.258984	13.455282	18.536929	21.396427	23.720577	79.061990	39.234896	29.870913	11.617414	1.622626	25.111155	7.787741	43.196262	8.562049	135.724260	0.884387	64.183967	30.783140	27.300625	46.431980	157.139434	3.783058	30.456959	28.909996	20.384881	52.638396	72.526608	24.735099	53.761661	15.715447	9.301823	47.303687	17.247676	1.073807	213.464228	102.993513	22.324563	102.998904	29.772648	44.261861	32.704339	32.660565	34.843330	42.858787	36.475670	130.355254	72.588999	10.481867	34.742887	5.344095	29.132311	37.909454	19.616081	32.909242	74.481756	7.358966	35.842835	4.542310	21.209408	6.866584	12.451092	5.410819	4.615884	 
12.028469	16.031485	2.986248	1.869234	16.205020	63.393075	13.194987	5.948103	8.045504	21.676286	14.039990	15.130061	57.825543	163.146566	7.916009	24.146433	27.172887	6.086602	0.897247	60.682054	67.278727	11.482743	59.646867	86.767926	26.925598	23.830762	7.563419	40.428301	152.648205	47.697511	13.301606	109.177995	18.584211	5.930571	1.462528	93.920569	18.314968	0.662591	18.992792	43.413071	55.162539	2.956965	3.068117	10.975355	36.358517	1.695369	56.480471	59.667657	4.568117	18.098570	43.707210	11.747760	16.364686	2.996726	29.690639	62.954432	0.306456	5.141936	59.224643	32.984795	3.045786	66.989091	10.797163	6.056497	7.294501	 
68.399109	10.945381	5.891651	17.084731	31.291406	141.792404	2.473039	15.357598	47.786105	1.218766	14.687074	6.765146	52.241279	48.319201	60.357048	11.099993	64.160375	42.244182	4.164362	22.535577	10.270478	81.751589	101.326895	19.349230	9.574274	53.698692	13.193723	13.829747	39.415315	41.612622	30.561254	52.452266	7.353207	1.740324	33.830436	56.300211	65.417758	24.736602	14.357302	8.749211	3.887455	44.999827	24.834368	25.312499	10.824349	9.289991	53.326716	5.217540	2.635818	83.118457	46.387832	32.940055	0.889129	69.701884	13.068137	4.516768	25.567778	2.340413	139.300020	20.833613	41.927850	54.918834	141.188980	110.195640	16.183701	 
17.896638	7.795295	7.481994	50.080998	6.267231	84.601512	5.102672	115.841728	62.865519	17.549944	65.813235	56.772782	101.929814	19.778853	11.546077	19.121677	9.034786	25.891068	34.161718	109.229893	36.883030	26.993148	12.652658	30.467014	32.116494	158.559559	1.394805	35.550450	2.371264	8.519976	38.925486	21.851021	84.059081	63.789154	4.718208	18.644518	41.631936	41.780202	114.249232	62.012483	35.992474	12.418944	55.219621	57.738025	26.854429	0.745290	1.532536	2.732238	11.836116	21.305267	20.465272	13.416343	98.254606	26.973351	32.812000	31.532013	1.265197	38.396374	11.020669	7.382334	1.742088	22.812253	48.305457	25.597679	75.436788	 
52.530659	17.766650	106.791539	14.375532	4.474171	49.438006	30.436320	13.054468	35.240502	31.740270	40.285445	23.557172	11.615988	70.192527	24.228766	2.671817	83.463876	9.041046	3.254512	22.233928	22.059803	48.873800	73.728070	35.271505	16.859939	6.195689	14.390532	35.719327	31.466022	2.021938	49.897458	39.659993	5.532305	142.156387	17.867870	70.010935	74.310071	52.548765	14.513576	3.804351	37.063568	74.383902	1.516189	33.404032	36.174893	8.750439	36.240777	1.931674	22.182999	6.980837	6.341814	16.634135	17.230751	66.985925	5.144609	19.698821	111.248448	23.550701	40.694776	25.845144	5.025663	20.084292	24.934412	61.012810	45.968819	 
35.334101	4.667842	86.500140	13.020594	19.734889	8.929446	12.127048	9.342858	48.305858	10.959611	50.766405	57.158593	53.849937	58.324876	5.384116	12.814197	31.838375	17.760733	6.755731	23.834007	116.624822	6.597949	12.931927	12.050443	5.611689	15.189318	59.304159	50.856006	69.748819	15.368079	26.124901	1.101600	53.034392	27.167541	34.880651	2.780741	153.758957	100.768893	100.846928	13.569616	81.928764	2.149997	9.512276	20.543829	14.894626	17.699649	37.726587	4.646224	51.149497	22.140085	21.778653	47.371741	38.734116	44.432830	1.444987	15.109358	109.515041	30.259328	31.582349	44.277416	8.785278	121.969042	25.071516	27.358236	64.378581	 
16.465150	50.957605	2.558068	37.136957	65.885505	280.816873	39.326308	15.152436	29.425381	5.801237	33.070730	4.262565	91.101087	23.115147	5.202695	26.451888	24.335276	26.330192	12.648912	15.147065	15.099926	5.094685	34.420002	44.789825	1.922089	67.461023	12.257866	3.093432	41.544659	21.052051	74.866813	209.240791	86.272661	93.961514	36.386886	57.573109	86.235525	21.743468	38.979866	2.747690	3.780456	69.868780	79.239921	8.688436	8.627581	26.136969	27.105887	18.910803	37.533304	81.834384	22.840015	22.900099	141.744011	21.973617	1.306134	16.584619	45.880538	1.481859	71.549602	5.917227	61.428250	8.276945	75.181203	222.382753	3.443269	 
27.387608	18.038623	8.207473	22.777130	8.797351	29.601636	88.612510	19.719292	99.674809	39.708674	33.066720	6.422886	19.002315	24.584183	18.096913	17.832412	92.383590	41.940619	35.227478	23.395514	33.540039	38.510687	56.442142	68.988045	78.556117	41.786910	20.181621	6.565746	116.344218	125.644660	31.670772	120.770887	51.474532	46.998526	19.773558	47.303531	4.295456	37.855750	18.272548	95.993968	75.912314	122.835913	59.847170	9.195875	4.146594	4.041617	30.550690	26.925009	7.536177	37.010226	4.028661	57.059627	15.844782	0.635585	0.998178	26.309970	34.011858	12.854121	41.595639	4.615667	28.112382	7.042015	14.915894	113.177473	49.152089	 
31.264214	17.843180	43.829396	74.696864	14.462460	42.412797	35.160460	6.293099	34.844956	31.103714	5.793301	10.087762	78.062234	3.163553	29.751994	21.110249	7.896227	25.317972	16.894400	74.788479	47.937047	1.924132	137.528091	13.276780	25.116296	71.849745	1.347304	21.728220	13.439692	25.815607	62.596849	70.774838	16.266302	34.794525	81.024068	15.494424	70.356523	2.601338	104.724925	5.082983	5.303110	21.014941	38.978723	20.110959	31.322174	23.743605	117.307491	12.186948	106.082499	81.356731	8.661961	112.327709	30.756588	49.480396	54.667803	12.385120	24.838179	0.389576	43.751214	55.110344	27.032007	64.929556	32.332273	22.925986	31.166242	 
121.457036	99.167521	102.550170	70.222378	50.283513	35.142586	64.516614	39.538397	33.002365	18.663580	11.873362	59.498204	23.490470	89.274455	56.496376	21.411303	80.084593	28.946790	32.098622	61.523763	8.482982	75.141174	7.724289	5.724235	10.609336	5.703457	46.799377	2.562755	117.112320	2.992853	64.486124	113.415915	109.334065	13.918304	97.010033	67.702345	31.811184	109.876071	76.137484	0.591570	65.074519	84.306995	31.661051	55.780399	49.504808	28.545037	183.802968	39.239274	5.081861	120.750695	38.796408	67.657644	72.157410	26.948900	2.585333	38.589559	13.091491	40.505076	62.496831	61.430388	9.457132	15.716694	16.895034	11.573868	10.988408	 
8.376450	38.206944	67.372197	27.380001	6.810254	59.217824	7.267868	8.534649	24.638451	15.680055	22.906216	35.613881	37.193513	27.699222	37.904884	13.085696	14.335778	17.700940	4.564957	45.179951	0.409021	4.664538	15.869861	7.533995	19.426065	5.817290	45.787747	4.972437	59.533443	86.793394	19.211937	124.182377	46.734881	93.475674	12.293209	67.231317	17.788859	0.387066	31.548660	28.269908	2.128571	38.907869	91.942079	33.508381	23.169662	1.952053	7.527526	18.671451	10.957633	15.677706	68.892381	16.738591	14.383968	86.513172	27.343213	26.967986	7.383608	44.252321	5.807507	179.751100	124.850379	74.169968	11.391717	8.098805	60.842228	 
35.090987	26.971595	0.721367	66.005798	27.562221	9.750704	18.660520	4.401695	52.738425	63.152943	30.133030	7.855724	34.340433	46.397336	74.776960	54.452998	23.153850	26.436587	14.667426	42.543785	14.784385	88.368605	66.019431	63.033149	2.471484	12.102487	6.945944	17.962871	103.753410	112.047870	41.171126	38.819716	17.266763	5.601857	127.587597	23.189290	16.867778	2.457981	3.225018	4.448893	5.305373	2.218305	19.492557	42.079110	61.302953	3.025885	12.199365	38.297996	1.728023	16.211841	7.842853	9.418309	19.313156	140.231297	66.600276	35.256345	161.853300	147.545693	0.764235	59.395250	8.488549	64.550643	14.875883	1.675891	40.032278	 
33.600118	12.612243	21.390370	52.010358	10.580050	20.474830	210.055895	33.044771	12.344556	35.902879	9.001670	43.586333	83.158338	14.014898	51.873465	149.047923	11.613562	7.407902	18.216539	13.865755	4.417840	40.943438	3.993959	11.420326	50.453526	6.624546	10.218752	0.781778	101.689076	17.581314	3.294892	87.348818	16.436667	52.567875	11.230187	12.809618	41.099683	35.376735	47.539013	72.945691	6.455635	45.186003	72.147221	9.016559	11.764214	80.187907	125.311466	25.928794	22.341244	25.371898	13.201069	12.940099	86.146051	16.850258	14.255001	13.479848	35.384047	16.269669	58.618066	27.058600	11.831781	10.335334	1.532924	188.577827	137.866823	 
20.950619	41.618481	46.668422	18.584851	27.774328	10.023249	5.700262	10.387122	12.435442	56.107190	103.376137	32.887350	26.093748	26.702128	49.276293	12.004241	110.927420	66.054279	69.018088	46.337394	27.641792	119.740487	30.171764	70.294408	20.754556	127.530350	2.993476	4.914875	22.919925	20.072041	3.017557	100.239235	64.506911	63.041759	7.202492	4.665099	34.931726	3.123298	22.681011	25.921437	0.312526	31.219749	38.521568	28.870532	6.701042	11.471097	15.119852	49.051290	26.710175	41.179825	36.820295	75.372247	18.277279	45.877024	20.510056	24.645554	31.533704	43.397634	13.931250	5.588949	28.267269	89.316694	17.062952	3.022237	118.862863	 
14.706719	30.210782	7.660110	136.940519	37.211453	2.491677	34.419695	14.745684	9.100323	34.152848	4.562318	135.691863	2.476915	84.377380	68.798763	9.208187	17.054732	4.094879	45.507885	9.168279	13.234757	5.027246	15.095848	55.123317	13.069841	6.376141	2.941883	8.956441	189.984623	94.455184	102.427152	80.552796	28.447290	7.048922	33.847979	60.689181	3.841253	74.475637	99.253015	2.495741	3.627428	40.400847	3.467417	0.730107	19.150647	32.680254	7.437569	79.018023	11.568802	23.834320	13.649841	19.726607	26.192910	20.305128	39.655122	18.795532	38.113536	10.765188	9.782602	1.406491	304.162307	0.214548	10.283275	26.681457	25.646457	 
88.336563	33.590738	39.834462	106.430822	24.984289	0.666186	6.655833	6.548185	46.281562	62.479642	9.383357	5.086450	10.822532	27.974034	53.171966	50.021770	63.358766	46.225370	79.859477	24.969571	41.003765	44.218103	19.335728	4.838691	2.578967	23.969446	89.656337	10.645729	1.856075	5.758547	112.685534	124.863340	46.122965	81.180236	6.762990	9.570483	38.260192	1.585383	19.489360	46.711217	31.880045	31.682693	9.069028	11.956021	70.891994	18.468716	56.229807	3.675008	63.830485	19.663374	35.806631	26.508689	57.241908	5.971681	32.814937	62.127566	78.614051	3.528563	58.778055	60.903872	102.277458	165.801793	42.449040	49.565881	79.369028	 
13.042734	12.963705	28.741769	21.951903	6.267318	42.907776	74.484303	33.599940	40.114038	67.243994	0.493937	25.196480	37.728420	53.569411	47.554684	118.180036	17.603190	73.288221	15.574766	7.317519	65.217463	48.458844	29.086561	13.575337	21.690748	17.522871	39.774021	5.169950	9.726468	2.617744	19.305694	52.154960	2.734568	45.608383	29.659816	19.260909	36.050260	1.591007	5.015057	108.492656	44.583552	34.065768	25.002097	55.408226	43.736234	34.366796	26.713181	38.518067	55.203237	2.067246	2.395996	66.684192	6.961758	12.811078	37.392976	2.797683	38.351351	11.842085	19.674772	8.910807	24.192917	149.468417	14.275166	151.981161	2.900721	 
16.775087	58.342476	24.459003	81.457953	38.683237	117.604446	11.634424	34.019304	47.064780	22.758755	180.962062	121.293571	23.735259	44.470365	19.617151	28.045138	20.471738	85.529756	54.742352	3.316281	87.769766	36.287329	27.943078	37.557700	37.027039	61.143886	67.608189	58.099796	1.648099	20.946755	18.974422	19.735097	3.553820	124.834533	22.472808	10.095233	286.557239	17.420698	6.318537	10.617745	10.371981	43.312790	14.930486	6.705923	130.762858	29.197281	131.449953	31.659646	46.972277	6.762740	13.920986	53.958218	28.013341	28.354662	29.215127	14.928662	50.989021	16.463406	22.735546	28.271180	6.109252	49.534405	35.907786	15.857240	10.113449	 
80.068202	7.778139	4.311735	45.390325	7.160159	49.353319	24.889173	105.012097	6.142842	19.543232	8.709584	25.989807	42.541094	6.697821	40.233261	9.040364	53.109408	24.568767	20.086317	58.013367	110.680825	162.586153	11.629786	118.303435	108.287356	92.139231	104.684818	20.705425	28.374776	26.070894	13.306220	4.726147	336.771498	1.561598	2.838941	7.563740	31.952786	31.073110	20.670210	29.791292	17.130426	82.006669	15.625676	17.158455	23.293775	22.850194	34.500508	17.921280	50.230625	20.570338	23.715624	46.230893	10.847271	27.361363	22.042796	118.392737	103.037938	20.274193	73.983863	20.388733	3.351671	10.384920	6.647611	43.145109	29.488648	 
39.378797	47.132532	14.723508	83.285731	8.309854	29.764674	15.518359	107.404091	0.450160	99.552932	7.643614	27.424134	1.898942	38.723090	7.735644	13.733443	5.952183	18.369729	79.912346	1.562527	19.716179	90.701962	54.598345	45.328383	23.696787	69.645374	17.635329	41.748454	70.071864	28.112593	34.417030	52.693998	0.448005	41.157212	13.432211	66.485923	49.589613	75.267034	58.491163	42.034696	11.177280	46.066319	51.128744	18.885804	11.011267	16.050793	7.117246	5.668624	30.823749	123.033705	54.742241	33.827509	24.091373	22.478004	9.764555	25.826986	5.044295	39.064213	39.590096	41.752290	34.285399	196.515783	15.670385	34.284549	94.273009	 
13.426286	203.005001	12.724719	79.458130	10.692217	16.807307	26.312876	31.191400	43.328165	49.397759	67.604497	0.313449	11.027320	121.937057	74.345650	55.472531	73.108981	119.520881	83.845651	82.485749	28.494320	28.751197	29.806201	18.456512	3.977240	20.690873	4.758530	5.640030	23.585076	4.207197	12.012509	31.232266	27.195214	1.004031	1.343559	24.130198	41.669652	41.839501	22.318050	26.386882	5.834257	21.988434	90.269948	72.696949	107.985411	51.450358	4.546608	118.049064	3.025081	30.336219	87.303375	67.837273	35.293148	2.532813	8.596150	40.971638	29.117117	30.103327	38.885769	29.691576	7.614647	40.432954	90.236489	29.126543	26.509747	 
129.969442	9.725995	31.939485	125.068017	12.806372	1.265785	30.608455	6.796175	20.671265	93.847655	83.065010	66.920723	19.403589	38.600864	36.281236	26.904005	4.075535	8.997594	11.862910	69.437910	11.773146	34.258244	49.232480	60.649254	65.773078	76.594008	1.907618	90.974522	61.862576	18.099068	11.001892	0.602235	45.624978	18.231079	9.417438	26.411983	9.010083	42.318433	25.942656	43.149430	30.044625	78.033766	13.472069	46.512783	21.000707	23.807014	44.879499	14.604982	22.043012	7.991187	53.158805	123.510914	98.591837	13.640779	11.419579	8.059308	55.695318	15.822970	87.286747	2.693973	118.979819	35.252585	19.310904	16.409875	34.871421	 
94.866578	61.007451	48.122065	15.184250	32.529928	16.727571	61.311482	59.327465	26.369377	34.967037	52.987345	15.302098	73.359528	29.123177	46.754515	68.057146	91.260890	41.746018	16.501579	73.791457	1.588657	124.995253	241.924075	26.146821	3.130468	35.059140	25.573005	58.248203	21.163474	12.964437	49.878356	85.432636	25.664068	48.230649	2.389362	23.078887	24.812602	74.192835	34.309615	119.189775	62.542357	116.398943	33.960470	14.347386	19.237942	87.865724	33.199215	3.766341	11.420280	48.173585	22.553029	29.554754	8.146068	10.478790	28.335621	70.167983	1.094019	124.063095	12.718603	58.669083	13.971687	28.133173	40.305560	71.117876	39.140120	 
43.469693	46.950692	2.286849	10.272827	75.928835	17.957284	15.539700	1.341734	8.500387	15.913671	103.180479	5.462474	29.243403	124.491835	24.865619	117.901170	77.715774	141.897390	5.975115	56.284211	50.909595	51.876345	8.301843	2.619349	9.276239	53.768542	19.613837	0.529235	77.683408	0.831667	117.111067	123.728614	69.352172	104.584376	97.545038	126.635775	1.797218	35.705009	77.424405	84.297832	25.528841	5.284349	7.373529	41.964608	23.345017	56.166620	113.434838	21.762978	45.017947	22.380595	61.039415	1.955340	59.178161	73.373830	39.925871	12.867545	91.646135	18.137884	15.784617	107.314381	88.924153	7.164458	22.088913	3.170058	15.742035	 
102.379355	53.809091	24.426645	0.834882	189.981251	64.101309	49.367529	86.365855	6.417765	72.136714	1.110358	5.632934	59.871206	22.853693	21.586396	15.411546	42.590403	1.052824	7.683486	36.045884	17.332014	13.739671	6.941324	4.678879	5.984563	136.524091	70.368215	8.911134	14.657442	6.759125	196.930032	59.511583	52.714939	64.691945	79.286576	9.041436	7.297721	5.906927	12.373293	44.243255	16.704661	97.314361	59.140762	44.551754	35.428579	79.710643	8.631114	26.314122	17.212899	10.479385	28.017318	6.331221	16.524002	65.376707	18.702779	4.797577	19.110228	53.629677	24.479690	30.755124	31.862907	4.458106	55.046582	18.371102	39.826712	 
1.774925	97.959210	15.603934	1.771118	40.236799	132.822798	10.657273	78.353888	23.145247	30.485571	11.404938	25.718270	49.842718	38.757534	25.286211	18.525903	12.914701	33.570638	55.531584	84.111656	66.501539	10.288995	1.205269	6.576979	9.534659	12.638796	87.663747	73.272984	231.476268	64.820386	29.766001	14.447301	55.353358	84.964958	12.374814	39.651741	58.118309	43.779145	3.160954	71.310113	70.874840	38.777866	36.563854	182.423343	122.756638	36.406645	68.570357	6.846271	4.368841	8.742058	12.589506	14.480370	33.463216	1.855421	95.387686	62.409498	2.654775	13.276535	30.440839	25.488845	10.949715	41.175535	30.124330	54.163238	37.666372	 
12.702825	10.691475	19.025420	44.897528	3.437200	32.988314	1.469468	13.848062	26.418418	112.224653	65.801933	75.266840	42.728052	16.688187	9.339804	15.294060	50.892130	90.239604	42.564560	13.324810	35.201784	4.978979	8.231261	61.779553	17.681889	5.364234	6.559329	14.770485	51.663766	37.577415	22.447570	107.650456	46.661329	14.629173	147.294788	7.550803	1.320610	142.066482	86.558580	13.786060	6.017131	48.869307	0.716027	118.102385	31.373312	89.081841	7.498217	17.771138	7.236231	115.448302	41.551929	73.832457	8.161612	48.210126	2.985463	11.250652	14.092885	37.646905	51.000903	23.987249	129.777745	7.069099	149.571997	3.554083	53.531782	 
15.151524	8.185109	31.705582	93.127868	39.580577	1.323712	45.507009	5.824629	22.733696	4.873021	21.100607	15.496524	19.928051	32.024323	26.209486	80.969008	14.947673	49.917645	10.476622	48.768754	78.282828	20.301980	25.989993	19.819282	32.462831	19.877001	49.883615	15.763857	94.682043	19.312038	5.167997	13.604691	9.286019	29.199528	88.975202	4.531906	4.613246	18.930579	100.130960	29.468297	7.499130	7.003864	82.007157	16.161893	5.656395	38.812870	33.892418	20.021865	126.282847	39.253211	25.487307	12.464791	15.370487	17.011926	8.865104	24.083433	16.978204	8.203623	22.093240	9.055370	1.692815	47.290264	121.156387	14.358177	25.859618	 
27.509545	227.049399	27.178448	9.885189	165.574803	25.738630	24.398195	38.968298	7.988619	32.835012	40.123990	7.771014	69.045966	26.575291	38.671876	31.057763	14.956573	9.151283	15.220727	11.083558	104.173947	55.054937	64.815814	14.136377	20.654891	84.675730	8.192495	4.823747	8.424001	5.449579	15.664886	31.525509	74.403531	6.679207	9.190603	1.615914	40.378432	190.894729	54.231690	50.032530	37.001409	4.355735	5.403541	128.777614	253.295794	22.468602	3.947896	30.385555	27.198120	45.386698	45.743260	3.059703	94.535432	69.635621	10.210272	13.576466	53.936347	46.575668	2.407521	1.862958	26.575124	1.979334	0.577662	55.413431	73.369154	 
70.196898	44.640318	4.441202	53.159461	43.797648	160.196025	24.174616	36.069525	136.191059	71.154982	3.137927	21.708176	72.534499	70.644461	56.913652	71.779918	88.510789	0.650569	30.000507	27.977586	19.763553	99.064670	20.415792	63.697052	57.356664	5.032145	52.613935	31.541021	17.347561	27.165616	45.816040	4.871502	9.154424	74.642017	2.161068	2.611402	8.660979	2.426866	69.682135	9.493181	51.546165	41.157035	1.504370	70.190864	187.888702	11.562775	0.746702	25.678961	30.828577	35.808191	3.715938	21.259343	6.605318	26.486392	96.253331	38.217082	37.060904	8.089298	66.329511	10.251635	13.294636	20.408568	27.329997	66.060886	26.783305	 
110.170515	106.389059	82.263837	168.364716	59.129755	29.096197	71.244265	17.222453	32.416631	5.548217	20.306691	7.264124	24.269031	55.244955	67.920320	5.879889	45.247196	79.556949	74.689236	74.964391	65.023303	14.569555	28.897200	20.431887	39.022746	3.474695	37.277519	20.708292	43.540280	37.108367	25.689688	4.431450	105.009679	18.310923	13.457309	10.993006	67.882391	62.835835	54.756971	42.302320	48.571874	17.706530	64.748484	10.907654	23.564707	20.215439	68.561175	68.471670	25.357102	26.457955	52.487701	9.735919	105.458247	17.774263	15.892015	51.961701	23.033171	146.541591	14.960393	64.419439	35.627849	16.826504	36.813093	4.498809	33.706213	 
149.049746	17.070354	54.470514	53.388730	27.547778	82.519005	32.699988	3.717785	58.790702	82.177101	53.909801	9.424788	5.337681	63.291185	19.161214	6.664038	56.624003	67.665474	22.749049	42.063142	32.542794	63.575378	2.245608	10.196308	15.610589	35.208245	132.920680	4.949582	27.835964	19.646866	42.074689	1.168754	38.697505	28.590973	34.064606	8.147575	56.290078	4.705142	9.273832	29.909524	34.550222	43.127284	17.908429	70.181705	0.363013	84.068001	2.568296	65.228744	265.287594	51.977967	24.279630	11.131798	15.050155	1.229922	3.860740	34.425788	2.491912	2.098794	31.002443	5.174909	2.915597	79.974418	29.554290	25.260017	2.725707	 
115.431160	46.172983	15.508483	54.457641	21.052161	93.531725	10.109721	40.307495	94.337429	1.215731	31.522067	47.949737	7.622011	33.145872	66.525803	33.061864	51.820814	16.240455	81.968940	13.447914	34.030837	25.255097	31.923420	39.426917	14.149523	11.542482	33.519836	24.144698	6.027009	8.523412	20.178258	35.373817	45.493728	18.789025	45.902262	34.603835	12.783048	184.817556	30.661099	3.803729	92.133686	11.573126	90.780202	47.635060	52.229055	1.500105	5.855024	42.840934	8.279677	51.988122	7.130324	5.825344	16.560340	26.816274	13.902824	3.743046	9.633046	20.649352	31.791105	84.711280	22.640243	2.759435	73.007797	63.615561	16.116150	 
8.081208	49.039293	56.626189	27.545868	1.916533	63.192791	19.315494	35.862041	73.838717	9.383157	16.620767	20.617834	28.419901	19.111725	7.610806	15.959252	51.686855	7.684288	93.347455	32.217968	45.734252	2.909161	7.260406	26.871590	17.433968	112.099702	1.595696	71.286808	76.133569	28.414510	32.809731	44.702983	65.070849	16.528486	22.777182	65.775310	21.516513	5.403141	29.872094	26.018874	14.806960	3.525674	61.801224	43.069030	54.928845	22.069560	4.043385	38.917408	13.481451	51.924411	30.166699	117.884626	26.720255	60.448009	106.647037	29.094237	37.493227	23.410724	19.734316	75.103840	11.776013	71.518505	94.820057	15.031465	72.860332	 
13.272697	25.256383	62.147982	14.189029	46.236808	39.004298	34.218142	73.125709	65.642888	57.547001	67.551010	1.472668	10.840587	32.121268	29.531060	73.404397	93.830306	1.488846	19.720417	12.110853	71.863028	13.203129	9.677173	8.703942	2.028944	54.889782	17.559542	4.891486	10.601702	28.851873	32.605062	31.691589	7.479760	12.692513	46.281053	45.149474	46.664855	27.639357	66.423766	32.890683	39.141945	44.282411	54.746922	53.495915	7.110456	1.487529	33.389056	14.470505	64.602208	44.054354	2.671769	47.377110	92.106005	7.662926	77.606364	69.468294	31.156897	71.097541	52.932946	83.311411	3.783417	25.285826	14.516196	31.528018	65.734726	 
12.335725	62.458565	101.781697	15.634898	3.328233	2.910128	9.012853	23.439022	76.510398	9.273392	133.979690	9.457160	125.211957	73.330542	107.707640	16.721161	69.600838	34.747836	90.763470	19.312579	56.776110	64.676519	9.806650	55.590903	76.084975	31.940736	60.627267	37.709362	83.675632	18.827744	26.674522	2.181664	13.557775	49.765748	25.967646	1.459087	33.339900	15.465862	0.714996	4.799456	3.069064	6.681372	4.648223	24.746106	6.113069	12.955440	114.476598	12.550409	1.453489	87.273428	0.712286	77.830966	78.304832	27.413746	79.075600	48.197214	39.153611	0.778446	43.519190	5.039718	15.964013	25.700451	5.500288	2.018143	34.049043	 
17.501721	13.659543	5.577317	31.248341	1.262928	25.670330	1.637964	44.896109	183.977583	1.813822	5.948038	29.422987	22.592335	27.389104	111.784878	4.880099	51.571892	43.758768	42.529901	49.019782	31.881934	117.443798	45.558190	76.961602	21.627303	23.306907	12.520107	76.077675	9.032356	43.487630	31.606002	130.024317	10.525699	1.684521	86.625663	28.979058	16.188226	21.917946	1.373620	0.740361	11.790723	8.143888	33.912114	33.205688	15.880274	19.027324	4.309757	59.365788	44.743128	3.012741	74.636538	10.730049	102.819526	22.924053	53.604379	90.485667	101.684241	20.300905	14.005236	34.457656	74.821235	21.705211	1.549012	45.857742	61.938215	 
12.496280	38.578541	33.624647	139.753846	72.633053	12.272326	4.669592	10.428317	68.701171	38.547878	48.877047	5.040200	3.667917	101.340148	131.587351	76.925140	0.637643	79.245157	8.180934	28.328728	61.761639	53.738155	34.051422	32.933707	30.160383	54.527705	43.850820	78.281109	1.679655	8.346327	6.442166	22.125696	134.394660	16.216033	4.745580	36.941831	72.644998	37.509971	46.925022	14.906437	80.848492	30.113312	39.795714	19.850311	1.192413	16.191460	27.976839	19.954738	18.370313	4.736846	8.784690	71.402817	20.974176	125.156922	47.496968	17.231153	7.595774	76.018546	6.237642	32.780765	25.393246	31.519751	12.207315	12.019196	24.712797	 
16.496370	22.745455	10.592549	45.543683	39.747471	20.256155	48.068314	23.147390	9.061944	10.169019	24.468416	13.684232	17.819080	2.399454	80.350215	6.525746	2.716964	99.426846	53.626040	2.770384	12.137330	34.636004	44.534550	51.234960	43.460697	41.357485	37.166533	33.281235	19.455743	111.137969	19.410034	37.034313	112.681542	1.940842	9.527819	20.295436	1.055255	9.612984	88.341963	58.966859	62.709497	17.438672	10.030698	33.916922	11.782337	52.320969	30.972851	132.705968	51.994084	130.275963	24.352467	8.149615	196.253497	7.837623	83.700716	12.628408	13.305256	39.014330	72.471105	5.214195	85.456786	41.720690	44.713931	90.398987	3.861371	 
6.242838	90.244396	26.188500	75.529743	49.711619	14.258260	25.052333	24.009122	43.257716	41.405484	115.422578	24.174651	32.605587	3.126021	21.906822	72.842040	32.922150	10.694550	22.783793	24.149367	3.311423	73.871539	23.320111	7.296922	36.543315	3.229348	7.794377	64.102247	16.445924	10.167804	55.323138	24.303959	4.891443	37.699395	11.123602	50.428766	35.637241	0.623153	26.690499	27.716641	54.208813	1.978738	19.067853	32.224363	2.417051	19.494904	34.030075	2.335766	16.961698	39.619221	3.519448	7.654135	42.801075	25.349494	21.793743	71.386505	57.331352	10.486392	121.687602	15.648764	12.435348	10.077557	0.599471	59.864364	22.909851	 
62.944228	1.839073	42.108679	129.728415	77.390212	58.347746	37.324753	14.229545	30.308249	2.443860	1.787885	6.038011	42.609342	84.093218	5.018595	56.405683	29.525413	77.412620	2.266188	33.706646	92.474961	7.939293	57.634652	132.162289	55.925861	3.786664	11.843865	15.608211	43.212756	53.360626	84.289201	30.630804	107.501872	57.727590	104.589687	204.796464	130.940522	2.963365	12.500557	35.458471	42.704806	6.755524	1.507825	26.512916	39.922614	6.073416	131.355850	237.761353	13.321039	12.072750	21.721965	9.088543	222.318948	17.241087	24.968985	20.570662	7.583381	25.105120	44.401294	48.254089	41.911417	50.734808	0.304268	1.997399	25.709871	 
22.323812	69.433858	67.770683	41.666744	9.457019	41.128150	10.324581	21.259210	5.451925	2.932477	29.574568	31.287509	8.964640	5.709985	2.537339	35.832965	66.975846	52.624685	21.082951	65.953015	41.986599	50.158619	8.261750	0.450151	12.746915	48.278272	18.536036	22.104338	13.147512	51.203291	89.219597	28.519678	8.078628	13.788538	81.307072	72.896896	11.631167	1.037972	49.181375	3.177082	5.091222	87.646380	16.932711	29.631288	77.087837	11.217086	4.128570	72.322489	19.657332	14.318638	10.155322	38.291441	9.405157	86.775339	64.593859	56.462086	0.438354	22.419971	33.333791	15.461076	122.251462	24.562304	26.011834	8.033430	21.952667	 
16.295892	1.318321	107.938608	8.779916	45.272422	28.430920	29.918187	47.682275	19.883988	6.004472	39.003363	0.632545	3.541749	25.783975	9.068364	84.109576	60.462468	63.274108	88.069159	149.453617	4.376192	108.318447	19.268131	106.634394	7.964404	37.398455	25.921465	42.986318	160.597408	172.748575	20.167990	57.100354	19.861358	18.382460	24.189546	15.551178	44.377527	23.458667	26.233359	10.221555	28.835941	3.811129	44.649045	67.722472	10.098423	7.699716	34.984602	79.912137	55.027825	8.200440	79.873307	22.546630	26.016808	41.612380	13.352742	0.138515	0.358723	68.030463	100.189207	20.533719	6.958235	32.140958	45.830948	20.370753	18.737013	 
6.105792	59.795225	49.467044	91.942070	31.714823	51.768512	37.790359	5.664262	4.407598	23.431665	76.543287	68.217043	7.984280	1.368986	50.867833	4.286174	41.966354	27.095250	1.530117	26.198232	26.381620	27.957794	79.109420	199.844973	55.648256	23.162245	60.644567	90.576529	46.372396	37.845646	50.602713	5.909735	24.901054	11.741470	13.359189	163.065969	49.121178	13.155842	15.417169	64.757797	88.230458	10.001264	47.386598	1.206033	79.668954	16.624059	41.250379	2.324455	34.188169	0.545889	8.694199	20.756070	41.653570	8.642151	10.635820	40.878564	5.279266	107.054645	42.258963	22.049212	1.296174	14.730360	19.441416	93.425654	50.754953	 
24.079459	51.520832	16.714672	10.864456	45.768992	10.511607	3.682798	90.283943	9.229590	2.578843	46.101435	35.477600	9.134024	98.771203	147.493884	126.950124	21.884745	84.112657	86.022891	5.203756	12.498084	38.096152	9.641593	21.865241	24.524202	57.323352	111.208331	6.638345	52.347666	17.341283	38.989591	93.387072	39.418639	22.745856	3.675152	36.803163	15.226607	5.214703	55.052824	41.732829	24.085776	17.028163	5.442660	46.037508	39.607336	32.715678	28.456820	63.814668	33.389835	18.109596	59.674167	58.851105	83.562807	8.124701	94.252711	2.021994	23.320044	4.723260	35.350470	37.581970	34.633319	6.604370	4.964392	4.053186	24.882514	 
5.628655	8.236088	22.490830	105.611977	28.339419	20.885811	40.683589	17.472478	11.877588	6.943144	54.416084	77.086472	10.573667	2.879966	21.828697	6.216789	136.038631	15.369718	2.780366	130.944470	13.422769	85.242406	48.251935	128.749907	80.651300	7.081728	7.342309	93.206172	53.595719	17.622147	24.102643	11.983236	95.315557	20.658098	4.997438	77.076533	36.437198	27.661894	75.965264	60.173543	49.681900	36.058389	142.642992	13.098437	27.539750	28.682101	116.700269	2.318441	49.028736	8.849342	25.283021	0.937820	36.701094	53.358848	57.530137	12.515985	45.105179	94.218460	20.853969	27.907954	18.139232	6.709888	31.831955	39.379060	13.429567	 
39.965051	23.706215	72.828304	90.358245	46.397561	49.925784	4.196458	118.740884	17.431591	112.727818	75.976979	46.857580	15.524800	14.311779	17.103985	17.361363	88.730986	13.524284	57.902254	42.666132	88.331741	8.303573	267.020716	53.547199	8.274349	113.904558	12.057986	2.407486	13.070113	98.674810	4.041348	76.932713	21.536346	3.214677	76.286490	20.081127	51.391710	5.667096	1.338741	85.923257	9.759192	57.507308	4.784459	61.707849	11.855810	105.591596	67.334901	7.190287	9.434656	14.575605	50.925203	57.907460	37.891159	73.817581	45.034284	27.070227	19.043087	35.394704	25.221027	3.962398	27.007498	15.845291	16.793592	44.378864	6.958182	 
120.347456	54.150136	127.141104	43.306466	58.339143	10.910263	31.975161	43.306845	80.501693	1.301148	32.438418	51.308466	62.475886	5.762219	1.661670	58.998596	6.698991	23.623321	21.147464	124.806909	4.491470	9.246303	81.293186	6.071652	3.103133	43.749103	7.831791	36.260729	103.948360	5.108986	0.764827	9.103782	8.968698	25.224311	38.443322	84.050071	29.769716	11.614028	6.730570	29.291774	18.181533	52.336654	6.077592	38.030581	6.986331	55.572833	5.808151	21.269229	61.678958	29.738355	7.018909	24.312239	44.116959	23.938729	10.663609	31.486138	50.425286	7.842394	58.954535	32.160781	17.740075	28.180518	13.525254	27.511699	52.040620	 
15.376743	5.405034	26.527307	2.959267	19.571008	37.098379	11.838593	20.849606	188.426575	14.756766	112.001745	43.817879	86.978686	66.147899	23.891605	4.723002	17.322047	44.794352	240.469952	41.172252	4.302236	3.520303	0.804729	13.207722	17.166521	4.848483	7.537965	2.494501	6.554568	8.761756	6.527866	45.834430	6.304657	7.564744	86.907234	94.683337	27.336325	20.968794	29.369872	83.079186	56.089346	15.974386	8.900163	22.257131	8.271140	24.527332	65.717256	40.048056	15.959073	32.445273	67.841435	31.593219	3.432179	103.937506	106.360929	8.369455	76.471527	12.665954	72.043797	66.517719	5.247376	14.807874	89.768042	40.716656	35.255099	 
57.231072	11.392142	74.971404	4.670575	32.571224	42.001125	8.507286	31.222308	53.123206	67.664200	5.474814	1.934432	3.217115	69.874023	35.278826	13.242644	36.265698	47.022330	19.410721	0.841453	2.600665	30.413162	2.877060	56.918735	12.725737	49.401562	73.731129	11.304608	168.666680	20.140261	69.792989	4.554440	65.518777	43.477019	37.281502	280.928338	24.191339	21.890999	242.615032	11.037657	18.070907	58.589317	77.351915	69.534726	220.435292	4.188093	30.449038	7.912464	58.240266	31.564616	22.339032	61.789679	186.381576	73.474638	100.214920	0.723528	2.385250	74.989246	45.047043	3.675385	12.994126	68.672049	3.630663	6.606730	6.042510	 
41.329839	79.542474	28.016803	85.583052	18.646565	19.086497	72.145570	54.649303	32.852900	19.487777	15.453029	38.636959	22.808330	5.096377	34.846281	8.938028	107.004967	24.140804	34.468729	123.199766	104.428494	14.032075	69.088253	1.642764	1.055605	18.029455	49.303081	35.457777	64.366105	1.952431	3.975502	0.626236	7.322796	119.743506	47.975724	15.876077	72.268494	105.338931	33.633109	14.669031	4.481799	119.386969	24.435079	129.697898	2.009196	0.317978	7.744265	32.667999	26.156053	4.812739	121.080839	13.700903	253.931352	0.761180	49.054371	24.017830	43.456764	8.802630	32.079356	17.707539	51.906039	12.645160	21.541639	3.956156	48.902814	 
25.092166	11.087200	34.620527	30.120890	12.105796	17.476970	22.877176	12.200996	30.695357	2.657135	4.644392	8.458939	7.491551	52.345299	0.242049	34.179867	25.989211	14.920050	40.413289	37.239803	26.278439	19.434957	0.615302	8.917500	77.708244	33.057318	29.888028	115.940396	110.378016	11.940379	21.005706	17.307077	22.256401	12.858039	2.646693	70.571832	9.647162	16.966373	10.487568	4.188917	17.555971	10.526763	12.109962	31.799765	11.386431	139.045618	118.709072	14.982040	36.992875	149.127701	10.141455	9.315763	6.333119	62.811917	15.915110	29.196316	72.233938	133.023118	43.960054	18.907591	10.132618	59.637311	26.452866	61.251839	2.333392	