64
0.000000	44.875990	4.852934	3.971399	22.605639	82.794946	19.153363	87.038402	4.799766	29.773783	76.991168	62.670432	51.717782	19.040747	58.819062	97.386818	61.877551	52.651162	24.574941	44.165581	150.712302	38.640643	3.476622	16.167588	21.566204	13.644432	21.275697	2.967190	17.564746	9.360732	18.523465	20.195957	6.550769	58.990810	8.407055	8.771259	31.249699	1.178347	36.408227	38.061986	20.192492	34.010199	7.178414	12.568696	34.536129	49.235287	31.450177	4.525283	9.836107	57.559314	44.894615	70.452168	34.331971	31.179929	29.391594	47.193040	16.880437	51.042134	54.293485	70.383386	50.985067	12.874613	114.090768	17.017241	11.494612	 
24.558149	6.439059	21.450286	160.946448	7.782717	9.302401	36.947604	82.693259	5.237877	42.336979	42.877480	91.365942	29.403171	62.751797	20.138484	5.089596	1.954825	30.853898	94.727006	40.966368	16.414601	12.360396	80.889819	1.840009	49.818494	10.861443	99.154378	97.720653	52.756094	50.860878	89.743371	23.614797	15.559592	37.299311	15.027575	88.904675	11.855509	2.402047	24.482305	63.638252	16.043618	37.753896	106.593059	18.936137	2.129005	42.545409	4.967192	136.108130	172.558292	1.220647	143.804130	100.111843	10.395363	12.250292	37.681063	21.685117	63.668873	50.703419	40.368743	31.293225	32.701244	75.361990	29.765045	141.514925	40.037017	 
8.090449	8.648460	6.104676	29.298159	48.934584	28.519617	47.297371	37.310519	14.712492	64.769951	25.838754	19.143250	23.194846	21.415316	8.481168	17.246229	83.522709	21.211056	10.498390	137.811344	21.730746	17.679467	9.924204	119.202339	60.096098	10.618315	92.680951	103.375420	89.697621	40.528477	114.606571	96.859916	6.951846	60.192556	54.664501	49.614668	40.257595	5.428408	88.189666	8.856255	82.578222	46.242756	10.297385	29.536559	8.075237	1.081459	34.050213	67.054905	14.271463	14.471921	21.853218	1.724438	125.045247	30.014675	27.315103	53.213265	46.039050	202.657313	35.534885	32.816695	5.857984	11.880628	22.023960	21.087172	38.839465	 
2.816015	43.790710	11.532177	16.345627	61.692212	23.336058	3.394391	34.020514	39.106115	25.922925	20.191741	8.636997	6.370356	59.591362	6.613616	6.046309	33.502995	11.717568	28.764953	2.464511	16.168069	97.174049	2.663163	9.497858	26.890730	30.637141	70.621698	85.269246	15.994674	65.219455	16.616391	40.369418	21.046967	33.780439	189.687299	108.161031	118.723297	61.674993	15.276067	106.979813	8.755549	7.750332	37.609851	7.382419	56.489152	137.424759	11.043748	9.423301	89.637565	26.517579	6.852134	100.291347	93.177749	13.458242	47.779370	13.531640	60.802247	33.196300	61.879022	41.546156	5.530081	75.628358	28.402671	18.200882	12.043497	 
42.252228	15.136466	77.908534	14.465744	16.248174	9.152276	2.611789	6.484296	6.342815	17.382933	7.691419	52.589917	59.837513	45.677489	59.654800	68.617279	17.295727	27.802309	94.526679	56.250708	21.516349	20.360974	50.193337	10.962408	15.794000	20.923785	19.050285	56.223474	0.182237	37.967764	24.012272	39.516435	167.803760	38.110195	34.759816	60.528393	10.738228	19.812958	43.885061	32.114669	13.368434	25.873514	16.138690	53.911071	21.284932	9.254262	172.484124	6.361028	63.703716	72.635220	13.180025	127.743221	5.566726	31.254002	49.035310	35.564381	5.397741	38.005119	60.237226	17.703270	18.541203	24.578740	57.508319	16.553104	48.718808	 
32.123374	43.713249	68.264835	0.697095	15.901076	12.446055	32.537671	149.933067	68.590010	86.579729	31.152220	87.412776	55.928205	51.680750	22.216815	24.730177	75.842750	22.471503	2.955154	41.611933	55.700107	56.786629	1.323701	26.480191	15.043694	50.530384	15.273036	10.274205	83.512861	9.937497	6.274121	34.136301	9.472079	31.946424	63.401501	136.196304	28.592947	56.746006	60.966903	100.317390	4.759287	7.393641	26.537897	15.772937	20.424688	1.116397	3.043580	36.016788	91.155473	6.027128	19.613539	29.507172	17.336393	74.397004	89.787141	11.505676	1.768121	76.247737	75.641979	39.924005	14.589425	39.736508	18.731915	3.633143	1.790002	 
102.935173	11.749664	43.930250	14.673470	8.394176	1.386514	21.207811	32.027056	14.391762	52.985603	7.792375	15.217005	11.204809	15.910299	12.509035	17.004941	9.719682	28.126415	60.963606	4.427064	27.112689	9.866367	24.746148	3.109988	115.309259	8.133951	82.191723	50.625833	119.427126	4.746016	66.378083	121.737135	24.634588	22.077250	78.631466	14.300093	48.164640	116.105004	27.700202	2.143944	19.448630	53.343304	0.443192	0.606440	2.210569	9.882180	30.542884	5.054885	42.318311	17.078039	4.137281	17.890190	27.677077	6.218965	6.493128	111.855402	46.794890	3.417695	17.970173	1.625965	5.323616	9.286976	51.309051	15.915985	26.844551	 
34.616674	68.360268	42.462746	142.886511	28.471952	16.172813	52.279091	8.380058	124.520987	13.307797	13.733713	43.373211	7.630948	36.586297	7.301922	10.676348	60.208323	32.979443	27.417753	39.040099	29.594210	10.823854	91.507717	72.517048	51.206743	2.822210	68.978740	41.548666	90.256538	15.800480	21.931394	57.854606	0.755574	56.533682	21.698364	18.581521	25.311006	2.106169	12.289183	81.506723	25.190679	55.134637	30.891195	10.488323	93.474545	11.217931	10.053438	1.372669	20.610565	96.477533	56.467809	19.518183	11.193148	16.155815	70.717327	49.828542	31.505651	12.971810	17.032083	1.832444	17.558828	81.858816	13.468666	91.058702	16.277794	 
33.270878	50.313353	8.253288	113.251058	11.731844	93.426779	2.196587	66.583714	31.595955	7.818314	15.667420	160.120990	38.232186	23.323077	20.888248	181.078880	18.155904	20.048392	5.304664	21.923286	33.110198	39.759394	97.076941	2.279262	60.943136	1.859714	13.493950	21.147483	10.938804	252.976087	85.947992	22.351205	21.590913	6.551431	28.452630	2.768560	54.292161	9.171513	80.028644	5.442178	21.823747	111.848771	36.884935	26.062229	24.071976	11.820312	3.007039	34.897643	44.886983	45.312923	61.691537	17.380299	150.230137	20.281109	38.498964	13.578342	14.855457	29.022925	80.431504	92.665348	2.624963	28.258177	36.644209	49.328119	69.233185	 
27.438871	110.966944	62.400277	28.262880	8.548582	61.075560	7.618218	40.084947	37.144382	1.173924	199.665409	174.201322	6.208406	70.291833	18.131469	9.893680	39.915028	33.373683	10.469288	10.022077	8.654899	126.371322	3.538811	102.315538	45.872095	16.213185	49.373284	34.843937	232.276250	106.202187	39.701191	22.143047	3.136353	76.806760	67.723331	6.526007	29.665817	24.327982	15.781369	208.583320	81.962277	113.293647	165.909965	157.618105	80.052376	37.411081	49.718542	2.197280	4.369549	28.113540	10.990822	30.900637	25.283946	14.273807	24.172459	0.686081	5.908573	26.389424	11.667314	65.625969	37.106755	22.539278	54.733119	82.521693	47.485823	 
2.742796	8.354874	140.796847	20.313251	35.467884	14.669498	19.656750	32.194590	29.136906	62.365111	28.354350	135.767367	30.765868	46.815509	81.738348	107.967523	17.438630	35.694225	43.067622	14.933100	16.760960	111.421804	104.956239	16.167989	44.946069	13.087118	5.994329	2.142824	6.699517	42.782532	6.733267	92.367544	114.473104	13.514892	48.264951	28.087183	148.414866	6.412230	13.775221	51.744250	37.835046	4.754753	6.053533	76.396540	51.929788	7.308016	12.249875	115.712001	77.134674	45.713082	16.466161	174.749358	110.971060	2.027871	12.277416	26.312222	35.849949	63.980552	67.653698	98.054845	46.295207	4.679957	243.250664	17.062020	59.445518	 
8.559692	13.325287	22.453389	19.054817	35.610304	37.197203	28.764522	29.567736	14.907682	44.636421	10.061902	6.646885	140.571639	26.547639	23.164777	17.303587	60.129950	83.216007	9.071326	48.518945	124.802213	17.896560	11.802942	14.349736	52.204618	34.411169	83.691592	10.578561	123.547557	2.852797	3.752274	155.788478	27.363561	13.388669	21.137876	26.075080	17.254703	13.804798	42.278423	12.648525	17.939031	16.860713	38.934985	69.274287	34.418213	8.396019	122.247116	23.275056	75.400646	47.161635	11.205354	29.906498	15.154086	12.318614	8.278857	136.542133	13.305778	29.855877	45.277062	39.013960	30.470530	77.412920	29.621118	54.890798	66.407156	 
15.915082	28.407110	6.721632	26.804204	133.987166	47.382389	4.796151	72.986944	32.794397	129.823600	64.973944	22.092950	8.446850	12.362386	71.698649	10.610475	39.858450	78.955363	11.508890	7.483189	36.512660	1.775817	41.637055	23.698951	12.991871	27.294911	54.726241	80.241971	153.951685	1.562237	111.979025	13.840581	27.406474	94.921200	18.600151	28.939551	41.267340	6.427113	82.863939	37.135365	25.129150	54.068918	75.866348	70.645972	16.061007	29.068138	28.309481	70.702765	4.640380	23.569497	58.954844	105.262968	78.728947	45.638517	3.900538	35.212127	0.450920	22.253370	20.913823	2.621993	95.977642	26.352904	7.660098	8.508471	8.561851	 
11.868117	9.913753	21.776361	12.835791	11.628695	23.226526	24.467948	30.824041	17.356457	2.400767	6.316340	38.741470	10.567271	0.155911	39.884779	51.497516	94.665313	20.256954	59.146303	40.633217	24.412402	1.741765	13.553502	30.821401	54.758233	20.933034	118.527255	17.184153	101.693496	61.859688	71.690537	25.001900	37.059467	12.022546	5.540163	25.142624	21.967319	2.014217	69.685240	2.691866	84.434773	9.826606	5.077344	85.272332	40.536016	39.818565	49.627221	2.984187	59.002587	42.182247	9.751660	13.353826	79.656149	77.579630	58.260681	8.310487	32.902188	151.438301	23.358877	17.505370	80.188984	190.462070	11.110781	24.872923	8.418861	 
34.768838	6.917560	48.283905	44.613188	12.172186	23.284492	13.588537	12.287476	14.767799	19.185811	55.678162	9.654777	44.619902	16.463768	6.432553	14.930044	13.128756	28.153257	29.754643	12.736508	82.815638	21.734608	60.541930	9.654946	56.895540	33.205544	37.261403	66.224503	99.218577	17.996120	74.794338	9.821546	126.404716	70.123596	23.935237	124.243820	3.201317	5.500863	80.257036	19.970592	24.825030	30.363973	156.257690	28.552765	18.236987	34.263758	55.521149	21.570282	25.793897	5.574711	57.126735	58.184127	8.091841	9.432724	9.020113	108.325930	25.970564	75.733369	29.831925	64.703054	80.225371	86.048106	10.748038	30.900570	4.091593	 
26.408879	13.869541	8.804708	80.371622	78.956192	8.325505	106.022045	23.414274	48.371939	19.975933	38.993357	129.764967	1.795547	123.667246	64.417868	13.570844	98.939526	9.999724	62.551735	20.144731	4.558727	27.372035	14.153338	9.756708	11.392077	33.765346	44.317285	161.249218	11.002444	28.766129	31.439674	86.424441	40.352817	86.693433	17.967735	13.555905	8.516799	51.136006	52.525098	25.441629	73.941557	18.281608	17.611746	25.751106	20.345401	33.219593	36.619646	7.651949	78.480135	35.783440	183.227247	43.766526	20.192773	6.989864	120.324798	9.617412	60.207121	34.550763	3.359265	133.148944	44.160208	16.417907	28.837348	4.891604	53.556403	 
14.251072	16.557074	25.721306	7.776141	9.515440	3.638699	127.825106	48.286356	66.187008	7.502138	103.701218	63.557152	68.450766	60.979741	28.484320	4.460411	26.473457	3.977664	21.366191	97.855744	6.237527	6.338256	10.363506	21.433519	7.594554	35.711085	20.602336	19.650961	98.556357	27.783873	44.355045	21.989579	65.152333	91.095978	51.790376	72.135738	72.488111	6.271775	88.965083	196.223465	14.993967	10.462516	103.333920	78.898250	19.307323	44.131099	18.440663	63.249417	20.549296	23.385145	132.550485	93.370861	4.817663	10.824517	49.077739	45.438491	89.767497	1.334450	15.770583	1.419621	122.143711	18.610813	71.762258	70.639146	36.726611	 
79.559233	21.350430	11.045714	38.969294	0.307153	95.082185	41.224654	155.410608	20.122343	36.796194	12.973307	20.358370	14.024445	92.196274	26.129282	4.325853	8.935348	2.721635	60.450047	33.497502	11.617957	37.764909	25.953752	9.989510	57.797973	66.731463	7.824910	21.889107	11.766311	72.393244	6.890506	8.237596	26.136767	69.743831	24.462409	150.046333	47.191157	5.537765	38.833441	3.738753	40.641545	86.614858	28.918759	8.215801	39.316070	48.712393	24.678433	15.509742	8.627282	23.157385	96.777918	37.646621	12.612502	75.646638	9.791496	1.059495	13.836537	7.759587	57.416971	21.410904	176.048672	5.594210	24.783977	91.334395	21.267246	 
13.477374	84.533352	85.156235	41.958188	73.921864	5.373825	19.089674	60.949618	4.261252	14.390320	35.236418	41.560376	14.284236	1.499811	201.008750	34.800202	46.512106	13.082970	9.453518	46.678743	4.971735	27.626961	35.671950	63.566095	10.143370	9.226521	12.810171	10.355020	5.598755	60.145470	10.732928	60.053455	18.655230	18.594672	19.970813	54.680478	39.371937	4.645238	171.557622	35.269859	32.034413	46.012676	111.029314	13.348655	33.660164	1.831395	39.894412	6.876104	268.371267	121.834243	7.041975	97.958537	38.472432	1.877737	9.339625	188.247500	33.578151	90.750082	12.147824	21.748436	26.976622	46.388314	14.551607	99.604577	25.090291	 
167.674683	4.390369	37.912060	70.859628	16.471039	20.127000	68.535749	7.028519	44.894202	37.060216	49.788431	21.528481	17.975922	75.359514	40.695527	2.014231	102.317768	4.521808	158.405334	1.717910	31.094155	40.912505	6.094404	226.298772	106.582109	134.084980	152.924940	65.817165	69.550099	35.489509	15.681750	4.215107	7.404646	37.118620	36.743936	18.042991	33.117168	2.126212	65.204685	34.850365	75.336226	101.892797	12.239001	24.374881	18.222864	8.038713	80.075340	2.141367	137.192050	39.904883	32.446196	14.142014	23.239453	11.487315	16.469082	114.187150	26.488329	3.181568	15.570527	25.923906	116.266560	94.883404	14.695316	8.088681	24.233129	 
16.403273	13.790971	240.658372	24.313137	16.307382	41.971533	142.063705	6.332994	23.254116	14.911145	29.796875	5.413392	11.837049	35.940026	24.107994	6.914288	15.861100	2.038515	3.174074	21.018558	4.110303	81.009743	8.376756	38.241149	52.578971	60.995139	35.435996	56.774371	33.128283	90.465654	39.982336	1.894105	13.897008	4.981305	67.372021	2.540091	27.725984	88.918302	14.929223	66.068476	14.303494	12.960025	61.100073	5.485068	48.559339	30.833612	8.848142	4.711951	66.081711	71.449537	19.254274	10.879970	102.111836	11.214884	6.821800	38.781246	46.726892	16.583347	24.922186	97.010867	31.219828	73.268397	5.563041	8.837603	11.354880	 
45.760422	12.043610	26.948107	34.405941	1.571752	91.967440	22.472538	10.846367	5.698275	6.963999	0.686704	55.028642	36.048944	100.745268	1.430196	74.986379	12.563008	3.412022	45.585671	5.579380	204.437822	3.619565	37.720044	6.024805	10.736440	37.126716	170.999145	15.713885	9.170770	4.899458	0.966331	26.990941	50.861818	35.936329	85.115046	12.193594	7.879244	27.029081	81.286936	75.468785	39.982913	13.686295	14.613421	57.960911	21.823503	16.287360	69.475651	64.124087	1.603359	8.029883	13.425693	25.057811	15.221218	76.126379	114.755845	43.548106	16.051517	19.371733	37.128078	22.288179	61.751809	38.917862	32.290257	13.967367	8.766065	 
9.531831	23.188075	6.938355	83.497139	20.346895	31.782045	50.269626	0.582445	99.351399	42.892838	20.139310	49.888642	47.671203	0.234362	5.263222	4.301200	20.180854	30.641832	100.524826	52.999624	40.762406	39.403574	8.185550	34.835858	30.881883	36.205990	33.753429	88.114666	78.156112	67.175877	22.683964	22.918698	34.732285	48.811153	156.302569	27.922903	48.609304	3.024468	4.776247	25.581174	43.277503	48.865662	178.137820	27.776360	120.881541	32.488262	9.759977	33.630804	70.032448	27.736211	94.391171	42.020622	76.294529	8.704060	117.763473	22.020456	102.976447	21.332057	44.341229	68.606543	28.688417	76.751457	28.136601	48.604257	84.722686	 
2.483820	7.103315	122.248002	30.421726	60.603448	22.800068	10.660105	11.602167	96.368645	28.184381	13.239327	7.835827	12.229889	22.587217	53.251205	5.747247	103.376446	7.818065	1.894296	42.835382	219.781151	20.730145	4.020677	1.123868	23.241366	63.452397	12.056514	6.887971	5.331319	5.699235	23.072361	17.210239	4.665899	29.959058	85.907801	101.397664	12.592595	17.392997	86.761401	8.940623	10.872326	4.034439	137.178306	54.010587	103.015774	36.858941	15.534202	47.053950	95.276575	62.037137	2.910162	0.815567	4.251714	41.864389	14.829878	73.439448	26.290155	14.283138	44.776015	28.872561	14.690531	16.806937	30.015238	2.139835	39.816567	 
33.482244	79.935236	5.885108	31.382156	25.385773	7.681197	92.666663	25.997209	41.995342	3.531966	3.732820	33.437024	5.062560	11.103897	9.424975	115.140856	3.032677	52.462248	11.662334	45.745139	176.758002	12.017818	21.418405	25.499047	2.854514	6.041780	17.126899	9.412462	8.784896	32.370843	87.592722	5.714375	66.038536	66.393132	5.166797	226.914938	39.197178	2.262436	5.957374	104.697890	112.946666	8.853529	80.240763	40.534737	17.529660	33.759557	54.204329	31.961436	33.469442	76.536651	36.831846	3.249208	174.898402	11.954427	29.251713	5.252383	3.086428	102.857686	11.185119	19.776497	10.978832	60.955893	48.726810	5.686789	18.991192	 
2.848354	29.089243	39.190111	25.872789	55.436442	110.118448	130.452613	7.003773	11.776761	189.307515	91.939365	7.714077	33.434525	50.271700	82.793042	2.784669	62.269785	10.868524	208.546541	34.473126	14.634280	45.678584	43.190469	2.789765	17.398915	14.469773	10.998926	40.602949	11.707715	39.031674	5.349222	22.271460	1.284185	57.518458	104.485301	92.642331	28.799692	41.494367	7.870375	23.402898	47.501834	6.342915	8.819040	73.441637	23.975775	14.680520	6.553726	40.904945	25.673533	36.770464	5.088231	16.734206	124.021494	32.943029	16.260967	68.431082	6.643169	80.336012	89.838765	7.975409	95.669812	36.570351	75.927205	49.018538	53.765370	 
159.052170	70.629164	33.884618	7.362194	27.074803	13.483786	35.227494	13.109367	12.960760	15.120438	4.922373	5.086501	10.157722	3.175997	9.268389	1.774887	22.784905	45.721365	84.527068	6.094166	25.357810	72.964578	84.352779	64.065891	1.633530	57.822059	38.923345	76.552439	16.962866	137.777260	208.398572	56.186623	33.255967	54.685489	43.248175	6.532094	2.374331	30.984106	25.111142	18.141385	85.297906	72.720040	49.097776	32.490276	77.346847	30.548556	1.529396	47.846496	4.539328	96.246098	41.161229	12.346579	16.394211	10.885404	37.278809	19.377651	48.431145	54.901753	9.585040	0.428843	54.387869	10.538950	19.593941	55.096325	11.059282	 
1.647828	20.364487	6.410590	133.563939	53.690507	4.070683	44.791582	45.211551	12.292394	0.384833	44.934454	9.464475	0.726634	165.651442	30.940689	39.426862	122.651390	94.819637	21.881698	155.292448	69.306205	18.443337	16.490378	16.166515	18.360075	23.616289	17.975868	5.878094	17.550100	41.349851	61.765856	20.253915	51.744701	7.039689	2.941693	62.868628	249.565999	150.280192	38.528671	31.367996	0.567151	34.776730	160.799625	57.546385	17.157197	20.078228	84.669394	23.741855	12.722529	9.936097	22.421922	65.313588	18.846091	4.869741	6.913879	36.785670	89.620455	31.732791	23.342548	41.429938	87.008726	106.200204	60.781390	24.717541	18.592752	 
120.193091	24.502196	4.385397	3.724444	42.352039	27.229988	35.636444	2.865044	54.777220	6.102867	19.556903	5.125652	20.920954	6.226608	91.320190	84.387101	4.878427	10.349249	141.468205	36.435408	13.097289	1.556213	172.284195	8.544365	66.231658	26.416736	2.507053	5.380784	8.757249	90.915136	41.486666	4.891657	13.326262	12.592559	7.439840	17.753504	114.747362	39.198537	45.825909	4.346227	14.384342	0.736212	4.024798	2.986340	20.608846	54.440240	17.028488	65.651567	0.673019	12.440717	71.271937	50.828990	81.015900	91.706417	11.932909	11.188262	9.724553	7.127326	46.582955	13.289830	26.628434	11.891849	16.136498	28.691350	10.935912	 
18.588957	3.290674	72.948419	112.828713	59.307302	4.941436	31.242978	49.984385	37.097427	20.015756	37.420526	60.128585	30.206660	79.159037	79.447120	9.403471	46.868316	15.579518	18.818404	2.705851	38.260097	4.612861	16.939059	0.992864	18.377414	49.873265	7.672734	7.432184	58.112774	5.854618	6.872845	19.289724	33.518872	29.030448	1.296919	22.577364	125.171762	23.523752	17.796399	34.560278	98.036568	63.640118	69.362955	13.318494	131.103103	13.076223	8.701141	9.094056	5.576031	10.814447	48.217509	13.062768	187.686459	11.547011	41.004236	21.986998	89.057506	49.882700	3.505080	84.403218	36.240633	15.874675	106.893083	69.305219	151.720697	 
9.707044	37.981671	71.064620	1.361476	4.740900	21.349226	18.333929	23.511802	24.821643	11.932019	27.632339	15.172997	131.189633	8.032290	35.858093	67.220160	41.451029	52.460452	4.953686	1.837401	45.971868	30.774980	25.701926	40.298392	75.226032	2.374178	84.954755	13.201142	60.653148	38.938856	0.562169	2.014698	10.770330	70.925057	9.425525	39.331182	11.666815	26.762821	89.525116	28.545492	61.577917	29.663166	11.841355	43.395667	68.172985	46.044637	7.527057	54.149828	38.447043	22.193491	7.344048	14.029143	11.181872	78.183561	47.711619	67.354959	105.914503	78.051960	17.792027	24.735059	45.910144	181.580838	6.836472	19.523331	27.259720	 
29.048898	7.887803	23.816346	15.090664	65.388416	45.632613	23.598013	30.751508	189.397574	46.556059	0.492751	11.694181	11.206470	31.866323	5.742492	26.611708	14.043485	1.813134	93.318413	141.151054	5.881468	10.885304	18.407367	20.761473	32.028507	86.621394	71.273543	63.307575	31.815513	27.794943	2.813319	0.207976	44.936695	46.937734	27.323044	82.922398	36.452599	0.304435	90.327206	42.876180	41.526780	39.852233	155.039706	101.742895	84.207063	7.644894	12.219183	8.790905	156.097136	11.838036	38.902797	42.423518	12.001744	27.973271	21.454079	21.952744	92.795695	37.195983	1.731900	80.255783	9.367652	22.082812	18.406561	56.804207	134.503737	 
14.970070	50.322112	70.510183	18.451437	35.179710	17.260095	53.999591	56.960096	70.431438	62.723439	2.470585	8.138450	33.622588	35.456443	28.398943	76.474116	61.941792	23.443061	28.542684	27.494748	101.104238	79.860174	29.881563	36.080192	14.364487	76.085452	34.372010	27.073492	38.692077	11.176212	9.025108	46.436637	2.395671	77.069091	27.952348	15.994006	3.204574	60.878843	5.580225	26.145825	58.590631	9.320196	69.065674	30.195411	14.816789	7.589409	4.859166	30.995559	27.718611	97.843634	95.652680	22.539420	37.015135	10.224624	42.262334	9.590217	7.127778	12.964506	29.878448	41.358218	77.897544	13.908783	6.595318	16.657651	188.458293	 
1.893465	12.484884	69.196395	20.405069	2.109861	25.478634	33.969867	39.125517	89.800902	37.169703	1.726282	109.084864	33.016588	9.179521	34.585088	57.062862	50.142508	28.287500	86.883317	76.978732	39.556569	21.740703	57.444157	33.747160	28.209142	21.503573	10.202178	190.929956	37.320032	65.854711	51.191475	6.656925	78.657217	0.073321	35.788826	26.292123	38.136093	65.427527	5.733152	9.263492	65.018396	7.140896	16.151801	3.670334	14.327826	50.315760	67.224960	7.285259	100.330432	166.650274	250.211143	5.757224	124.690870	13.164361	5.630529	22.738219	44.548100	6.760500	4.763485	72.224014	50.585243	50.437838	164.868477	18.324904	24.494236	 
93.495130	15.285402	12.166387	44.440960	18.835820	13.386370	41.728678	43.150357	26.167888	10.307445	80.709775	30.004448	64.673688	25.440079	7.807575	88.028541	28.755728	79.796616	15.119196	2.277975	38.492357	6.192506	53.274812	59.770846	140.904581	5.183910	144.312368	21.370691	13.470384	6.714568	40.075735	0.600776	111.114006	36.256007	1.849536	55.728260	89.363712	37.454076	20.926607	12.676463	3.575950	75.264506	2.281905	40.277382	53.255748	131.627487	52.888102	18.397503	33.452205	117.096264	70.214485	3.372998	45.834958	14.294315	26.479937	28.422479	25.397063	19.876368	8.257461	1.843301	50.808304	23.492725	5.446429	90.149403	7.219610	 
45.627113	7.533201	29.678777	8.983313	35.319290	116.961098	7.042404	66.353716	53.528777	111.022936	48.293599	85.528978	44.955686	40.287187	18.684683	3.301515	25.778752	10.543261	98.065221	77.307821	49.095849	22.177146	114.949742	0.993197	39.171922	51.954367	6.448467	57.011767	29.590072	26.217916	25.107453	33.934140	192.147291	2.362657	59.170753	2.345388	4.349834	8.302630	22.321939	2.776542	114.314643	22.696139	84.945072	41.484700	80.021034	9.925051	15.832033	62.534126	206.931048	16.161819	33.057965	5.311078	70.041311	22.207144	4.951144	2.236247	12.375946	39.582453	38.314288	17.539599	42.918072	23.802128	18.055639	5.002358	24.208846	 
136.266402	6.869454	84.686621	29.608059	121.236438	12.065965	12.253436	63.857274	64.089828	81.046890	36.012616	9.094743	3.721371	85.419207	47.468930	22.888407	53.754631	0.400479	81.956752	139.512842	0.224297	8.999751	20.590565	73.621452	30.035524	4.881691	41.030709	10.778898	22.219697	158.729735	87.141226	55.091771	1.161302	11.821916	1.491098	6.936469	3.095868	8.302342	106.529854	144.319457	4.298013	8.598123	15.042339	59.804484	2.719373	18.663316	19.399013	27.318572	22.880349	5.735941	97.950894	32.334511	112.910771	50.410681	4.208017	101.701990	8.142704	55.948390	12.329601	57.319755	64.387205	20.941991	13.863693	16.743791	28.730338	 
63.595463	27.878452	146.499327	50.591542	74.045533	106.443866	6.435658	19.647061	87.754971	100.355208	14.632630	15.522511	32.033287	65.445868	84.295113	110.760143	40.913064	36.786597	27.906964	6.779447	16.194558	197.949640	14.775446	40.320619	145.426890	16.776695	16.515312	2.422113	37.654276	42.829428	36.991540	92.067083	43.477561	20.651635	68.862566	96.618930	87.997203	0.750473	31.080849	21.596640	25.128775	26.463521	2.254830	104.482887	56.158435	38.810770	19.231156	72.044232	222.798859	25.307572	9.325995	21.642139	34.775611	21.974378	4.383938	11.223061	11.912126	113.027299	11.124717	85.546910	6.099740	51.529285	34.543745	40.361135	39.251899	 
42.117675	12.161564	59.820453	30.668631	47.025069	67.297803	90.597027	17.919588	99.726650	29.920235	4.340491	6.896630	2.377697	30.959200	21.677099	88.906761	49.165842	31.918534	48.243667	44.326132	35.916114	48.885685	38.078580	95.280194	84.275154	8.540622	65.155832	40.645280	5.721039	21.598546	3.901237	18.065038	60.094232	11.637834	44.055354	116.722205	29.608042	25.510583	1.716390	63.378694	8.346656	12.283176	102.476144	0.465111	88.984610	38.746499	44.537218	3.352020	58.549735	37.305118	14.527563	31.328936	70.412635	1.815379	6.767884	67.660773	14.330449	104.223472	115.453782	67.106169	8.107433	145.779779	39.250911	51.141195	18.484455	 
39.786569	17.873608	71.051644	3.507549	15.875318	51.862622	31.630743	8.401458	3.292341	57.106603	53.157992	25.379141	15.957666	38.914550	20.489702	209.729114	45.081344	18.101110	1.520750	95.625229	3.298841	16.766128	62.982662	25.371069	6.023425	4.467537	2.373711	51.924813	2.871174	94.592998	36.742347	31.413610	247.440764	54.924576	14.221871	12.105625	96.896581	4.626783	213.149890	11.524543	65.138493	94.110661	38.763052	30.405959	101.200173	40.940223	77.854869	6.380339	75.881649	33.369847	53.779830	2.754065	20.077553	2.230947	6.445598	5.097352	5.659508	28.794091	50.675400	27.788994	48.059298	81.176384	64.684203	48.523070	42.608755	 
5.689176	25.795269	12.860172	11.473524	7.383640	93.606344	16.136548	42.139560	67.360578	62.714118	11.779078	8.949117	163.843658	11.541605	67.267770	62.130164	183.485380	103.321779	37.652863	116.831791	167.881457	26.381745	11.409946	36.792793	11.445395	103.029659	43.818524	8.455785	18.564378	9.957666	31.816162	26.625404	18.115038	77.294564	72.237677	8.098334	13.897871	98.000530	13.643414	44.127891	0.576909	2.440938	9.817537	80.804186	0.675773	31.978631	22.391152	33.618394	31.576960	1.736185	134.903549	4.769032	14.331962	196.561414	35.910039	65.889383	1.560654	132.567939	153.299847	65.939771	213.782445	138.975706	134.221007	2.782828	42.849790	 
22.773547	107.569291	31.683163	35.585210	32.283179	65.904549	9.922054	3.119675	80.646158	144.432678	13.369356	49.805931	10.817248	17.044407	43.650095	14.148615	12.593558	5.064846	97.151440	34.452598	3.044205	25.651054	22.962709	3.977805	16.623552	124.996486	24.396207	12.466322	3.925502	20.742721	2.339317	2.300929	70.865828	30.378134	77.272135	51.959377	55.590385	10.815210	30.612145	32.251910	3.591245	2.647454	78.823887	17.042571	37.214783	56.774855	21.677515	5.554665	2.368324	67.289542	10.336352	10.294960	11.085047	61.523772	40.116709	37.793450	32.494585	4.035887	26.163435	125.783802	40.828044	134.896318	45.261431	3.902952	24.111635	 
44.559495	51.255699	12.357169	22.080802	1.269580	7.243395	19.207338	58.478317	13.174204	32.106218	20.481262	29.359025	38.787550	31.336267	53.017906	61.302573	10.608210	39.751947	182.293686	5.847403	44.870709	21.465146	3.470311	9.202099	11.033268	1.963615	19.025438	51.724409	32.351107	41.703405	44.935383	11.545442	24.681378	59.902484	14.223315	12.286905	7.130021	41.127898	13.359068	36.144833	15.620933	23.982806	3.802490	71.500051	24.069757	72.835187	5.601643	44.633629	19.295352	35.402326	50.570279	95.099291	74.612286	47.632379	33.317937	167.125785	27.083823	75.169899	0.952700	27.512047	103.901838	16.173597	27.247196	45.774855	66.599380	 
2.481248	11.176754	14.196918	13.969221	0.421093	23.297884	50.495685	77.360334	29.413313	58.754929	39.442404	6.900964	86.181447	32.798634	30.740906	112.781014	19.786781	25.899025	29.700529	14.966649	57.210763	57.060599	39.799512	37.865251	0.772788	18.541222	1.903463	89.680107	20.532156	13.649687	30.110450	11.980913	4.579815	17.074157	12.641084	27.218882	2.494097	6.027342	0.389501	78.139199	10.979086	78.145874	23.293620	5.871642	4.716941	1.678088	21.044939	45.674995	26.177338	14.919645	11.265878	18.948790	51.518790	24.560384	34.442533	3.816085	36.116056	27.112035	18.690471	55.176523	26.072682	61.999591	47.273153	7.441567	5.489311	 
46.789841	4.922254	7.481523	0.851548	19.679615	49.292040	15.847570	25.476492	5.255503	41.283751	2.455236	29.674272	66.889057	3.398161	80.740671	43.497902	107.364105	95.826443	2.422902	31.009937	35.602004	6.170818	55.044224	38.262272	44.138597	19.885277	37.481976	9.315516	77.001254	13.610688	12.054606	6.241646	111.010862	67.535593	21.678243	2.774231	7.255345	4.395046	55.531768	36.227775	35.198472	2.559619	181.787612	13.368585	3.030945	2.296253	96.939968	40.774098	20.625521	0.343972	29.490688	21.076030	22.824699	10.892339	3.967981	51.685575	8.264380	91.124058	10.054717	1.747704	6.110206	20.620421	152.079495	107.208165	20.617349	 
14.182474	9.129775	34.313378	16.205033	85.765917	19.020202	9.528903	2.682417	6.256639	13.978565	59.401288	37.006006	84.664347	12.530686	120.672970	16.509231	0.296834	21.870638	15.643868	187.665462	59.504270	31.631153	30.640242	34.728772	1.259088	9.368597	10.466677	145.314573	9.445360	39.578744	174.214939	78.968276	79.682691	15.995225	14.732438	42.797508	96.177243	46.795312	12.593205	20.668126	93.513767	33.951376	6.387645	9.274220	5.000115	0.129746	19.961648	35.653487	3.883025	93.252438	21.043720	2.360488	49.306013	41.433318	57.758679	16.966057	139.906346	78.051927	101.648004	16.056216	24.274839	32.085916	9.019162	36.289701	118.969274	 
14.496653	29.487822	34.492972	95.598041	46.475935	17.865553	13.677161	10.887083	10.187679	29.993152	177.498596	19.708107	3.589698	39.338874	69.385979	60.977379	31.409564	3.759951	1.474845	88.088401	60.113565	54.781262	14.957853	22.071296	55.417378	60.098330	19.859199	63.913838	3.664944	7.089891	12.327952	2.156882	74.083581	148.309182	19.168162	97.425407	42.627132	69.066408	8.090916	3.418244	64.803800	12.033803	26.633687	2.082897	7.396280	65.048589	12.321768	0.738804	68.889667	0.747920	131.098215	119.395153	5.696587	10.890225	20.658350	24.376580	37.845456	24.294413	1.443725	19.681560	7.575511	42.315008	91.555607	5.523529	2.760246	 
18.646880	13.909271	41.429486	35.844962	50.887370	45.992282	12.603006	9.640617	30.048582	1.984102	5.479424	159.339364	93.777674	81.797380	29.949242	48.497596	21.189499	10.603536	160.471140	5.854433	35.091168	11.109895	9.122559	4.739925	46.900381	24.089289	19.238588	47.634605	23.369073	6.960066	8.429697	89.247369	90.125553	12.299986	170.797168	2.876438	27.096453	27.877437	8.081458	10.010008	39.900518	28.698350	4.553229	10.662401	34.937972	74.297506	100.337126	3.761048	37.893307	42.408700	43.397120	65.658324	2.239658	23.107434	11.749519	42.381544	1.376547	24.518572	34.623456	272.419784	16.873996	41.369627	0.690454	17.433726	3.508166	 
60.250791	37.408385	15.158801	48.071378	29.476310	37.091367	17.330391	18.576863	8.470223	1.461912	49.972050	12.558754	0.483640	50.780925	2.484320	34.908321	24.418022	27.434297	52.870310	96.049701	18.516306	8.529008	36.257055	19.861458	35.961885	7.616697	5.380127	81.831709	5.330397	21.275834	41.858123	1.239405	67.136439	9.224787	34.565130	64.550054	29.506030	20.736107	23.341702	32.757611	5.798342	16.933635	92.234087	58.237848	9.839243	14.442470	12.711961	26.633820	2.129692	8.509907	77.122246	1.508530	14.534114	26.537481	42.468352	39.399735	35.788351	25.943141	7.338131	35.391076	41.147147	15.652501	15.004777	35.760342	110.423961	 
20.968729	71.424133	68.069241	17.138673	31.651893	92.696157	8.277497	92.699719	20.715909	25.878417	29.099017	24.060370	19.714223	7.656591	67.154297	13.328319	80.425730	33.017575	113.397661	13.080727	58.804958	26.200602	31.822303	7.865641	52.555325	56.342932	45.419189	49.543458	39.004207	64.627575	143.988026	97.670584	22.876902	73.107423	20.160793	15.010051	3.865833	23.186204	11.139410	21.885812	0.094153	65.764055	13.124459	6.537494	12.854837	24.651852	32.422076	26.539570	33.268645	2.648659	11.030676	102.933893	117.465841	56.161938	9.295975	17.886381	5.252488	49.041241	16.781711	28.860540	13.928896	99.132904	125.939336	6.013394	10.151611	 
33.885855	10.058458	8.695977	49.126249	97.620115	37.364247	57.145296	175.951336	9.901732	29.236388	20.017099	21.724025	49.752937	45.952679	18.704512	50.854175	12.327173	16.563870	8.874096	6.290083	67.368949	61.609739	20.668107	48.786497	13.248331	24.001717	80.526596	38.180631	82.136903	48.445247	26.949315	25.060059	45.866267	9.092756	59.399037	11.779209	13.396068	14.765154	34.160188	49.288874	4.294791	60.647524	35.561485	0.431093	42.502732	17.919318	103.457125	0.491793	2.139242	2.887816	1.443519	7.585917	4.715848	1.991721	29.537808	32.843579	13.592918	54.958283	34.404085	11.117556	2.694232	18.450911	68.012052	21.394367	22.864987	 
41.061655	12.847644	49.006823	1.118084	61.504392	7.686383	18.645457	36.260015	62.045431	4.674334	71.162932	71.727451	50.878665	25.407941	82.183555	22.536175	22.063749	29.204935	21.527426	96.517110	28.433021	133.305765	77.484721	3.697557	17.972212	8.362155	59.785021	67.248265	19.475904	19.383666	36.843866	92.927343	55.284457	7.745217	33.530445	119.872789	25.782836	61.567662	61.055641	11.910954	65.366345	8.788421	42.042630	8.355907	50.827793	18.456003	4.734402	17.925557	47.295301	9.569847	29.962948	3.428992	3.832436	28.203739	2.845993	4.019670	1.587129	20.784526	28.928411	95.607649	26.468084	112.557435	30.957853	21.824386	5.418425	 
7.748795	9.895101	12.656985	107.245054	9.822361	166.465880	12.899619	55.716494	11.671995	93.468186	3.049080	34.604260	17.498568	32.500492	233.666479	117.337232	15.387639	28.211687	52.325333	9.675656	58.910323	24.646837	14.145386	38.060441	17.164484	7.529078	50.141009	52.357124	69.847773	65.370545	67.380840	7.458664	24.619108	15.243746	85.828813	7.918833	45.683906	53.942783	0.448135	2.065228	21.505786	32.510729	114.708244	64.736742	82.335350	7.100035	52.104974	97.287480	18.810082	15.983646	12.305906	10.401759	20.307636	2.367075	24.532059	77.836575	52.552711	22.930485	8.825487	2.399409	12.164959	39.563246	68.651089	154.335137	35.936917	 
3.043171	13.632903	2.075685	31.512223	121.743410	19.897767	38.007891	48.671821	9.782549	6.858264	23.019339	17.971055	2.061824	11.266567	23.324373	15.830105	76.415202	32.078696	138.337045	62.549343	32.438788	36.931948	54.197026	47.593033	3.131815	40.449588	5.744336	21.190777	0.185921	8.368858	98.581194	0.180624	56.199841	168.345969	73.567182	29.754376	42.155174	26.469237	15.728439	0.255691	4.367572	13.248446	6.625443	4.462822	7.646438	65.060752	70.346699	40.067538	142.995717	69.759064	56.935950	34.041377	110.861310	0.642278	84.485741	36.513997	22.538681	29.481563	15.656905	21.878887	82.994953	5.666441	48.443028	35.238936	18.674065	 
59.697126	57.428754	12.352915	3.115474	23.795527	65.130673	19.085575	24.142812	4.883645	15.594792	11.633719	181.823660	18.287646	9.654008	9.432252	5.483182	7.619944	32.985988	35.198976	14.225637	145.235192	65.769584	100.276728	1.058413	36.308591	12.065866	14.988133	12.293858	6.637017	102.210646	47.774002	5.358483	12.106945	7.629489	12.164214	136.604737	20.634218	188.159730	57.744000	126.754401	67.130629	75.475772	5.056842	19.941668	56.683596	70.681860	25.415741	12.189910	30.745938	26.990179	61.814216	46.945579	61.834646	83.139263	16.583739	5.733897	50.507758	30.695297	1.685450	9.798849	40.031436	17.823894	53.103677	4.596052	52.966949	 
148.423496	10.302848	124.299609	69.336692	25.103723	21.623966	47.986699	21.005527	6.919103	5.121863	20.063752	12.546979	2.946029	82.537943	6.446321	31.121505	18.667812	27.165682	85.099093	4.175504	12.791110	5.561445	17.337001	64.053589	10.207080	23.628353	51.495449	26.380388	64.842955	15.718780	145.429983	3.566399	109.538194	5.008165	47.560905	104.244249	15.576474	60.817932	57.003644	11.015378	1.733266	54.355023	51.252308	50.495550	67.836096	108.359368	23.624486	87.746172	139.116735	2.578443	4.379890	3.938244	132.057127	2.768624	27.455027	4.695946	90.411191	19.029341	1.311484	29.312035	32.088183	41.212191	14.298022	0.349016	67.342494	 
28.706885	50.357889	16.251459	34.007434	17.258911	27.637873	252.285019	65.195747	36.799156	94.148235	2.987656	36.496934	50.709090	38.782048	53.232964	0.428858	64.912581	2.285676	22.825586	62.617594	4.277756	3.145898	63.740469	48.200905	40.975201	16.449970	0.096823	13.645642	74.240825	33.344615	2.280313	6.945594	30.687807	12.654178	37.416935	8.461226	31.050002	16.019168	65.431958	41.123420	7.738911	37.971258	3.022428	1.301911	92.430329	83.274893	94.803843	192.211372	113.578435	1.849742	14.383014	43.057994	2.935400	22.603694	123.885296	41.784179	23.308380	59.061499	7.324505	39.520066	51.205205	74.187371	0.519554	64.111639	23.357532	 
53.888500	57.066220	20.381007	111.252428	17.616323	43.248956	47.060863	6.720901	4.204492	2.951710	114.518927	41.272946	34.111213	127.711839	33.051616	11.283644	3.528288	111.554810	38.681834	41.869726	6.185044	56.176212	9.067340	7.096093	51.070518	2.887485	15.684869	8.232849	19.897088	15.758162	95.929779	36.114999	19.518755	26.300400	73.025928	22.462056	249.731427	47.148048	33.182622	54.226290	41.452820	34.477801	16.518813	37.279758	5.650241	0.618577	128.238467	10.373623	38.864773	155.963691	14.546981	9.083241	16.030081	17.319765	14.536787	3.431146	59.765010	6.863616	34.133232	2.667943	19.968710	12.813215	115.782025	30.814499	28.351842	 
25.604744	1.346347	7.195072	64.209745	109.727914	25.572803	5.107607	58.329326	25.483551	74.098199	25.363968	25.955738	7.059795	64.555926	32.953561	7.043673	25.514066	39.268433	20.859848	1.200857	1.033987	4.028171	93.756194	47.351323	1.283230	58.840098	53.051456	83.836203	69.348550	31.406385	38.187383	65.857148	19.024523	26.889837	24.360147	105.982491	32.093404	199.684328	96.342080	55.431778	39.546870	42.825674	49.134768	66.417756	0.888456	89.264555	18.534061	7.503216	57.911074	36.755247	65.222156	3.596586	44.307137	2.283574	80.259933	55.630606	34.909335	58.186209	2.849659	29.452773	27.466649	66.915240	88.473283	17.210433	42.355919	 
61.404902	32.949798	51.831674	18.258270	10.338861	35.752021	2.633536	91.938790	39.669944	13.837751	210.686915	113.259768	27.334404	58.541144	85.494580	94.109061	9.496660	86.672181	24.045473	14.023513	25.475057	3.526095	19.555746	20.085042	29.013892	4.808982	37.019042	77.540610	18.901050	59.389873	82.313817	1.146349	9.293504	16.487055	13.136767	7.124909	4.925147	22.882073	9.625831	4.370806	47.248845	8.007372	132.208820	54.522862	10.497434	51.966466	6.013287	4.045064	14.674889	26.907449	45.818392	40.886152	9.162972	36.230386	34.637837	9.842814	108.320384	31.302386	86.848882	3.361671	41.021001	26.575229	59.789583	81.506548	4.157645	 
32.127800	25.702309	125.481150	37.960437	38.983623	83.414673	19.458575	39.582701	44.595419	83.491545	22.455551	22.520701	11.361316	14.646014	58.033002	13.810210	17.060031	44.637964	41.535641	109.419820	45.370938	79.885301	43.211037	10.561647	21.493499	23.468339	61.966319	9.660493	27.224413	85.099675	10.221201	35.722635	13.387564	59.171356	48.885468	48.021561	122.584198	1.817278	0.227708	101.566623	10.520033	8.628516	30.534126	64.314132	53.707129	4.199008	1.962862	5.554114	88.265039	61.077663	18.052992	3.674537	22.450614	90.003246	13.577905	38.005131	56.341688	16.550940	6.859650	8.621382	19.549810	38.952533	7.065642	18.109891	17.879978	 
10.923630	21.180546	27.778937	40.846021	18.249035	1.078891	33.168501	18.385033	12.943559	38.070846	46.773381	34.060439	11.218378	19.283913	11.541542	3.505867	60.233462	15.872093	8.938222	20.339925	10.462875	52.575045	8.439572	52.928103	36.413226	36.557399	51.656202	24.907453	23.328917	25.433195	7.708128	9.887689	32.426797	50.401345	83.860318	9.216393	20.376680	31.349968	0.821596	16.582124	13.113932	138.352377	28.482093	7.155212	20.685844	39.557116	98.924600	70.795971	83.279720	13.701528	2.598603	0.323107	57.808403	6.682951	10.969679	59.857583	0.541085	16.188325	22.157499	16.001949	26.744363	6.991031	34.232529	7.840904	171.680699	 
24.851510	41.414037	20.812419	7.466490	49.586905	68.912904	15.261857	74.477594	11.488542	149.861997	44.114323	11.683939	2.743163	85.856691	9.569749	6.924866	49.038010	58.954101	65.512067	5.147827	21.434305	10.429213	23.833718	51.835011	37.488393	1.822747	7.580795	28.583898	4.952403	88.225921	14.713218	17.303313	40.728315	5.595499	18.688022	27.611713	112.060920	19.695364	90.631994	20.907272	10.965564	57.756520	7.922022	3.095300	25.663600	1.917228	24.049463	129.710663	76.376941	11.947413	89.152492	52.008100	11.509348	5.541467	8.250620	42.560760	26.535525	4.884880	32.110251	83.595792	19.463492	50.072168	0.351458	1.651972	18.219749	 
59.127311	62.099335	26.213340	15.673471	129.194188	56.259426	13.001471	4.889659	8.896073	22.544631	66.070529	148.827550	69.430241	75.956190	26.169713	22.746628	9.373079	9.442989	46.505788	4.925847	148.237008	11.868504	26.900559	60.014752	46.287749	0.343572	30.161767	68.283878	97.860405	106.528187	81.576818	34.606103	26.218661	20.762573	55.046198	7.500392	32.243070	1.504570	14.305964	48.197420	18.713153	22.107451	16.262355	15.632502	73.612646	65.640703	11.962670	80.023499	54.025898	5.534953	26.018072	53.409894	9.819566	34.994477	3.655208	28.339195	17.004234	13.957091	90.481714	9.128166	53.416425	29.483290	66.835341	7.880387	40.207537	 
5.221138	5.745216	17.293100	2.253738	50.786811	39.673558	4.705508	16.129812	21.119830	21.420712	23.372353	7.139620	2.558295	20.952895	37.337984	38.270239	3.907678	4.156829	30.651322	0.434533	64.062981	24.935023	14.770652	69.903713	17.080756	42.990130	30.184308	6.738983	38.702602	45.774194	23.783100	39.473258	13.545583	29.439355	38.380836	47.598182	48.835053	42.504112	5.592935	86.157671	23.277391	26.666471	36.730898	27.833164	74.282944	5.634682	8.895335	32.258685	122.969483	0.486353	80.451438	23.133742	35.510874	66.135510	7.077941	48.243492	29.507599	73.514938	50.366410	19.039289	6.841474	0.817136	41.438081	57.115418	31.212690	