64
0.000000	2.001154	58.490877	44.186380	83.545568	28.799389	22.897980	2.918896	8.743791	26.559379	61.487048	70.147445	156.008387	212.525340	39.785808	121.706567	49.295193	20.744671	58.105113	87.883657	42.930145	17.678645	57.926932	29.359134	0.766905	40.694124	5.995818	8.520059	138.612628	55.579621	17.519908	35.092233	42.342750	4.044283	86.976536	20.920520	6.679514	12.244125	21.809681	27.688423	18.192888	48.992056	19.070658	22.807013	16.540928	55.217766	87.737014	25.341136	32.681887	30.679336	8.094486	53.417601	2.705922	20.404880	19.582216	15.408269	36.599639	6.073844	42.161627	5.368386	5.794214	21.285048	6.127818	147.917293	2.247397	 
24.753703	13.928235	52.474468	48.609048	4.016617	29.998583	65.846510	40.253104	6.920674	2.050013	25.655196	37.962754	9.892242	138.978506	14.091536	58.732316	30.872334	16.603181	139.435694	19.878022	19.815903	44.995258	7.045433	2.925080	92.016981	26.594168	9.752102	77.488000	36.815513	12.316424	146.000835	31.192167	14.360519	4.673055	31.487657	44.420929	129.784481	24.512257	38.139741	33.101534	0.435825	24.060262	79.197326	8.652078	13.706997	3.791336	5.675390	32.849793	44.037110	30.022566	3.965800	19.186877	16.340468	30.332898	52.048243	135.939987	28.874145	21.054327	43.077939	0.604524	69.004230	2.151524	58.812199	20.655979	34.672437	 
50.399191	112.632492	15.143031	39.351799	3.943436	3.451752	2.976227	57.404616	11.260067	51.704867	32.108057	12.574629	17.990842	4.462713	8.115809	16.872105	49.208523	67.333061	47.814738	32.300045	19.226246	84.299943	103.222354	67.905905	42.001333	8.410976	12.744318	10.537532	12.926504	13.111046	42.932259	26.636366	19.924477	12.359489	87.432565	22.368449	0.914121	56.056163	21.779742	26.254716	2.887058	23.798743	13.067538	21.023252	6.969281	18.094171	22.798128	55.980845	25.794805	6.699133	93.008513	54.389495	64.714047	31.587898	14.742615	9.203335	8.968145	34.137446	29.181222	44.443909	5.056287	12.847308	32.683922	8.467472	64.010092	 
43.011450	140.079259	47.941492	10.145069	61.917759	9.345921	42.425158	32.117832	59.977443	72.249213	2.425706	39.528534	10.719569	23.532955	11.781140	43.590622	124.818444	69.253078	18.710047	1.569109	37.607265	33.521550	7.343822	11.372438	8.007497	7.361854	13.741313	9.487830	3.198822	6.661409	1.562573	28.793996	9.274830	79.919272	30.951954	13.393766	15.093612	40.630571	24.776355	18.327042	70.437587	57.961244	64.848219	1.391128	3.833240	16.227102	26.387634	30.543991	1.060995	17.974572	5.010274	10.488241	12.731115	61.468022	44.198064	13.887362	32.405381	16.047043	19.393013	157.279832	15.293623	61.545880	18.936372	78.295862	28.503866	 
16.047858	30.038730	50.984815	60.144628	0.740702	5.034596	36.259567	6.982812	114.143325	34.097847	72.949913	32.113643	43.633108	123.300790	76.011693	4.850122	26.889005	35.236077	0.169280	47.215404	82.802970	47.290530	8.569260	1.051093	61.149127	58.194309	74.020576	45.487059	8.939054	43.192639	8.986261	48.904024	11.057962	40.666332	3.388011	2.927809	76.078341	5.689722	6.227910	1.290809	31.330289	10.048573	94.205520	57.239241	47.950860	67.909276	12.427977	5.578379	16.888594	33.603440	9.206317	1.388613	64.611658	14.264356	184.187948	22.863212	25.442017	27.504454	72.159181	40.160487	77.997512	33.253763	102.484428	0.383972	72.636951	 
15.218636	15.883273	99.727298	24.695382	146.827172	0.508117	84.385194	46.582004	21.264517	18.512145	49.970204	10.496401	90.944661	20.728480	11.351890	13.196987	14.280938	62.250815	4.588037	26.416438	34.140981	18.376436	118.517324	7.902563	22.257813	6.018371	36.432747	12.209788	0.610058	28.302146	4.985878	6.865959	66.472294	10.468409	11.005495	60.821691	2.177588	39.056896	96.717085	29.997886	2.333114	8.343105	19.019817	22.932625	30.518299	39.388476	61.043214	28.832718	53.152783	58.031452	54.767641	32.236696	55.894752	6.280934	9.411901	102.239338	15.462070	50.799816	41.272280	2.415044	23.455576	14.375082	68.791959	7.595530	34.178448	 
88.838149	58.667806	25.998461	8.871709	22.349974	130.508589	8.715320	47.032336	50.635004	27.272510	22.257555	3.714360	43.749942	55.764844	47.619466	36.011476	11.079932	191.560969	41.305657	80.960825	104.663592	150.501225	20.561535	1.565674	86.414028	107.275647	64.539837	22.220796	37.224766	24.728212	5.663920	3.833199	1.035457	9.363123	20.619929	55.054178	32.677634	21.042696	24.165900	52.267635	43.434071	121.504949	29.318397	48.375431	9.033476	54.368431	44.055696	72.555146	31.729865	74.152387	17.862536	152.267021	91.401017	77.130531	12.970357	38.965759	28.153884	52.817926	24.317976	24.603165	7.853352	22.045951	52.221981	1.199211	16.832140	 
63.334352	35.833391	19.459533	83.845511	1.373207	37.311543	20.168772	9.865395	37.036648	24.956400	70.928209	54.270666	34.800647	45.800288	2.479657	68.594850	120.928719	79.623075	20.789517	81.699792	12.383906	15.719523	70.909635	14.022366	16.519048	5.072231	37.021645	43.412582	52.044915	4.820782	27.073732	8.495015	0.671565	35.704573	44.187083	23.909640	8.718185	155.447563	63.033109	67.133470	61.282204	18.797205	6.968836	4.517305	118.422508	9.329369	50.527133	30.064243	11.819245	23.530675	43.355255	3.828879	10.240313	9.706146	61.598303	18.106882	18.701643	138.834139	60.904025	5.185314	9.399812	11.036770	57.916740	17.494712	37.015548	 
10.776359	39.804463	47.418384	49.732118	7.270025	73.842009	102.209611	35.104522	5.250483	70.091762	44.870518	17.390982	32.965316	3.519994	38.977262	11.104477	17.246208	15.398031	26.763408	43.830859	39.957100	110.810952	12.354584	6.093008	10.933537	9.468748	23.883795	16.252250	48.172374	73.472390	36.450017	13.289731	36.074849	7.131618	64.018652	11.643542	3.244738	26.350317	13.276258	28.800216	1.582515	48.887279	11.093431	0.817623	50.103379	55.538531	13.128413	133.756621	34.426393	63.857973	31.046207	16.124717	21.047041	52.961393	31.076721	132.954652	10.070436	2.573899	61.142346	4.086782	61.793691	2.449834	44.094899	22.067945	34.059943	 
38.956788	31.630415	81.747970	4.594481	9.746026	88.019219	16.118546	188.399727	63.050494	12.875677	6.763571	0.727427	22.486453	35.597571	20.861218	82.279678	49.765736	34.834868	4.334628	62.829124	10.205191	161.961755	26.037265	48.915661	25.852586	2.796689	111.612713	28.602496	2.855158	15.500014	10.070816	20.510657	48.802264	2.629053	73.950537	24.677842	14.056954	8.173726	65.183073	11.478152	11.903647	16.516971	34.538361	33.522576	104.296418	19.080787	15.147056	103.231277	60.620537	42.125680	7.849892	32.417730	16.101184	58.306496	65.655544	90.846015	6.889093	46.330363	45.945883	39.516398	11.094140	21.460292	43.443209	41.671560	167.404454	 
27.997449	29.767996	28.949828	114.285053	64.665110	52.079568	44.996016	83.467058	1.449019	108.491400	3.548271	28.506303	17.609892	55.248378	15.163919	24.894037	5.721425	9.481449	16.183160	77.886918	22.365779	19.309596	43.492787	26.238128	18.727146	4.439521	118.294831	73.298437	52.608769	104.286860	31.679283	10.453272	48.082284	40.571521	154.034483	17.840922	91.542721	30.951238	26.748422	56.703196	23.077369	9.486274	20.367971	13.820831	76.312818	112.178476	93.681435	26.203320	21.344700	1.392498	37.241015	17.342840	51.024038	124.590616	37.390667	4.438296	55.902241	7.264496	23.389170	63.029500	19.991083	2.927890	62.806884	10.039731	14.290899	 
23.911698	38.200068	3.258581	26.537684	69.765412	42.592625	70.862614	5.666080	52.845965	115.024219	6.355388	7.167665	23.792594	37.078859	58.294954	13.729452	12.284160	10.724401	72.880422	178.158272	30.313964	34.570003	2.711886	2.001635	56.745029	24.947199	40.390184	45.777356	53.990256	37.683795	34.651271	11.888619	2.134461	14.228267	48.452576	91.490080	9.575015	6.203343	39.532129	49.707724	12.284752	33.684822	3.463966	3.276163	45.448570	47.092115	17.038514	80.010062	62.933596	2.417089	1.771126	86.010770	21.816387	4.075775	43.293600	8.024863	53.323202	17.225031	23.286483	7.604202	12.760742	135.466631	32.635024	24.128592	91.204685	 
30.826222	35.324137	41.590101	57.113909	57.541078	25.257063	2.480076	36.292731	57.807459	1.623988	58.523594	5.606240	0.184767	89.883701	102.740692	35.820264	33.555684	4.882188	3.892571	17.857839	27.163417	52.253063	56.855960	8.321047	21.077790	61.519513	47.707380	158.092089	2.448905	25.083126	21.077246	12.302283	1.096989	6.399993	50.233914	55.126262	101.676105	48.632500	53.584621	29.462833	13.657632	54.663241	30.863966	8.701618	13.421919	76.684684	44.407424	2.829117	2.909528	6.280109	1.059661	9.331844	9.986864	5.071931	127.900681	14.256878	99.845183	93.968017	160.528400	34.193343	4.384086	21.134379	44.615456	33.336015	70.843617	 
14.499618	51.365791	13.712671	50.485534	101.406658	6.127271	71.340162	70.536651	2.914667	7.983712	14.089411	71.725286	4.237255	2.270234	43.640787	8.464465	6.425774	49.002884	60.582454	18.620012	91.443581	105.934689	50.645901	86.288580	4.726115	17.571609	42.742816	2.999024	9.172905	4.369842	4.385248	11.616531	0.991457	140.349603	91.793512	18.387081	12.982019	48.422431	14.477116	6.406360	71.765125	14.837094	28.911725	65.968557	32.893517	37.066865	24.718408	16.825921	3.085246	132.403972	28.424615	8.613998	25.938115	6.158307	71.596480	32.881476	14.161030	19.804386	115.660498	46.599723	24.053214	2.705232	84.492029	111.728896	28.681353	 
128.174863	42.123810	41.658544	23.415686	19.450683	18.172565	4.853316	72.098355	55.377431	8.156167	28.249067	8.498694	50.747195	0.681901	17.504592	47.992006	50.276343	28.763243	178.896812	15.230311	69.498823	57.585405	19.080375	132.676727	175.348650	87.716200	52.825454	62.505008	42.959560	2.796775	2.054428	28.207389	18.424391	60.680291	5.658844	2.507844	22.998958	21.228557	38.379527	5.560845	43.523841	12.788757	8.699515	17.040080	2.421261	7.885638	39.398158	70.570439	140.150246	63.886118	37.231596	26.289747	76.890474	32.761738	44.058741	57.491272	21.090361	18.921411	40.080035	35.122080	35.274680	24.616481	52.928054	74.930352	2.503272	 
26.351390	32.297012	15.509849	34.569119	18.329402	52.274600	61.758199	16.435831	17.111857	6.899157	32.652499	21.183865	10.221575	183.813394	0.640277	5.904657	83.863763	10.752666	34.476579	51.413331	84.872546	119.566254	42.663559	33.148352	14.074429	32.947284	13.707278	17.391264	48.915381	151.338145	45.078254	8.304488	3.607362	67.088110	84.559320	30.636859	13.741339	15.241892	127.928551	90.113391	6.628465	9.277917	26.443169	63.847653	57.779704	1.757305	73.441990	189.511571	39.417043	15.948643	18.093295	5.502574	17.039932	39.679864	67.354509	90.490458	17.235649	79.673749	71.411642	39.320325	27.254869	5.917706	16.073929	21.968324	8.963370	 
16.022102	42.767528	55.768789	17.469719	18.286477	6.625864	10.903553	31.463831	42.303908	39.719531	198.505040	72.980989	102.786703	10.218972	74.591882	10.283703	1.408306	15.064783	75.823566	59.930054	13.336195	5.523573	16.574437	64.907287	20.196264	15.556074	37.854816	17.921435	7.126905	18.529202	28.859162	55.030562	18.514793	112.263942	164.972674	38.465230	30.202015	9.099821	68.586697	11.067938	138.007866	25.887957	29.615640	46.701171	8.456368	31.147293	87.883074	24.952159	44.630059	21.719467	62.239449	69.953718	53.210587	1.008690	49.158982	27.009733	1.323332	6.333547	17.359235	43.387116	33.478944	42.030934	18.297250	12.183640	30.213455	 
21.337128	6.710319	29.143517	50.772551	29.175002	150.129375	70.040674	32.809989	3.757715	22.002805	11.818380	4.715991	71.377586	37.640779	16.359757	13.311775	106.962324	8.929630	42.116687	14.105867	47.679904	116.478599	16.813789	104.910784	17.182045	18.516172	27.655132	3.456447	1.834893	116.882718	15.878599	25.721122	25.358668	21.628042	18.218961	7.707779	39.080358	6.841609	83.738699	31.876922	24.074899	51.117628	8.057757	42.922474	21.815571	20.492526	65.581268	25.640534	20.969125	86.609872	43.960840	14.610214	0.587744	9.799210	6.629677	3.281420	1.398616	4.013514	25.223980	6.786964	65.041857	102.009501	31.305944	39.379986	8.596661	 
43.135412	19.359524	15.609690	19.288360	69.021573	6.433722	17.642421	1.959820	47.669068	29.818872	1.499960	21.257862	1.749302	48.258322	33.606433	43.099165	65.481713	9.609443	0.320923	10.245585	26.574951	23.229830	56.300040	48.113579	31.629290	14.808295	6.402874	44.252834	1.336766	21.006757	61.378543	0.760036	75.541033	18.248079	21.782465	74.945652	127.713345	7.883441	22.284308	57.248882	83.000719	68.273697	10.513438	24.110702	12.405634	72.366560	27.647132	43.783247	6.341953	67.230845	25.513808	115.683208	53.228227	5.701187	64.153133	38.240972	34.799264	2.675373	93.927933	9.378895	9.836203	15.516554	97.403915	5.892380	9.847492	 
33.109290	8.737533	22.235233	56.025610	118.056574	12.698141	6.971722	3.204893	14.956433	50.791907	101.661687	8.700543	129.252606	2.259678	0.928572	16.503187	50.665349	26.809037	69.653044	15.308538	17.120299	2.386682	37.456046	71.794791	61.128395	18.084494	39.447643	37.711845	36.995612	36.021733	23.733904	1.505093	3.340034	42.460212	17.452303	19.329332	3.100094	21.229081	55.853815	92.052752	51.010096	107.854766	115.720094	49.049562	38.188481	80.222129	34.789862	234.060920	17.740293	3.189609	2.665120	5.416214	13.550222	22.396445	38.037532	4.159539	11.177336	32.566977	24.179204	44.831775	104.743006	18.083553	178.155516	13.546852	36.827866	 
48.689166	82.520783	29.294803	62.617637	20.624155	51.941121	269.162414	18.205839	44.221592	11.192369	106.096315	11.286408	34.050282	16.278904	44.829818	16.817383	75.216974	34.389068	9.623005	69.365233	3.768649	19.007067	18.973190	18.977462	16.433718	19.925395	11.393590	18.348526	43.664304	61.369368	7.923900	53.928781	9.189442	32.173911	0.672013	34.755340	13.334696	113.624672	6.054430	5.013657	9.102654	1.176766	12.639628	8.951498	20.052959	34.867400	52.390849	5.411349	10.348774	1.639410	13.271973	44.174063	4.708092	36.591494	2.180693	30.989676	50.597703	34.010029	15.001165	20.318547	122.807863	106.156266	24.661019	16.244034	1.869143	 
81.589242	12.519698	10.622115	117.741084	11.723936	18.738850	89.686742	99.681335	31.945514	16.053373	51.515327	24.057516	93.733243	15.116725	32.230622	2.754704	82.084235	14.319101	90.808409	4.446876	8.576581	11.932550	1.622721	21.670187	11.595622	16.639459	32.053300	36.274590	58.818866	51.024939	14.943203	11.696725	7.328235	1.145333	28.333739	78.888680	47.849383	10.731173	28.606637	27.036731	2.793965	15.125106	202.633950	19.753295	61.541413	16.772866	2.339843	53.314138	30.206904	5.781111	16.009839	1.499054	52.288737	5.252052	39.713606	27.984263	3.773139	18.967344	1.691736	52.366993	41.552961	40.809204	19.476870	46.642920	118.019730	 
10.397070	59.529344	67.192559	27.201224	24.096756	22.375506	15.658921	7.445850	26.263316	19.615821	3.787713	11.397825	18.830156	163.891260	12.579868	57.938560	32.169108	112.276750	8.021496	10.279746	7.703419	5.254618	1.866564	4.445103	9.290461	17.846486	2.009766	5.024594	79.040461	18.875394	49.987522	1.555354	12.944785	22.918496	35.001185	7.479171	4.585685	82.115923	3.377255	8.370846	2.181125	23.407043	40.797672	49.484600	49.455245	26.351901	3.257675	64.455262	27.328958	68.931087	1.080410	71.685820	125.269601	67.731791	34.783576	4.672245	15.389217	17.370694	36.372986	43.401854	0.437393	3.985792	1.034847	38.354184	1.747731	 
8.867726	36.368546	7.558417	59.915853	33.394906	13.080321	4.998547	1.760733	30.822678	39.601960	34.738468	65.039966	20.146912	6.010893	131.443209	59.767580	85.656195	32.809263	13.198441	125.587344	19.617926	4.484621	8.414076	0.558072	98.718272	4.706752	21.026994	61.103428	15.153374	22.875841	0.292626	16.032960	5.109979	6.134659	7.786341	39.418602	52.031209	40.686879	2.036472	60.572125	6.324161	43.656095	14.548886	87.925409	17.220668	32.342106	50.949814	47.223845	47.268667	4.357709	21.963671	22.285567	41.618350	5.872346	57.174527	34.606080	92.709915	14.150229	6.946939	32.468839	21.698144	13.690241	132.501836	23.167791	39.160471	 
108.676746	33.454238	9.012580	25.799763	15.278006	96.788960	51.863175	1.935989	6.548300	28.539233	23.576256	10.892663	5.099657	80.544072	8.236302	29.829214	0.844380	60.227500	51.453762	58.309612	12.878816	45.670253	65.227459	8.085904	8.746451	63.291902	40.981198	104.765031	20.160169	18.472791	11.628458	0.511699	28.558245	195.162973	22.555847	55.527905	31.608476	136.134856	16.292990	85.186674	13.944239	31.888046	74.164699	12.714915	1.028619	19.166602	157.328071	9.237124	31.303054	4.977542	52.717358	24.919903	7.515403	27.632232	38.730179	57.625557	18.351114	43.723692	28.146472	35.002380	7.705496	49.421358	22.218795	72.136809	1.960610	 
15.067379	3.784921	17.805277	23.499727	21.303201	14.563188	27.613820	30.946538	85.156660	10.219554	161.414272	4.599836	71.010360	123.869691	18.202173	61.068661	43.440131	29.849696	25.911153	36.937424	49.592647	136.503535	13.750195	17.383968	93.663959	8.360464	10.345334	13.359085	3.581858	3.318182	16.520793	29.827605	2.369152	105.967887	25.260805	78.559334	23.074921	107.246009	11.818186	72.002410	46.604517	26.550098	58.806901	34.567877	7.074532	30.466458	67.080009	171.208784	44.567502	51.734642	93.576343	34.832467	1.138992	140.709025	22.975896	13.858550	161.216524	23.902815	8.597470	16.159753	61.207983	82.248762	32.076912	15.426413	36.997012	 
2.884937	88.526958	6.046869	48.343243	63.893681	59.726966	40.646432	6.989117	24.480092	24.845213	100.843701	13.023779	14.337206	29.407273	49.322545	34.507744	33.991318	105.592870	7.645791	33.720350	6.539245	1.763114	3.303296	58.427328	73.647324	104.231166	18.627125	59.741203	42.773009	67.530445	46.964771	39.611357	183.927741	23.786880	9.535995	20.149541	7.764366	59.496058	48.859408	94.914857	30.691381	6.731553	5.882076	29.681618	96.552300	2.455330	20.786243	33.024142	6.133950	2.182025	34.415209	57.075883	1.546460	45.723168	12.236635	51.803332	27.687277	7.114164	3.080743	10.311140	0.717005	21.416380	75.717564	48.839132	74.080056	 
10.003366	29.801099	27.919727	64.111341	22.425971	0.315784	62.746849	37.929563	35.359744	18.981388	3.437243	62.309467	12.654680	37.047068	122.688469	28.575828	35.300291	4.736195	14.616571	32.379531	24.881036	14.636311	22.166779	41.882275	33.678894	12.371748	39.063069	7.969816	79.978917	17.816339	220.674021	6.024815	90.994372	21.422400	19.932801	25.800181	63.953062	112.435200	2.357857	19.905547	16.961853	9.957200	62.197623	38.691183	47.983604	89.666151	20.607034	3.486836	29.126075	54.956377	54.471160	30.001495	11.728802	34.616029	99.731930	9.361925	39.244761	19.020399	6.598992	21.135256	44.659775	12.882153	68.381007	15.178067	5.538976	 
10.753244	45.429713	39.657519	10.179914	43.796921	35.925526	2.083603	65.384026	17.065890	26.701632	48.093448	69.478701	122.067608	8.518634	77.390821	2.265167	80.660448	153.785611	86.635906	24.324436	75.556754	71.745413	33.010034	0.361633	6.349647	9.618855	9.423691	9.878229	0.705645	2.864057	7.274562	4.147486	24.837211	10.256775	16.341448	22.823077	81.837120	29.791131	20.446244	26.588861	6.175196	11.852451	34.160772	73.054833	16.938422	102.517258	73.097048	81.028925	36.336302	37.317373	19.480299	40.213946	21.777278	10.505928	23.579779	96.235088	15.750545	10.838043	65.829057	37.418892	22.950406	0.589498	59.521576	37.592944	11.384165	 
88.660235	29.231507	32.684520	63.271366	0.226667	33.777917	35.644912	3.125532	181.727094	85.908665	61.254126	16.559998	41.334585	63.048231	23.562638	9.252116	33.741374	28.544557	73.498005	10.301319	33.614144	21.966882	6.928879	32.681870	11.823893	38.795242	22.636520	46.079448	12.089546	57.567782	78.427554	18.148473	212.397653	171.112330	55.611183	19.884844	1.070834	34.603112	148.739678	2.364352	11.653692	32.513307	34.464995	7.742082	55.567399	142.560085	19.878809	12.459617	344.592455	14.810226	3.464116	44.632767	58.199346	37.567082	32.099968	92.637169	24.604182	6.915192	2.469016	15.329718	0.404075	90.964291	123.275700	119.673570	57.739605	 
17.034272	9.260841	28.511417	17.683138	20.958092	33.998798	22.748703	9.129260	21.274408	15.267317	2.390040	54.985625	1.649439	12.793756	25.092687	18.513595	130.049749	9.378815	50.699026	22.252954	7.468972	46.518972	74.489212	45.611380	7.883867	20.302083	21.699332	54.908839	3.771723	108.595671	22.911043	19.588338	140.682822	31.471867	14.722753	1.011582	14.202461	35.636580	17.969665	17.176237	2.999887	39.850920	67.096029	42.935546	37.528449	35.383973	57.703973	78.384237	41.892429	19.117413	23.074357	54.870581	4.926318	71.814017	39.039891	0.463093	11.114040	27.542446	45.258479	67.918799	32.200673	29.730476	56.242359	7.636926	4.828042	 
80.881656	15.657422	52.073210	149.185129	31.475347	70.589503	24.474705	15.233835	38.420753	70.306816	14.780997	29.721396	6.739315	22.555585	20.716428	10.289085	47.031760	25.312813	37.085444	12.091921	85.334805	20.479436	9.675663	33.659844	89.228072	23.924155	58.603556	38.642862	25.356912	46.779172	14.687186	0.219910	7.605335	0.842076	45.011271	26.022434	11.283284	2.517564	174.358152	3.269353	2.932108	18.206802	23.239001	11.751725	89.511337	47.563413	12.593239	6.204879	20.024977	95.467860	37.124953	14.542138	0.987478	14.323872	66.865011	42.559122	25.224688	4.907935	41.251542	7.711329	75.767745	41.044035	8.666816	38.825682	35.991250	 
4.667106	117.701888	6.513690	1.109417	26.071693	16.244422	20.379750	68.361963	60.763139	5.089046	2.006478	7.877318	21.681983	146.482106	2.846656	31.813533	14.537842	28.408324	27.881864	30.793792	2.135809	33.900680	1.071186	8.603654	86.159664	34.824928	47.936648	119.078024	7.842345	25.463659	106.568894	16.864300	14.114342	50.457695	20.290976	44.810062	49.386183	22.696355	55.024532	12.552330	57.467268	68.971563	6.756844	34.827889	22.755136	24.244341	8.609632	23.086858	50.512685	8.190437	1.315862	55.983891	33.661319	17.726670	25.626887	12.397694	44.536888	74.720498	26.816879	12.250687	87.171973	145.316686	67.092057	13.571274	16.288769	 
37.553278	17.517109	28.603382	57.046397	48.974330	39.480121	29.335512	3.312915	39.465053	8.498379	16.446675	1.509284	18.824411	18.015313	10.594362	25.182371	43.661173	172.088052	42.674271	20.886182	11.229374	43.632146	60.646297	16.269662	21.901819	69.675187	7.528164	119.054368	3.783029	1.557175	29.527119	57.152187	5.525088	3.459541	98.529364	23.431977	18.861584	11.628449	9.438696	14.366418	48.398696	25.836788	30.913094	25.995647	59.823262	97.285833	48.648926	7.764420	16.953536	55.836438	0.474860	15.689676	16.438813	99.849060	88.975042	20.334592	14.431822	41.395837	32.349136	12.416295	11.090565	5.081551	56.387232	5.961449	97.532598	 
29.992917	107.327605	6.735317	125.667128	22.276667	0.782397	39.461976	22.809029	51.938486	18.195664	21.029784	37.144820	47.774533	33.457220	3.992428	35.854746	76.919193	20.963538	46.989634	13.125244	10.062713	12.732782	38.008025	13.142895	22.263125	23.550543	50.686589	14.806332	35.570222	34.363786	7.975993	42.005018	6.640528	111.593756	5.481750	1.332688	10.752225	47.314104	25.711492	4.836102	19.537260	3.529322	26.486874	56.699620	19.155545	54.786032	20.781341	18.962002	19.331808	44.333911	7.053207	14.348745	11.675369	17.527800	232.549522	10.546989	22.018861	153.346382	13.312906	22.621409	77.316127	34.384530	13.279153	14.107519	118.461586	 
45.791275	37.908338	131.291133	48.191047	19.504188	13.968220	76.638070	96.219011	38.471950	16.469136	109.558462	42.739287	83.261508	47.495141	73.980312	0.269142	37.135653	8.573842	68.172037	22.256355	12.970492	11.190189	135.960723	92.021847	151.938926	36.206483	223.043954	18.470733	13.664774	60.152074	58.720955	39.876123	1.784032	204.027226	0.253834	10.704598	30.080487	5.751382	27.706877	59.165905	23.583115	16.808612	127.454905	21.055084	26.136567	26.273437	32.375677	54.520040	42.211524	0.547297	98.572866	34.500294	16.253043	9.974637	98.330667	5.095080	50.309363	49.486526	7.119195	9.512805	28.926940	17.620197	78.239035	13.271771	10.484787	 
6.385286	10.235273	17.129439	133.818312	95.344109	40.477797	19.395926	0.713457	6.978233	33.987108	2.445981	8.825257	19.706126	46.224585	19.631009	14.155120	113.203657	95.895279	17.605366	100.226568	109.461451	46.172845	7.631852	18.035491	20.344496	104.909343	41.101086	1.261436	4.625692	4.025883	7.409032	83.906447	74.592552	17.654722	41.647552	6.812896	19.141695	25.757786	13.430791	59.965981	98.958591	79.425606	43.540801	16.994174	30.885367	43.993494	129.849258	7.036281	76.398806	10.527966	66.606382	4.922446	6.544102	12.387930	40.259357	54.211943	79.647556	34.799159	67.535506	106.302147	134.303112	89.995756	60.450737	0.949672	6.323209	 
1.836100	2.121531	38.658202	122.807027	87.738274	53.798234	38.369750	20.454400	27.244550	29.026808	144.390510	41.550616	83.053542	22.759438	6.860759	19.010324	28.528342	23.794540	15.144649	7.300021	2.813303	1.731353	6.964468	58.696571	10.530569	25.799561	175.513281	41.028376	12.095502	17.342289	9.119294	92.539940	30.525587	51.081164	3.671175	100.547140	53.278007	1.248918	17.191085	67.093770	1.709400	0.768469	60.061042	30.312560	4.221897	6.629511	2.895248	1.313732	3.896844	29.022432	17.232187	54.810794	7.164055	6.374243	45.054689	19.583247	23.008396	8.031407	136.031883	46.766640	48.554069	6.748715	53.254911	96.044074	18.065895	 
155.947511	35.242388	18.101451	10.341146	7.174802	8.671281	90.430784	27.059099	12.756361	0.138640	41.473564	24.499066	25.665280	25.081964	63.213449	72.360142	40.959572	3.805836	136.128065	19.518413	18.346991	28.482846	89.927232	15.266839	63.296617	38.412890	20.552650	3.560487	52.226651	7.534548	8.755030	27.781841	47.734522	5.200128	25.594110	62.901449	23.618371	122.704146	8.706321	54.211486	105.657277	76.591026	8.631953	57.813332	57.955645	14.501227	4.309040	2.097588	111.794659	56.444170	80.835361	3.616807	20.426589	162.850737	26.993179	22.177152	11.758888	20.135838	5.042897	25.593724	36.275702	19.729283	31.031775	33.666527	63.736515	 
57.615863	2.768457	3.099205	102.665392	36.494079	60.291301	44.010420	23.077378	37.778003	10.842383	51.718709	9.356623	54.764348	19.627588	44.256351	3.102938	18.676929	40.133586	38.291938	218.032390	8.124737	2.678878	80.220801	43.436249	155.634836	28.574698	41.640325	36.861238	147.336659	28.096049	90.944232	37.394756	14.912797	85.927187	55.846331	2.422033	45.758890	21.953113	111.129797	16.532858	123.846468	18.020390	18.893383	8.167553	11.887080	0.671046	6.767259	57.090307	25.083360	19.768611	23.272439	13.896876	22.522312	248.406951	45.861156	59.100397	1.265233	1.214944	61.610768	59.802576	13.140939	4.518292	38.938456	49.782216	46.985756	 
25.814614	117.167278	19.734484	43.434513	12.294793	182.244109	11.148989	13.856726	20.649385	13.080345	25.136659	4.247116	8.794091	60.265259	48.695796	50.241951	55.236490	40.949483	7.713929	25.191247	55.779489	10.255232	3.897592	29.327429	71.561625	27.754867	9.593597	85.096661	20.781879	13.288532	70.331652	44.300780	128.510279	9.133578	12.463520	2.595335	10.743001	131.606943	16.424984	1.954127	4.826649	0.986497	97.276800	14.918370	64.081841	38.217617	36.524429	87.348598	87.918899	23.886520	42.344166	9.517549	84.377683	65.839765	162.228441	31.282612	0.268591	53.623897	63.033761	160.639446	45.341810	12.757509	17.615896	61.120443	10.003839	 
14.687676	13.592531	65.053933	10.380383	6.795389	30.322484	142.020662	87.106431	57.038589	3.478728	3.051511	26.926962	42.743287	26.935009	17.142098	73.118904	6.521290	68.230788	50.528274	88.368378	44.769829	70.853985	12.436975	70.469588	6.095237	4.994817	25.469201	43.712203	38.354933	33.977788	51.915430	6.094030	72.039852	50.827501	3.742450	3.097471	52.831355	22.451894	35.212808	3.568127	26.886673	13.418819	6.935722	39.732518	32.013025	5.891985	12.679735	138.929248	30.224438	8.602222	84.893228	10.461296	60.588586	76.648511	4.596851	80.768822	51.364281	64.411124	2.670969	1.901980	21.182374	83.054271	3.230990	47.144281	46.161951	 
145.700765	3.746557	13.007746	63.268621	34.349835	22.148506	8.896967	24.211473	58.488644	33.959472	6.157379	23.757713	16.393956	22.569766	14.500681	15.325679	216.302776	28.382318	18.272607	12.849082	71.848494	94.144987	79.276190	2.184115	8.397188	47.466529	14.081158	47.458841	14.864688	152.354175	72.815589	10.834401	20.147007	62.295472	17.912257	38.412945	34.303086	8.687125	40.280477	13.246847	49.485092	6.523968	1.196535	19.822010	2.877403	20.538231	49.777683	14.271222	0.956064	2.220525	45.983253	7.432037	16.258545	64.047246	64.225215	17.948939	120.648035	23.814727	33.494743	20.954177	16.655132	167.973038	7.460986	1.133689	29.258635	 
54.823079	139.258272	29.537402	21.153963	60.249281	2.814647	32.478376	88.042620	21.278981	2.552238	2.120427	16.463333	31.989570	37.497360	4.521200	8.841440	50.711310	15.643150	24.565305	50.782901	38.520195	8.986347	90.490696	55.772629	36.305662	8.619781	9.249431	25.588594	75.096037	149.733080	0.359400	46.473073	37.482644	43.364188	64.582776	2.592946	23.268731	1.070560	75.994099	28.649652	9.450311	8.096570	17.712792	5.222226	18.493216	22.464739	37.975620	21.037324	132.853107	20.850330	4.172472	49.450986	71.916572	25.034676	7.239935	2.757720	23.026518	52.764308	13.781952	46.264964	13.117829	150.412043	61.054472	27.688520	37.107639	 
1.245259	123.524925	62.315916	27.222562	19.467304	72.200551	0.863788	39.249826	23.050887	20.616998	18.421305	74.134938	43.512405	68.672868	9.713215	23.850325	128.148214	42.800126	12.749299	59.974035	11.077602	73.343265	50.173713	152.592735	73.116875	27.510556	117.936277	28.994639	19.279426	116.126736	105.230113	75.256614	16.857565	3.315120	9.589546	52.081359	24.089645	9.074079	32.983042	28.391787	64.073550	74.172821	39.782571	6.817827	9.286625	28.826488	51.504835	34.618390	33.237396	32.311445	45.148077	4.936087	28.262020	26.393550	38.177017	36.008533	20.888585	34.762446	21.123072	0.634121	12.178994	35.500639	1.569984	27.072616	31.334360	 
53.760030	22.906022	22.926807	10.132713	38.241360	2.266168	111.059028	62.693405	14.094069	10.662925	199.886025	4.667559	42.098097	15.413341	29.990536	32.169107	73.190798	142.420274	30.984082	62.178117	91.635879	30.549759	27.099475	12.280654	84.084731	75.709567	73.173061	53.957927	66.809095	23.755935	24.044520	68.759679	2.692647	0.780266	63.805137	21.136678	23.043449	22.324784	18.988044	27.804035	6.693925	125.620216	34.124952	53.599130	16.733334	5.085856	96.012695	57.550420	5.269239	26.580382	11.353686	24.862820	10.602754	44.182193	75.519749	10.375647	13.546324	125.897684	20.800995	35.085276	67.635155	49.545314	24.516701	8.940674	74.425528	 
59.626495	47.721906	22.288450	24.419506	8.285725	21.852179	11.683797	4.394245	1.838552	26.413692	173.083206	57.649098	142.668363	99.141740	36.096353	64.648247	11.845597	96.168267	74.462450	38.319232	95.778114	60.386782	19.598388	69.239934	26.212227	49.958967	16.310074	26.045359	13.360389	6.319805	107.871130	25.671853	70.119515	13.334070	41.297062	63.059532	24.442819	127.586616	2.689546	31.212864	3.066330	17.625040	17.135220	7.637679	4.225827	156.343895	19.485287	31.071015	126.018716	42.619104	15.846559	12.631012	39.646294	34.819313	19.109784	177.413738	25.199226	8.179370	59.376721	0.389891	79.839126	30.678898	59.897798	16.100138	43.377231	 
20.235470	3.102156	136.796671	23.209577	34.700309	99.810493	25.055996	8.133302	34.513296	17.474019	31.890235	36.548012	25.431784	19.112508	49.079932	64.656366	32.749517	0.452315	12.105126	21.028850	82.133357	117.366399	27.714465	71.138871	27.998285	22.788317	49.761454	135.028060	1.335456	8.476878	16.624900	6.561205	61.422735	52.885505	26.498939	36.598522	21.468346	106.160885	8.190876	8.922533	95.619887	1.203181	92.414195	77.151402	19.456038	16.174666	83.729120	3.447323	19.086534	9.607575	40.956757	87.282922	31.858025	50.710630	85.472570	84.952505	75.753628	27.635428	15.193340	121.549800	170.341344	4.245136	0.853615	10.027073	78.422990	 
119.856989	92.827855	35.287855	11.179627	6.951038	24.985145	128.312432	11.842926	24.188664	35.174549	92.893042	7.578147	217.665644	1.945158	38.632823	85.888290	13.818233	15.993745	45.555037	164.026743	11.210520	87.559218	8.719112	50.662072	4.515506	12.483404	72.935824	104.102283	59.394590	14.245418	11.138545	11.867937	88.119627	24.322705	16.800099	14.430221	90.027723	43.796828	45.134072	30.316635	54.130877	18.016501	35.685991	33.508205	59.470506	33.389933	41.244224	125.975796	4.194020	6.524160	1.662418	32.778545	4.758483	30.420178	38.756164	53.695265	26.790128	43.801618	8.609562	79.419345	4.811212	7.719324	52.656403	105.741436	6.173757	 
53.702500	33.765711	16.005360	17.451075	32.238743	0.488557	66.547475	28.075506	21.112113	19.680092	43.823413	79.528512	11.513550	40.089635	3.133896	85.320509	20.850476	8.923107	28.200473	124.697480	21.271695	27.162765	61.337600	2.317647	69.794381	55.781314	19.289971	17.475692	14.057577	19.938372	144.965359	33.329365	85.261726	67.529926	1.340024	51.617452	58.433839	120.068243	5.015151	8.073007	28.430222	5.533852	33.364945	20.884934	24.324963	14.560698	23.182052	8.880183	88.457480	3.887216	141.629051	159.210678	4.208085	37.528247	7.472722	45.966484	42.511885	34.263387	10.619518	26.236539	10.815968	6.607107	33.325390	46.051625	9.677933	 
59.221662	15.951931	34.137705	76.713150	34.476715	2.126248	53.358256	19.671479	6.133254	41.430289	1.036598	87.881975	15.905962	21.575942	23.378010	88.040308	91.446420	204.532703	61.382446	121.018170	4.824852	70.881830	73.805471	48.360355	71.717859	112.957765	10.499472	26.925671	42.940586	17.786824	7.034309	31.942093	46.884912	7.232509	26.151712	3.214211	36.705591	39.602537	19.726994	25.770807	9.105365	54.843220	25.982094	35.780774	81.499967	13.467591	1.907811	44.861556	7.379959	26.109081	10.591456	41.373309	32.778739	1.101432	8.417842	25.174100	3.579204	7.046018	93.197929	66.657257	3.351272	46.615383	14.836739	139.448372	17.748218	 
28.518273	52.887999	66.375343	41.842965	21.493736	4.855580	45.840351	3.166972	6.586270	95.339120	20.351104	67.618871	10.898022	15.532835	24.997632	17.758043	2.774655	6.163052	17.044024	14.080533	105.403277	24.948064	8.320946	165.533435	45.604591	5.623393	15.376500	42.503200	16.369091	70.304757	78.227948	48.846097	95.958537	22.307784	66.527582	42.502064	19.871366	1.511265	15.628633	192.377299	0.477217	26.585707	53.378757	8.788574	128.288267	82.693370	2.611796	105.620648	8.361944	4.555500	74.575580	1.359955	47.028801	42.263683	4.079298	10.052344	24.246618	0.759290	11.690703	41.812562	5.966532	49.715290	19.314201	36.041105	38.160235	 
5.690968	49.370747	39.959756	45.416996	0.486003	24.365039	8.238554	14.493894	20.056572	47.637133	11.848468	12.637298	69.654821	12.309634	4.601115	10.406287	59.455230	27.889823	70.649068	33.268971	80.752784	10.600620	44.914785	114.851296	40.097055	41.009016	7.416180	61.253328	56.521845	24.636803	5.316529	16.432514	18.665241	87.944057	23.537287	62.791003	15.799616	2.248123	49.762841	62.056692	38.638685	40.124812	57.335092	36.751001	27.717020	136.673595	62.469061	50.774615	2.126147	132.928734	25.682932	125.311347	4.405831	0.571034	10.016456	73.200900	59.655217	61.953836	77.243864	21.380393	10.830942	38.289325	3.647633	4.490105	176.829580	 
34.602699	27.727310	13.230722	11.625062	38.996928	3.811269	1.755318	17.448303	84.360453	34.015268	19.284062	13.326657	29.823997	11.361016	6.702172	8.598958	193.269971	53.678073	6.394144	89.152111	15.082781	9.108562	79.377878	5.232049	49.100787	37.947342	40.542509	2.308098	19.143013	37.173960	10.292421	1.449087	16.937817	37.671951	18.295210	99.505134	36.824252	63.192060	23.966782	106.894030	42.122372	16.029491	22.995969	28.893532	16.753482	25.352513	59.672587	1.479828	81.259331	2.538936	38.290340	1.266917	13.554513	1.406591	12.999759	23.369291	61.679175	9.005277	12.783199	53.710192	0.491061	3.446157	144.713173	38.297861	8.097896	 
9.820435	65.568116	17.269088	189.581179	12.513644	84.231994	33.492778	29.671750	2.136157	25.067014	91.714613	17.660604	6.482232	41.375433	26.708440	87.302040	65.863447	27.204434	17.899260	36.763863	8.120426	9.657748	4.609687	28.651972	9.802891	69.197973	27.524656	4.937481	5.348968	8.257477	70.559975	7.988927	29.841959	46.397843	1.433302	57.437106	9.925336	85.545273	28.704412	63.035144	55.754421	24.869017	217.501695	19.976611	37.898809	21.583398	37.881613	87.776067	43.943946	11.744069	8.357587	40.924751	74.318284	4.255697	0.881229	8.830993	34.744692	50.864284	19.971353	22.834351	26.442166	90.785492	5.163412	92.825048	23.380205	 
5.918055	56.771277	10.884504	18.439563	22.225293	33.558352	57.931349	29.912317	4.287390	18.782719	83.700991	42.842625	38.021260	29.087694	0.697496	31.943044	7.413759	32.304766	59.056666	98.656057	21.313920	83.603801	23.603943	46.682486	167.861756	21.728749	37.775807	4.733767	88.325234	2.962649	1.886388	111.653839	21.539043	6.189137	72.148725	77.219343	19.702768	70.618916	56.826746	33.983292	6.675739	2.075221	17.989266	55.325701	4.737027	48.129307	4.896617	59.486629	12.431699	17.367396	164.340532	3.180907	38.402521	14.396674	26.417568	13.259306	23.809573	61.449795	60.896189	69.257248	50.014884	11.952154	41.565753	8.771378	49.250636	 
13.293275	24.119047	16.118109	41.083021	160.866458	52.486370	18.442210	40.642407	10.760590	180.004997	28.762878	16.750224	12.326531	26.681452	78.065710	8.754421	76.238689	78.881279	1.722044	159.413429	21.317866	30.253612	36.783429	106.541491	13.528059	59.102764	1.182644	141.892627	17.089655	12.934970	96.185212	29.193223	13.744562	20.388850	75.349590	26.924147	3.801796	40.454623	8.299207	107.402750	18.454762	113.646341	60.000041	22.476444	129.986728	28.101975	158.111604	73.153243	21.275960	1.423439	52.337195	58.371340	133.356890	59.451845	6.700707	0.674842	3.332779	2.535715	27.816630	15.243881	14.718217	21.577433	27.271424	5.941603	15.128109	 
47.885898	62.225084	32.851614	74.014791	3.717163	11.431455	1.069584	29.216784	81.397231	297.875362	176.060342	9.275377	54.683280	12.074030	40.224102	30.970275	61.551216	13.173151	23.774167	10.547027	36.192982	19.139719	16.089876	347.836462	29.995315	30.354470	36.459458	1.675685	19.771319	53.702361	5.265865	18.809234	89.379875	0.886859	3.895127	121.646970	50.977382	9.442354	7.458287	55.723676	79.910327	38.742678	38.190482	14.745104	17.032953	120.181435	25.399611	7.947637	14.565568	60.438440	71.134487	11.336434	96.042643	35.279296	41.833002	115.703243	28.370319	7.828844	6.774192	7.811159	13.870444	5.841606	91.262173	17.167965	56.879754	 
46.138218	75.138390	100.918757	13.245949	57.221622	55.992925	22.221928	14.176702	91.320723	15.452311	9.217167	7.525899	7.496441	108.687201	5.173388	4.239232	75.389410	1.084533	44.868844	62.774750	166.769463	26.175228	36.425969	80.282459	4.928643	59.498840	40.342520	101.824636	80.619697	48.093622	26.809289	213.542880	29.494546	0.891814	73.600469	28.033092	30.538116	128.392313	91.257486	36.213397	7.898229	31.419839	133.819049	11.429225	23.855737	4.539324	21.877258	13.722957	46.323317	6.266005	100.378540	28.515806	18.026107	24.460478	0.685719	11.813609	33.726332	33.610243	3.067346	122.292005	91.327195	25.603800	26.207103	21.616439	33.409350	 
4.804008	72.122514	28.552624	2.843330	125.839263	20.734696	136.062189	67.729641	5.657062	13.643891	0.225513	4.288012	57.001001	12.119478	20.273873	0.877018	60.345867	10.371418	30.000737	98.944100	53.924168	7.040897	1.441292	5.060897	43.336242	68.793869	21.611808	2.883145	9.942579	68.150469	37.226945	39.446841	130.244613	11.078261	73.206843	40.615612	1.836090	40.881152	169.377773	22.237419	13.594201	63.775485	147.652389	17.028725	62.618341	27.856353	21.988427	1.323960	9.710043	13.189836	0.436509	82.827233	18.380802	19.379204	113.149665	120.263295	41.080798	4.871610	58.340184	0.534123	17.503654	40.218252	11.076324	15.941806	161.248943	 
18.061689	59.941530	102.694114	102.794973	48.799401	133.201393	23.403371	45.213441	24.021041	7.325788	28.957670	101.690857	38.384291	52.482810	36.495265	27.392169	35.178785	77.891050	35.056623	31.006714	25.872494	5.572367	18.419493	52.757184	38.480347	37.653732	2.322050	1.593581	22.479216	40.469203	34.162372	27.026159	24.455167	58.142101	36.574640	49.650057	16.330203	19.425644	0.668692	31.682515	106.044246	35.350632	7.861265	3.945565	16.486466	128.762526	8.269808	39.852351	1.017740	5.917595	50.983005	18.885559	9.587430	83.841043	3.893762	24.461538	8.309294	27.120489	22.625137	48.629680	0.154972	4.392569	38.361813	4.431780	15.451300	 
20.371301	37.980115	124.982724	33.543590	22.779515	16.365764	19.077771	21.078145	36.009449	19.408570	8.019085	112.884432	10.816235	66.801007	18.967833	17.366522	34.228018	32.926440	7.585334	21.577414	11.622240	26.439726	4.244031	11.428903	16.525881	55.536557	27.861948	2.936826	49.341550	21.258839	19.492767	4.282327	41.356241	42.770870	6.009485	56.806923	11.396786	53.674468	15.646139	11.479153	18.558428	41.098418	37.109834	63.246974	32.244037	130.611851	59.477926	0.180958	68.809855	14.259068	34.509172	101.645330	94.084629	20.395755	49.564865	46.539146	85.050526	101.003241	62.904514	29.783511	68.661667	10.548464	57.589424	72.956759	7.963140	 
13.811490	10.341984	8.139212	69.212478	16.266687	34.165158	32.525950	43.577153	19.364310	43.388331	43.745817	29.301320	17.922212	26.964236	24.043731	94.260936	17.832701	5.394463	4.638362	15.794910	2.645625	90.524856	29.757428	243.369234	20.258153	4.196571	53.213746	48.425021	20.254870	38.071393	61.694828	33.041017	56.407199	15.944033	5.619325	8.006947	85.658591	16.762940	5.479165	11.006403	15.127662	9.284245	34.593819	51.505645	45.405455	23.571452	72.335258	9.729684	36.330025	73.150208	162.923325	5.065802	63.238263	17.870655	23.102434	34.382044	7.494307	46.444766	75.609653	22.708697	72.813942	19.236440	25.766745	3.893968	21.792094	 
35.433380	64.060903	9.395128	33.137657	40.752953	2.303797	15.838810	34.553675	89.437397	256.186552	2.375574	2.482735	34.790540	6.346674	245.367618	12.691232	21.629825	9.409381	44.500827	14.900067	140.491662	30.748203	159.977296	69.886464	23.987264	2.785950	112.400332	34.073015	11.825098	58.594974	11.450125	35.227766	10.092310	32.093217	1.432635	82.106797	175.694749	51.426459	42.525383	2.756888	133.108078	9.084027	18.244300	74.503026	18.685810	10.611231	16.629361	60.870194	20.989811	109.023550	93.526508	163.016258	71.530626	27.271259	89.562919	31.908002	12.723315	43.141767	174.169981	29.859369	54.311705	4.927166	3.277728	6.398763	49.899710	 
46.067636	27.636486	70.849248	18.222951	27.347508	40.540895	119.291631	30.317008	20.785072	1.483731	69.976254	47.843329	26.033075	3.542640	9.851801	22.153721	78.615285	18.731645	17.855388	7.209053	70.016681	18.463288	6.429531	12.890047	21.002414	4.974492	78.504971	3.720336	44.306626	24.518486	34.339337	16.266361	58.684136	50.746728	109.950302	56.979578	67.399839	42.146879	117.507906	2.873760	31.171952	10.817629	26.311531	177.611342	20.038922	31.380903	14.004457	43.373423	29.248820	8.813869	20.828542	60.189904	55.761714	1.302615	38.486015	23.454428	44.498233	13.488520	40.110350	240.547136	25.856722	83.291644	19.590334	24.257560	11.485044	