64
0.000000	18.321618	39.024124	119.364314	40.815663	51.065017	22.298649	91.355842	112.718254	55.179125	29.176162	27.232710	3.707466	23.656946	104.453011	1.808306	265.332882	43.528080	57.805897	18.346599	31.482323	16.657620	48.480273	49.324214	127.682603	22.251276	20.352771	29.575563	6.873998	27.248850	21.264747	31.603847	5.848189	18.762033	46.648586	48.080421	89.434026	121.638306	7.895622	21.548045	101.897368	3.264876	60.456745	16.883785	20.202460	13.869136	28.414033	27.729078	59.985293	3.573279	23.951872	19.118653	50.608486	2.521383	21.097280	7.846172	26.014455	9.690990	18.856120	94.307438	9.024285	10.513906	60.313751	42.723902	22.853646	 
6.796294	15.375869	75.980842	7.284611	146.429100	54.281526	1.447329	17.493864	38.506244	9.210775	4.443280	95.189470	39.534005	26.779283	8.140950	10.786038	67.280128	49.698705	49.858564	3.555168	8.343684	133.341563	12.882341	60.451921	84.987565	0.907694	9.646186	46.412226	54.916420	9.843270	39.413501	39.103042	3.836826	43.706896	51.943494	65.398215	6.138189	13.410233	44.087435	3.752904	9.005883	45.165773	32.167811	51.525124	57.878119	155.330492	7.367086	7.814932	138.875090	101.605127	73.545938	151.742937	13.208740	60.738183	3.348051	86.718497	141.587969	65.405046	23.158088	80.620108	71.553376	13.218963	74.119132	6.736440	27.531538	 
61.034047	17.768081	4.589867	14.079744	6.608666	16.965450	20.413139	54.475502	100.994109	0.599853	116.582074	42.129916	12.492905	83.456641	125.211472	1.679408	23.744232	32.034469	0.885062	39.012460	16.098987	32.736577	10.802817	8.301258	52.571250	6.711586	2.639191	33.358290	177.839042	35.675511	2.779294	21.145564	27.462248	2.290145	10.768900	20.235257	119.338487	13.541669	84.971558	79.628959	9.350537	44.902882	11.816679	60.000696	47.509997	89.450274	24.275935	14.109486	13.809665	86.167474	4.591698	67.520023	13.761860	67.056858	26.302129	26.345883	50.193433	280.411751	23.185425	55.091535	2.516155	54.592842	9.177173	45.634077	14.818827	 
29.724066	13.403027	5.726244	2.753846	34.021273	6.223220	23.469176	2.234112	89.193674	7.660296	7.376212	53.067783	46.977514	54.174553	11.178675	41.095117	89.659309	57.307314	51.113275	16.631162	83.021353	25.565068	15.851045	26.910975	22.806791	116.526736	21.712219	146.138947	6.711716	75.407311	28.369367	117.812011	64.305335	19.280508	2.383655	38.994141	9.012809	82.521398	14.179404	40.458744	39.000508	14.537541	82.626429	47.544753	57.090049	61.957378	42.896604	20.594678	70.633938	4.932968	42.412574	55.684444	169.109721	21.336551	38.690886	8.779846	9.023656	44.660235	18.268748	54.132220	40.304848	18.459786	78.585927	36.052225	18.682998	 
32.385744	6.171011	46.255364	77.663405	2.235682	45.185616	4.896243	30.245842	1.770542	5.309953	8.570626	25.406566	29.625320	62.478951	24.664128	4.578576	19.049853	40.666395	36.137785	65.351257	9.420429	75.970822	22.828500	164.847476	15.466513	5.332902	58.967245	0.751855	60.085044	28.885279	134.597052	4.018195	4.730134	66.499062	13.545419	37.704522	32.836294	57.466291	25.529401	57.765170	57.294713	28.979959	7.597923	136.756545	2.756610	30.468470	106.846017	36.985373	181.243085	23.762293	70.718017	40.214818	6.157581	6.197367	63.652962	8.589986	5.006769	12.089674	168.727592	15.745753	12.804295	153.368267	18.426769	79.283437	55.324796	 
8.941384	16.494790	30.620255	44.350193	49.153252	0.670023	22.342840	1.856200	126.271435	11.810809	66.887700	31.920324	19.149311	10.014853	27.355324	180.431963	0.394055	9.634706	13.303853	4.447510	50.202611	17.516158	14.163479	5.902453	25.048072	84.565407	91.715620	60.785762	19.141242	103.669152	31.367967	2.117812	118.710322	24.780660	25.637753	72.266923	92.050595	3.566443	121.365655	117.409475	68.398870	13.985402	14.659946	1.197084	14.635222	33.552093	4.416177	31.905224	30.791188	3.574116	25.990179	2.984977	0.902779	97.208100	53.227359	13.574261	9.753267	13.594188	20.259254	31.847947	15.452435	187.046173	19.581757	58.787465	96.617381	 
24.603363	43.422321	46.232340	116.889252	129.099276	49.473630	0.925391	165.958043	44.404645	23.457512	12.807447	1.181308	49.405572	3.001175	10.050166	70.206935	42.584690	35.752846	3.897487	12.391238	0.514766	18.864901	17.340701	3.111533	25.317344	108.813401	34.301459	0.216500	45.892245	152.542164	27.535716	41.328838	62.326842	3.863315	38.113810	27.405353	3.645310	30.425090	7.403875	78.548849	3.721769	0.443803	0.556899	12.221395	128.724911	8.326660	5.783487	14.330016	9.125151	48.777690	5.557384	31.574102	45.143527	2.512681	146.092890	6.875264	14.876386	11.337814	126.127390	32.546917	0.237587	55.150655	54.176103	41.218411	20.057084	 
110.460793	6.708783	57.712067	7.941375	52.112197	15.685869	42.879623	4.098457	0.612595	73.959713	106.045396	108.217702	72.948536	3.899063	14.779719	26.270140	9.829285	5.901849	27.940087	27.377824	10.873452	11.344840	9.112822	106.811815	9.385996	69.749219	11.563777	32.689554	40.812392	32.366046	40.124169	3.915735	38.316065	1.082531	27.925029	107.293395	40.204000	42.225165	0.824717	10.144683	23.057914	0.673129	228.185004	44.865324	99.136655	18.915301	0.765458	45.918587	15.487988	103.853239	19.679050	128.578577	55.837301	28.606534	49.153321	52.719231	69.046552	3.103736	81.135561	11.237684	49.214339	16.642023	96.058608	24.705172	8.212909	 
2.646496	8.462997	21.619218	46.552135	42.947977	6.220428	1.140499	67.146234	0.868903	11.460827	33.436324	7.908392	116.909062	52.346043	127.508050	43.184266	22.635140	25.647946	8.747602	9.459642	47.759188	60.986129	5.733202	26.377543	18.404960	37.970596	1.063804	13.655833	2.286318	61.361579	60.810515	6.589680	56.626648	18.378019	82.923188	37.816897	71.188467	196.420669	6.924752	15.539818	116.007482	6.481233	1.927952	1.868289	56.636936	73.800778	48.272915	48.870777	114.203871	2.737328	44.588617	91.435334	7.318603	48.707264	8.958547	35.553555	9.375932	2.410234	105.112842	93.965129	6.677560	21.683973	68.542202	23.848190	86.543707	 
19.627688	8.986400	8.377261	208.698472	22.104076	16.512375	21.783138	4.028471	23.263893	2.663785	38.269125	51.309405	54.104985	1.276867	52.407412	36.360235	138.316966	73.107655	47.811761	69.181491	8.101658	93.858702	85.633340	241.098508	31.584951	17.559259	1.531536	77.203108	69.018711	28.382572	28.885241	16.835486	92.009803	11.972396	6.763777	27.995442	74.489343	7.102498	43.424283	25.520989	59.314711	68.287733	23.001592	132.316297	36.471901	56.696458	42.550414	68.057849	31.142503	25.869559	21.630033	15.171459	4.208231	42.037408	55.115467	61.366710	36.635124	13.302326	42.070604	5.598338	2.520938	10.325083	2.298648	78.257224	7.063348	 
52.729787	23.340263	1.154992	69.416405	10.943968	11.964795	34.262128	10.244071	30.845810	30.667116	0.266837	102.687820	23.058308	17.388166	64.388438	4.414548	9.183015	72.708705	8.607417	6.025565	9.704681	106.111066	2.305561	36.256333	16.635292	84.571285	82.858936	76.464724	23.923471	4.725825	61.406821	3.491709	7.523287	133.260269	2.196601	28.968794	144.231062	89.362585	25.766967	6.858401	13.719151	33.616049	39.813183	87.926038	10.548894	40.163562	39.668346	14.831350	89.721503	93.821163	58.700147	64.203924	55.612108	23.670570	15.099883	20.852459	13.337677	45.024869	5.912953	26.755377	22.786042	58.496792	9.435061	9.375970	27.274668	 
4.680573	10.816884	11.603109	277.769584	4.119276	19.035281	0.189973	60.122093	0.735176	34.919074	3.062079	12.806748	30.063962	3.530691	11.369596	53.584709	35.666705	91.536838	122.084037	10.049356	3.187199	35.969813	1.874368	20.058688	109.653874	8.144163	10.441156	18.818912	44.448443	20.019564	22.063707	2.283923	7.197854	3.456459	18.033688	19.638088	11.399677	60.687989	59.608410	6.015723	108.012308	104.647163	36.595682	25.315699	0.554720	65.739528	69.264014	2.809718	23.737658	7.578981	30.347620	10.323993	48.988344	17.761103	78.623775	163.500974	11.738393	17.007086	2.378790	182.296048	13.851301	41.956847	60.822890	8.970439	2.340676	 
26.967213	45.075392	16.797184	68.851362	31.687454	8.463851	25.952170	51.350550	4.202470	3.474831	14.841068	4.553093	0.176824	85.391461	10.388761	15.778778	6.497667	38.491610	11.486376	84.272786	35.070827	23.410442	48.077325	32.237351	3.023193	47.122298	109.723537	5.067915	7.184654	3.557846	23.275817	19.322232	31.685471	82.280900	2.816976	3.258722	42.413136	39.057249	21.186004	14.387756	4.170078	105.135587	24.256354	36.609873	9.149495	17.076794	12.746958	17.399376	16.257718	150.202845	106.473732	58.649320	20.649923	49.023278	113.238909	68.779928	39.328775	56.842241	56.934686	75.297829	73.759698	2.653254	27.138860	96.655849	24.952744	 
13.569596	12.509078	13.702303	49.863195	1.776836	2.184266	8.112890	76.061452	51.849812	2.169692	22.012289	39.691316	4.638105	2.272770	72.899380	46.880209	4.834313	16.600959	12.669063	22.250650	83.242523	31.925762	64.171246	25.103459	50.737933	93.699066	42.991628	18.987414	29.890876	16.753319	12.854312	5.224333	96.336499	34.525052	55.404805	157.006537	86.390278	30.997397	127.634229	8.683463	8.472500	67.296910	8.098671	26.895252	2.319151	254.682298	6.248120	47.952705	54.769231	19.333239	0.975838	22.873106	15.336734	41.989500	129.697956	71.425544	7.076814	51.743779	28.793384	41.615420	22.959183	0.771171	24.667647	48.380233	159.527659	 
31.196490	14.085801	54.426360	151.909244	5.558663	66.431316	18.884259	144.030096	57.356831	15.804041	45.640910	3.706971	3.098903	56.983498	1.084890	40.042237	53.505913	24.599610	27.357964	18.742623	51.957804	111.591993	54.428039	7.679407	79.146014	95.567627	4.096570	184.058133	69.647950	4.190878	45.214083	17.995507	15.007743	32.304208	163.505311	21.782701	16.011402	6.491597	3.515390	50.397639	59.760178	84.080284	15.686013	67.926912	19.340596	77.372638	17.420525	124.252785	14.771802	37.619147	13.020169	14.713422	43.520745	147.682934	25.555297	53.227509	17.031540	0.162781	4.190023	43.977110	28.296074	18.340416	51.809512	48.079488	44.116369	 
8.100492	46.528323	53.407503	37.893500	46.315448	14.503065	19.077112	52.862737	43.480640	24.660880	16.986818	27.751276	11.643553	113.933605	70.854179	3.277091	31.888004	66.341615	12.358262	66.363235	41.933023	28.885781	43.941447	83.910349	6.048594	10.719858	22.326364	81.302994	7.603622	22.985594	73.343065	53.884755	12.534067	42.643394	23.803224	91.941792	22.829132	3.398861	4.032380	8.811988	9.347616	14.553119	7.374733	6.472516	9.464017	59.112142	30.013964	2.191348	95.097051	112.374693	2.539808	80.778138	41.181812	66.817974	93.393654	2.683692	28.850321	8.857762	16.581600	32.438255	46.709807	87.315456	18.407510	140.047609	19.063978	 
94.235602	14.502393	33.826650	82.749678	22.378281	38.324123	7.810649	94.688547	1.861629	9.103170	31.101665	8.175011	14.951245	1.808822	14.933582	4.099231	1.253609	21.023263	35.816006	24.387724	64.577872	22.295003	10.467375	165.334302	48.144733	123.434887	15.250514	62.892659	20.597306	6.679948	16.721452	15.731400	63.198500	17.832035	26.918626	17.914167	3.804603	8.298112	1.986131	57.169801	68.116409	0.991183	128.879768	38.624915	2.267149	25.971785	69.506986	18.512218	114.677121	18.669718	1.376148	4.849527	6.842951	15.476088	6.903241	7.839116	84.146393	3.194352	49.612252	16.797240	5.880950	12.059430	47.154243	5.849168	32.775665	 
347.245428	49.483633	13.568834	9.021966	63.142532	103.564107	77.018553	33.842578	58.233986	50.826172	31.302617	28.990249	92.565178	7.635153	16.326824	20.896227	85.938467	32.943696	17.057595	95.696284	10.218237	82.712647	48.095900	63.230378	45.636089	15.147260	28.069387	2.648831	110.000762	18.434252	81.542129	1.948316	3.179394	127.602944	5.519963	42.764206	12.700213	51.352283	2.841217	95.763719	35.341066	53.922555	11.323632	42.330675	2.488368	2.563528	148.005189	11.660947	100.971254	103.140286	86.884156	100.929284	14.887206	4.031799	105.493445	64.097057	22.338015	80.208735	36.175198	33.187358	15.833522	125.892706	9.364346	34.866945	14.192896	 
103.863114	58.803453	56.483668	26.082245	126.969416	29.294817	2.446202	44.650825	22.710525	48.923502	38.891656	74.219614	78.654199	10.868602	72.955263	84.841344	6.123770	108.034729	8.866767	3.932770	20.346608	9.323959	30.042751	25.560051	56.916389	51.495436	35.406882	13.446082	70.190877	20.737314	0.511569	25.782872	146.274197	26.715925	35.652974	17.761034	18.475288	28.920082	23.355073	5.220759	34.723156	30.278717	27.144001	79.343596	32.384176	18.000164	149.748653	33.748755	27.467597	10.052677	8.995758	96.296578	63.722423	41.292249	39.644206	79.397339	21.367070	16.812717	4.100023	47.377089	1.824763	36.559434	19.518325	12.914476	27.699766	 
88.529163	85.335313	45.365250	61.169000	5.164988	116.368337	15.446860	28.103366	59.431019	11.566239	71.971202	12.934370	1.353792	6.959534	4.847050	35.737031	31.185438	34.665850	26.148148	29.485395	13.980557	24.352127	25.553944	75.785237	10.920594	89.166837	52.228548	89.951877	60.300160	74.975366	32.635710	35.986653	12.393707	18.302318	30.455382	10.898674	11.680620	19.782248	84.502581	76.694637	11.106976	2.041481	69.460835	32.166056	52.772976	34.171511	42.633217	7.073070	112.818597	18.982887	3.161612	285.601637	3.149721	3.518523	15.265208	3.050612	99.640156	27.658726	7.562068	39.042656	1.714227	19.639173	83.588087	14.070463	1.236795	 
81.220362	64.937502	47.045427	22.579488	68.308537	2.718323	79.296321	23.788916	12.463144	51.102274	33.640240	11.807464	43.160603	28.876942	134.205454	16.914156	17.738297	8.634795	7.435088	56.344705	9.431741	41.778889	43.399652	8.738947	12.552270	70.228737	2.945966	27.396979	8.859035	0.865284	11.838288	15.745528	2.874031	1.115932	15.700093	40.847944	38.738312	2.357718	39.188593	4.757128	10.417866	2.518846	213.995246	42.608439	31.107845	23.097514	61.479854	23.744746	11.039268	1.178070	105.443952	42.689827	35.480711	1.889891	11.175473	42.457998	19.152390	8.967074	61.436090	21.903392	57.980129	28.949110	29.534562	2.950042	5.372122	 
62.806292	5.864333	53.889645	24.190791	0.825810	5.736880	38.524110	51.573922	31.706137	31.197803	23.981430	58.939302	9.106169	15.801740	17.513320	12.761072	27.574700	25.795858	14.953560	52.591814	4.646204	5.806680	6.737500	39.529936	143.321624	38.364785	27.773805	13.288289	19.151290	55.394151	115.527144	11.497803	1.865962	19.328174	84.359013	8.282479	125.958996	33.687026	4.730611	113.264627	32.563597	28.004750	115.314583	45.057453	6.365938	98.725241	23.522305	200.302361	21.470856	11.914478	0.391616	37.310487	15.535099	17.861945	46.413383	2.365164	40.707531	11.714494	30.414811	0.530266	12.472121	36.857563	101.116599	63.746984	4.965562	 
86.119932	40.125423	61.656535	75.031172	3.603520	33.739414	62.441828	37.632403	200.148431	9.930116	21.921845	27.676491	40.736915	7.470658	8.575765	95.182355	80.250425	57.680996	213.547492	10.394468	3.607972	11.039215	18.150979	0.679613	32.846783	49.851686	6.551127	12.889439	23.976997	49.053130	91.061377	80.546667	14.443172	55.582452	4.651829	64.704908	54.827851	135.590182	3.051984	33.166648	4.177333	7.325836	1.011532	26.631174	20.488467	48.401873	13.958880	20.299746	30.615217	7.827843	98.973738	22.764840	0.202329	13.594735	2.765581	112.470620	49.108566	50.833386	34.926021	35.851024	146.624161	122.781031	360.010032	25.154237	65.164429	 
18.040527	1.727691	142.377484	14.000783	27.002400	164.342014	23.905982	126.175482	29.291290	38.032764	20.581648	21.083121	53.033141	18.601136	181.231950	29.345145	1.413534	10.008717	19.683687	4.741816	4.697612	29.509498	78.075354	4.732936	91.106408	8.795577	78.025068	36.406335	56.432294	63.006442	13.477833	39.212674	16.172535	25.150148	22.485621	39.884050	64.510857	29.078324	12.623661	47.420553	41.082208	10.039742	69.664739	47.576315	92.866629	147.378144	29.910117	4.231957	18.803824	57.519446	12.460858	79.497011	14.094327	91.988819	90.748354	82.308611	3.402377	17.917731	64.101606	22.953266	49.456391	49.746170	29.201591	6.261340	136.763668	 
7.699363	14.138575	4.296161	135.293548	272.473397	11.612082	15.018447	55.902875	43.692008	0.819338	61.697015	103.966823	8.346192	40.059533	40.964127	35.769295	25.124141	69.526244	259.664908	28.203721	24.327427	53.350073	20.029445	112.919542	0.883714	17.051579	5.082138	29.621366	31.729970	84.577078	3.236112	122.374008	78.584289	52.484218	18.303092	19.672451	80.072986	0.473187	1.320744	3.008109	4.406669	19.232507	69.293708	34.173962	6.574429	33.180270	80.413458	46.306073	29.435413	21.549780	34.786625	16.504968	39.352384	3.665508	5.993023	21.651830	26.792064	55.696553	40.794422	15.167123	54.554399	32.057701	3.899707	10.472900	26.124080	 
101.757784	20.324959	12.995168	88.608601	7.913670	7.034808	26.109617	23.907622	43.437857	71.003922	32.193580	16.488500	7.470268	13.413255	76.530998	103.842138	29.125125	80.782063	5.060812	55.875915	21.706119	19.955268	5.061976	40.079247	103.051844	15.418462	79.863567	30.618485	55.065313	70.512726	16.022441	61.761670	37.355506	18.389661	14.563789	85.717811	4.321992	20.725880	12.245909	67.556203	89.230478	10.457113	1.988684	161.531801	24.440995	18.022670	61.244339	100.240592	82.856948	133.021860	32.317113	77.571093	47.591398	7.544778	7.825641	17.114753	5.258911	23.253807	5.351691	62.328219	34.772599	23.169852	116.751851	11.064347	20.886333	 
10.440678	16.683464	25.425200	46.538133	74.505615	10.619747	21.576700	40.072236	73.359030	47.489358	12.922476	18.591680	138.237498	43.589531	37.824294	11.960323	77.988448	85.771323	4.753499	54.812183	61.311658	5.553322	39.750513	39.136684	23.222574	11.109961	2.301269	8.466236	5.534363	37.654600	14.574432	33.694741	21.126919	16.664619	57.209337	67.835111	1.230795	4.876883	4.351603	25.907397	65.313154	14.479387	9.744964	24.473077	13.176172	14.638117	131.501503	35.954716	62.629355	75.491432	92.027241	63.861400	44.059530	6.882756	41.075970	11.885140	2.946771	29.781671	61.582136	13.390854	38.558337	0.491226	26.528886	0.872319	30.485653	 
38.481298	23.810875	20.164935	17.747337	70.971599	102.531771	2.341323	39.609995	45.139331	47.311255	37.719400	9.745415	12.546465	3.012890	81.321711	92.773318	35.408714	78.812218	34.583235	90.657051	53.795664	9.750626	15.190129	2.568761	12.615619	38.557852	16.252906	17.909158	103.502592	20.401520	16.900132	26.556482	16.627645	0.760386	37.372150	43.014751	50.368329	12.622754	77.732828	33.629978	39.702370	22.115572	3.533543	73.152345	56.771445	23.439707	75.434317	73.939897	40.297682	5.931266	35.578455	29.122526	60.693072	26.810389	58.256393	19.974935	48.407587	6.329571	20.079079	8.684930	62.582511	53.557317	127.296245	6.365604	8.062283	 
19.714259	2.395645	22.655534	12.365684	35.292782	14.288047	4.075524	0.500414	45.413895	46.922917	22.824988	19.088455	1.000592	37.427387	108.390021	108.928475	14.886207	37.046974	115.161311	10.531668	0.405619	161.799715	4.617005	7.429123	38.226150	155.388407	47.539726	16.580082	3.915351	50.215035	121.394305	18.088892	50.348585	51.771397	75.995666	95.575131	10.042353	45.827095	129.812182	10.786913	39.799026	7.523826	6.984624	28.286456	33.063390	58.316009	59.579230	11.317236	28.256472	27.878794	86.988828	21.026587	102.036851	93.153091	20.908190	17.229122	46.992162	10.646067	1.980427	186.530860	43.566687	87.498405	79.199874	54.038346	19.765479	 
48.830979	24.426898	0.422233	44.706846	22.478486	9.047538	89.423126	14.155623	64.598461	72.736414	14.716467	32.620670	3.354256	35.728663	29.226295	14.012433	65.792119	35.553278	13.090564	77.276358	102.470117	42.913696	1.281933	0.570384	15.008165	26.945404	5.953164	28.543046	27.205960	3.478533	50.916360	4.002435	15.661577	3.935530	22.330448	105.763307	8.262360	54.185117	46.483661	55.048914	24.961201	16.356835	34.935309	21.559563	22.201277	88.249780	33.647129	23.945699	11.487559	4.807813	8.535803	72.007219	49.638389	31.472044	68.846901	31.755245	21.714309	6.161915	19.212199	44.305620	47.119454	17.279239	16.287489	1.311050	22.712816	 
18.504547	0.456697	29.809978	16.312859	30.377856	10.291899	109.120145	14.921275	12.759878	15.578791	49.479726	19.938021	13.314080	47.009381	48.720299	88.535748	21.880122	1.135034	21.529253	14.294073	60.822881	31.154204	126.543786	1.839410	102.010326	24.196217	133.003734	51.643175	64.464858	48.168587	2.920980	45.792355	30.795271	0.561212	2.326911	92.438223	5.102960	1.502945	41.171209	45.919255	21.564070	17.321404	10.071391	1.364784	134.675362	16.416907	17.127227	36.910404	4.036333	116.634928	80.943967	58.811141	32.222761	20.851255	1.670827	31.885580	10.290966	21.766396	138.156230	7.498065	38.804235	13.823841	106.253316	42.520903	116.785740	 
11.301753	73.737798	30.562040	59.982509	82.211334	12.887389	43.834145	134.726859	8.891512	56.313589	13.540116	45.050220	136.077102	91.782492	50.927562	29.197507	32.282501	52.943979	7.564490	21.258420	97.965464	50.891724	16.841772	0.243252	20.526377	26.985364	12.594949	5.744198	31.041280	40.812156	106.771288	6.400800	33.258599	31.245099	7.006686	1.851666	17.743896	2.842135	29.266574	31.504076	221.831063	17.280929	6.118943	9.117412	42.822327	138.350220	7.160276	20.288858	76.812754	40.040814	107.807703	114.284542	16.411258	128.753575	3.531788	7.850190	32.927231	102.549414	40.989376	101.538671	18.023925	3.608985	49.809121	7.601991	89.160135	 
75.590477	5.922370	16.364633	35.816018	63.528201	1.384790	33.563429	3.841396	31.516942	154.783838	4.925942	10.775597	79.533482	38.871930	2.513092	124.900701	80.599558	16.642696	36.033475	31.685996	95.458345	67.570785	126.295795	41.592338	10.912142	29.904656	8.888646	116.844710	3.426772	14.941801	124.584290	59.601277	7.207271	8.125277	19.308472	16.280466	26.926765	88.196726	1.803572	4.098998	48.496577	17.527239	28.223035	4.409673	30.534230	12.514850	46.175290	40.684723	30.372418	85.608417	50.564245	5.772503	22.904627	5.459912	29.008187	95.233508	1.607044	61.037540	91.954563	60.842034	17.107530	41.333485	17.576255	46.899518	4.119278	 
46.798717	49.277017	89.501286	3.594811	17.856525	7.275682	25.642226	53.949563	73.144324	12.221119	48.262339	0.748932	1.817350	17.042919	33.208847	14.270839	4.114705	85.757317	43.079829	93.833605	60.950484	9.232434	9.629764	67.363111	52.871271	16.113692	7.014096	43.888705	16.002712	3.778139	30.140666	20.598563	69.421511	2.009578	16.898643	60.248503	46.431572	7.302857	1.607304	113.052591	110.563466	32.239552	10.582073	62.008200	31.417448	129.551940	4.769334	25.435090	0.475764	42.401239	60.170969	36.132420	5.874467	24.676597	11.918765	0.717479	5.987051	20.120473	8.248053	15.261715	16.270482	92.954228	12.848564	52.431898	11.812997	 
148.031404	7.946588	52.629892	56.136670	59.157676	83.611722	10.049373	47.404355	96.726574	17.357435	29.224563	64.993084	4.112248	46.378947	71.332279	4.022429	56.855509	67.610048	1.925595	20.853772	68.527123	15.131804	67.560209	28.547286	17.439808	137.949984	75.690104	43.147252	138.349816	22.827851	9.098951	24.349265	12.511738	7.207236	2.983777	27.413612	42.540256	28.007062	43.727552	3.274422	30.026981	12.284499	6.323014	27.508157	22.229874	8.142289	164.610774	40.383306	40.251897	13.580784	9.063081	24.875218	10.711613	3.054411	14.892142	24.068288	18.300800	38.482991	36.576211	7.635565	143.139362	24.546560	144.023446	74.816664	12.064202	 
1.417292	25.803441	139.448608	13.332901	5.268064	9.411185	137.803327	12.886277	54.730959	89.028959	15.700316	29.134807	47.209943	44.379839	4.732331	75.229989	2.168639	66.976148	27.483160	1.000507	25.267292	12.629039	9.564702	30.578066	95.637563	16.049535	174.351416	8.182371	30.796036	25.025707	29.708581	134.440470	9.043477	2.961742	7.603297	11.403252	80.273648	20.214574	35.342291	119.199446	11.696311	5.848531	31.679729	0.356167	3.389476	10.352444	2.237094	9.056263	83.305945	39.394350	15.268419	87.083500	24.123289	55.939158	30.961128	65.700287	6.408053	32.232547	23.972690	65.313682	15.298730	132.176942	26.338662	59.800943	8.921979	 
46.324914	5.029680	13.045475	51.852859	44.937419	42.542290	10.120448	88.882882	11.542578	44.963148	39.706266	26.786094	138.570982	2.901467	10.334691	24.217519	4.207780	15.217582	41.732320	58.732249	4.680943	37.248103	22.259004	9.580529	49.280478	9.260650	49.947249	50.016971	41.250449	21.532175	13.447905	99.284914	132.300707	43.663806	87.660467	47.992253	0.889493	26.157386	6.773231	26.380835	17.332431	41.171289	50.598592	16.690380	1.520019	67.623674	15.285463	13.034973	92.658996	7.644963	180.938783	15.199250	177.183597	1.708405	33.744147	8.251542	34.499141	22.369965	7.592877	4.887435	58.185532	14.640967	13.968200	134.909308	129.734504	 
3.187619	46.440187	5.087735	70.237702	9.110769	49.350802	58.863687	149.486249	74.329561	95.586091	26.834754	35.051897	62.562123	8.068863	80.508046	23.996965	11.629140	8.948399	2.115474	13.266038	44.351163	33.125459	5.004966	2.519854	9.371110	30.797428	26.990856	14.250468	133.515403	1.488619	7.229014	63.476620	0.993113	49.860211	114.120239	4.537407	13.657170	3.773829	38.564320	74.501106	91.682091	107.628966	59.364229	14.849569	35.626027	7.315646	29.491722	56.201627	15.874284	96.240774	14.043459	57.610308	94.168170	32.287242	10.189817	130.426617	150.185646	16.778183	198.267255	80.926468	15.738971	2.062836	5.429788	125.707836	4.406359	 
59.890065	15.853429	60.799437	18.295787	34.958015	12.278822	41.277531	16.414604	27.314349	9.285232	33.556817	130.229564	1.695574	7.896969	34.171501	2.500319	2.882702	28.056474	18.420099	14.857251	57.847795	46.078224	2.814355	42.255445	44.988911	5.822223	37.703948	30.240534	62.756154	50.336606	37.620582	9.376700	53.744761	28.984488	46.544596	81.379289	33.038481	15.397337	18.314335	14.174987	109.425477	10.246713	1.076192	26.713307	2.705169	23.683919	97.333779	47.831569	6.406432	50.835198	112.557766	21.862847	79.460465	24.654949	71.804455	2.628906	32.583357	33.090691	9.728646	1.662945	21.015832	115.045669	70.918918	104.429635	1.160896	 
118.022548	2.365552	6.629067	2.456283	30.653324	66.737797	2.756773	31.135449	186.024602	13.740343	13.065391	128.395543	18.720870	131.024455	0.720058	52.426182	24.801950	57.750394	36.651475	17.110107	39.206096	13.682994	32.781981	48.369513	16.834294	31.093631	7.319212	81.869307	19.630700	77.367808	19.422178	80.571124	149.334808	18.125443	0.918082	16.764822	30.142213	37.683349	64.223935	7.599040	91.380279	9.382163	73.100328	26.698240	18.725457	18.260891	3.372492	5.154985	110.262639	31.000110	7.626810	20.819134	55.584295	66.589314	3.290381	31.128763	113.128902	25.787332	85.951237	36.767440	17.924769	67.723238	5.876088	24.826038	18.098167	 
14.185022	31.758436	79.408712	6.538381	8.723345	17.041880	10.944307	6.670404	30.050607	62.687320	17.791416	57.678456	51.564491	32.385738	14.661970	16.267628	9.614308	25.222771	0.480712	118.313894	76.906386	48.534625	36.921331	16.632743	24.191774	28.842467	25.630782	41.778738	120.803215	16.921909	10.846645	8.412022	56.163566	12.652968	5.668850	21.784145	95.521641	28.933808	33.066010	6.305269	4.630211	22.670718	104.994051	70.832254	7.288866	52.747370	37.084602	20.034430	18.274359	25.008013	22.656182	109.652397	0.401265	13.985957	46.847694	10.694895	47.217765	14.142290	23.021058	41.926379	73.196087	23.177489	51.650483	26.291139	38.439294	 
11.540022	20.709009	18.114264	65.974190	34.462646	7.916479	83.991433	18.179001	7.570347	0.589276	39.616603	5.695305	95.655627	5.778322	2.979980	5.451234	50.441839	1.270684	2.990792	19.303548	2.300282	6.651782	5.747918	55.843061	41.638510	56.188152	48.845093	69.400978	81.171374	13.888078	32.488596	20.769251	18.986032	10.873390	93.932386	35.418618	15.322904	107.829115	41.754875	1.678497	106.893675	10.465719	26.553068	122.757406	69.462746	2.949022	53.680194	15.924945	32.970775	146.138603	24.826594	6.691621	6.021685	94.018838	142.408497	27.166819	1.743406	11.217623	22.870469	68.902959	103.241196	30.185044	1.462165	1.435038	22.958612	 
46.288860	85.287368	26.235634	34.711270	72.341969	5.852587	25.376298	22.594786	64.980898	54.757081	6.141232	83.601617	64.515540	4.014659	9.119038	87.928211	85.110553	26.934696	93.817042	115.275561	5.572143	27.696735	51.865970	103.035881	9.014977	97.606826	35.829004	43.696590	31.990529	15.009367	49.619842	20.473514	102.543870	51.362071	111.336900	51.842438	86.266558	16.570367	43.384902	23.546259	12.991301	73.528698	0.165522	60.537268	18.357486	26.846084	72.314138	28.398238	33.315464	66.220370	62.649758	19.285784	79.523125	16.593875	51.643111	39.262226	54.365387	13.492214	2.217818	85.974330	40.047611	66.860620	24.534954	19.598490	7.464407	 
2.267913	47.759416	39.443899	42.013981	51.577081	25.161378	7.909174	12.245902	72.844167	55.008299	79.185660	30.557981	47.537426	25.306406	3.310299	31.319566	15.376996	30.984282	9.727774	2.017061	65.057561	17.400114	19.870423	30.551077	6.627593	84.718460	128.769531	4.065863	10.803042	70.738490	47.224301	11.213755	43.525106	28.036992	41.557737	28.962324	49.969322	65.599899	11.770437	12.827939	96.623381	9.690958	58.773155	1.560236	4.753480	26.889246	37.637267	6.048908	37.609314	22.918216	43.909814	42.782682	81.740793	129.538924	45.967462	91.909075	17.004165	4.625151	13.614278	28.046611	7.593677	29.542991	7.821557	10.157688	43.680274	 
27.986066	5.736307	4.091478	30.823950	18.362638	40.744634	89.783797	0.429913	81.628583	0.898593	23.679091	9.851014	6.029045	20.265611	24.418814	111.101786	40.821595	14.258797	38.630299	3.558644	27.369623	75.037278	5.496866	19.174805	71.451664	13.290258	125.500865	16.992409	16.343717	4.268420	22.033053	21.714619	77.943761	142.564755	9.983038	46.751587	20.609677	93.807625	28.167740	51.171976	142.244522	23.583179	16.228453	7.221604	1.877670	77.100483	82.554663	20.580628	16.334481	52.711729	22.195347	52.423912	3.341991	39.170207	19.492711	3.195713	11.083166	17.772240	67.986761	169.292410	17.912362	171.381110	35.571341	12.207673	52.100206	 
176.309192	88.487193	34.695669	43.389855	19.004499	10.334357	9.402475	10.638484	42.794157	51.210045	13.044562	24.978697	26.162891	106.899867	12.731158	57.252449	37.047846	21.580407	0.514235	6.465787	61.098326	68.982193	37.253848	8.310786	0.699661	44.949803	2.640761	37.152221	49.267548	4.457907	15.763462	18.330952	94.268135	67.374829	12.213489	9.162777	66.566566	159.647086	73.382897	32.936994	51.046687	71.536131	38.359853	9.848129	4.763041	3.669616	60.494429	84.158425	23.397472	68.159165	35.531942	4.694893	36.955585	5.750923	61.990180	31.961272	117.137093	35.645156	5.727297	85.767184	43.623004	15.274702	15.970498	14.737202	223.217953	 
34.022442	48.123837	89.270754	21.797960	17.710419	52.606246	5.127822	26.624237	4.572130	8.879399	17.195191	27.453443	14.060163	5.588651	16.841476	11.620214	21.697624	70.069625	36.668354	11.815815	6.018989	35.463447	34.624846	48.502335	199.689883	21.289652	14.136972	43.455980	20.260687	22.145574	20.679645	39.613833	4.477453	4.226408	33.227195	60.689552	151.051031	5.106848	94.394388	24.086683	23.143428	45.204110	61.843518	49.154734	9.012819	12.017611	15.399903	2.271714	5.432729	28.182845	53.280980	26.772633	50.785373	34.450518	32.867644	70.623973	24.415528	9.915459	34.423920	72.902357	60.297043	21.490959	36.891054	8.662332	54.016228	 
8.688197	13.518237	44.805025	54.534223	63.599149	11.696835	37.324296	11.916106	26.217542	74.519632	11.712026	87.820550	17.219397	91.492979	3.353713	32.519716	3.312309	33.849454	75.843978	62.308286	33.684970	1.532494	57.481795	72.298768	29.576092	18.506316	1.437313	16.314921	43.379227	17.295751	52.039016	70.552981	70.648586	1.517182	34.896080	120.798117	157.599058	3.205926	5.411213	43.879092	11.197267	19.306224	128.255577	45.635946	1.477378	8.774645	29.540820	0.669374	18.897330	41.604465	42.174192	29.848457	76.080580	13.387205	192.382006	107.857169	65.884401	15.588335	17.388427	27.706860	16.457879	50.555809	105.843240	66.221420	6.162497	 
61.527509	9.550615	4.217669	19.954600	10.796690	93.315408	59.732501	23.330570	13.425720	34.202376	111.794743	109.931230	111.842314	87.881197	34.295522	8.717254	75.930022	46.686489	23.907002	24.452274	1.333871	26.748588	2.826136	12.378654	24.979237	17.035785	23.137632	6.142261	62.403408	25.464542	21.754841	13.826435	62.695190	6.551022	18.255214	31.667976	80.942886	18.670448	72.730573	28.564271	6.648957	2.697448	2.039444	27.841575	51.035127	41.813958	23.742534	26.011696	10.119576	11.395421	24.932044	12.725289	42.999773	138.602714	35.853910	41.672854	37.754550	25.111589	90.873670	99.404386	22.873318	27.299604	27.944382	4.363206	99.124768	 
22.493631	88.017026	10.524224	29.933144	47.323352	19.706976	61.284982	51.430879	12.964731	14.060442	0.203745	3.750039	12.616730	167.886201	144.585377	16.182176	112.688181	14.173053	5.714778	4.687344	27.255367	15.349791	116.233358	1.879045	13.408162	6.719977	94.525504	89.942383	76.644908	23.791320	89.941522	64.122790	42.332431	33.140482	31.580483	43.557502	76.689787	35.733064	94.760315	1.431809	77.665979	96.473203	18.587788	15.983248	6.122294	7.815902	158.819021	168.745090	20.116013	0.310501	23.822955	29.932865	8.425809	7.113121	69.513744	3.400034	37.543320	22.031027	3.513041	71.137538	23.706285	11.812144	56.779442	83.090078	17.587908	 
15.448081	33.144436	28.857666	4.648948	31.758634	137.327132	26.295945	9.824729	6.041018	49.167270	12.013531	68.603845	3.944378	27.913349	19.080037	35.245634	32.605437	56.749065	65.843313	0.606899	8.033877	56.741429	11.192537	1.313862	90.677486	30.041767	72.679951	14.648055	4.886557	134.108937	44.640782	53.540280	1.741943	14.895537	27.339867	29.115826	30.293407	129.157672	58.280963	0.529596	3.518851	35.460462	30.143367	74.491459	41.872991	37.352818	29.955123	89.176828	71.848411	73.937212	19.571530	7.108274	68.622332	45.557319	2.118708	5.720163	13.256059	91.936378	81.182559	16.263062	166.103829	51.845103	31.824994	9.211686	47.733402	 
33.082608	28.296087	160.940791	100.648459	2.564077	66.425506	4.753250	39.215614	6.704398	28.511134	19.807699	7.445198	3.316911	18.955036	3.619967	125.592054	46.108068	96.335562	5.894142	18.394652	27.522692	1.534541	50.242234	0.407488	24.370348	49.989746	110.262732	118.265973	49.672978	155.628556	24.433884	59.079135	22.595087	122.731584	15.851439	4.147664	26.137180	9.226236	54.049998	142.420153	35.956896	50.112287	48.592269	8.885660	108.053929	79.651864	52.892942	236.152819	42.561951	1.796505	30.241506	0.249091	52.095395	22.742278	27.540541	62.010592	14.866935	31.186189	28.444557	67.878164	57.158496	19.077211	68.165464	34.175961	36.604778	 
29.251336	18.946994	40.176461	21.019079	92.143974	74.407236	39.807468	5.230152	0.832843	2.092076	2.570969	22.641345	89.335957	7.748676	22.280753	49.748018	9.715729	7.098102	27.352571	137.420267	16.538018	64.785084	9.365433	45.253666	5.093937	45.199014	7.419601	75.677042	17.023999	116.680614	43.864129	34.894162	10.705491	15.385777	32.306679	48.507176	24.039847	30.763190	52.609125	42.935606	43.110558	64.203018	57.547242	0.303549	33.040452	1.165515	23.815741	43.646328	21.636944	5.406431	61.446028	70.760203	6.289934	131.323001	46.131868	9.499031	125.542434	11.635415	40.623473	41.341783	77.558574	60.499197	25.769009	50.482784	5.255155	 
87.710860	95.609943	13.503380	1.134266	84.087004	0.474444	105.300734	22.959163	83.615153	10.456562	13.071111	2.230999	24.489135	51.602946	34.097857	10.521154	24.646979	189.916566	15.736071	28.937869	48.104530	7.104942	7.952588	57.636728	17.343044	12.112971	66.486031	26.180831	81.488715	36.450105	67.098678	50.936352	12.927495	84.400047	156.694313	55.861319	119.282898	90.218094	62.302965	37.478211	1.039433	51.452900	36.849064	125.695254	17.859094	42.590723	20.355501	55.332132	83.664320	69.474135	1.596986	22.798398	4.723419	5.797980	7.391632	44.747737	30.069507	16.951106	14.185622	16.782828	109.022676	60.206635	62.749219	7.464114	32.945289	 
16.805967	9.054346	0.806656	54.426816	4.351490	32.448069	7.544254	74.413973	32.786147	18.079606	43.721916	0.179642	51.151092	81.782117	20.281022	73.741048	45.115424	113.582901	113.803014	125.866283	23.519478	12.572328	30.916658	21.295397	124.111036	23.257399	32.097949	28.222091	31.122893	16.026651	35.969567	15.670538	72.640077	6.703013	13.540836	34.176771	54.286205	23.885730	47.779289	7.377379	31.698707	6.619268	9.280214	45.835543	1.466909	264.511442	10.549203	19.308614	10.513009	15.225924	34.491616	102.893036	47.499475	11.113342	3.499623	65.563852	54.040543	7.936362	4.949163	13.700104	2.797641	7.685599	152.455569	11.340326	1.952000	 
8.515619	54.547858	50.294872	13.894320	38.111166	11.214070	138.709225	7.569812	18.564368	49.200481	15.933752	73.954052	7.660290	7.259516	6.581862	1.839337	24.012152	8.464518	0.498892	13.858922	48.506760	34.985794	82.642732	25.680552	23.866188	5.904851	36.342820	31.369124	0.734383	12.503494	93.645412	85.421934	39.249538	25.329485	48.307607	7.545862	54.695960	47.805784	25.574652	53.396549	3.614988	11.847706	41.579398	19.782631	1.844199	44.064709	17.288859	37.825236	16.475951	26.542760	26.746536	80.274616	124.853472	60.578546	10.114607	2.148149	43.098533	49.155970	1.302996	96.526826	134.041005	21.434182	1.024110	7.438020	34.955099	 
18.028834	45.905950	56.703357	72.252870	64.530305	36.451205	33.547109	34.553620	41.415186	10.907638	82.389392	8.656860	7.216521	0.964405	83.812505	24.197838	20.127915	25.316281	3.965240	75.011262	23.084800	0.507818	119.415236	30.274715	1.655331	4.873749	60.260827	10.806716	2.791644	15.136047	1.844476	9.529939	29.479349	29.795709	20.234536	0.447331	1.263569	10.209935	47.862159	6.213148	65.439022	50.503201	35.179815	20.909109	79.367978	28.693747	12.584272	34.745681	177.813727	40.961316	14.145486	16.937898	56.000332	27.707964	79.902148	84.367756	5.865460	6.075890	11.461550	57.573750	30.210472	15.019957	18.361574	12.509569	36.905473	 
70.778201	3.953571	24.618766	67.081199	2.979811	3.481155	18.295420	80.555457	17.737295	117.645216	3.032462	84.001883	13.328389	28.484406	0.218773	4.641922	34.278522	86.668408	81.528099	59.197068	63.639818	81.060581	30.067454	140.076584	27.293944	125.975500	98.851427	2.364774	0.230870	15.503916	67.871116	21.190205	49.339103	29.909695	30.824521	24.707551	11.308246	4.501103	1.696067	38.871465	1.037061	33.099901	2.765766	40.874433	12.383139	28.234475	24.097064	37.140907	13.537986	19.898782	47.280138	9.314319	14.572806	101.126277	23.625435	46.626477	21.946619	13.992385	32.929109	143.503804	13.583420	67.643335	45.523890	47.752619	15.980128	 
46.119234	51.094977	215.382055	97.568166	63.658603	33.088131	12.060564	33.302090	33.991101	37.372012	35.568769	10.387760	78.666889	4.725596	41.705768	44.984989	62.221687	4.835734	14.019697	22.563751	93.900964	14.683860	11.477251	18.407008	40.747459	37.032848	19.683766	177.450736	23.646076	7.942865	24.896166	25.629491	2.215549	4.724770	23.742678	47.706965	52.262596	62.572659	22.364316	71.245573	71.751354	36.450101	20.530510	143.553937	92.383771	55.944325	3.097092	14.672792	6.102498	53.134262	38.092737	10.906965	3.345070	47.700625	20.980597	93.135425	2.380052	6.373331	5.011688	30.715805	5.857746	31.151827	18.996045	87.800564	65.494193	 
23.368429	66.306255	1.917234	63.881928	24.172907	10.483772	11.770533	10.594957	1.202025	43.169292	47.712885	20.094280	62.087135	8.923218	30.740670	35.326683	9.792186	20.600776	73.436821	10.434353	9.921434	60.593446	77.947079	38.612577	12.803527	32.492349	59.078582	22.055557	54.380564	83.519432	1.885770	4.138179	78.912183	44.393061	21.934694	0.402423	2.832038	120.493277	9.375726	21.234667	4.374050	7.593984	2.845110	101.631221	7.671811	10.868659	6.396107	1.076052	1.252277	82.587288	86.788146	65.007606	58.323591	79.291711	49.563295	29.655179	7.218879	79.731611	19.524407	5.955993	126.886856	47.163454	22.268129	91.222289	4.934321	 
5.453041	44.749621	11.436102	23.909395	52.826742	61.794225	7.330033	10.259959	18.571745	41.679220	2.269894	17.410583	56.913787	97.773683	41.684765	9.277603	19.589843	60.523579	50.043775	22.312087	31.025802	11.074901	4.207136	77.748719	23.334864	61.063092	40.674403	10.389773	12.145911	34.110889	110.620545	5.048934	10.772737	37.497741	56.517320	40.755125	26.657906	31.291896	38.333397	9.846445	2.587542	27.468156	2.282626	20.062854	19.784181	2.731242	4.567533	39.633143	23.428797	63.079208	14.643686	61.654183	66.093213	118.555889	17.623039	29.434034	30.854420	79.295608	0.424593	29.252244	1.949596	2.526619	41.658981	38.784437	30.332718	 
42.572188	38.913675	77.677075	44.731399	25.594761	11.280186	36.251089	175.825499	25.264183	2.535172	27.281242	42.165309	40.496862	84.893981	42.706934	46.735455	4.158236	57.863368	124.210017	46.919958	69.099815	46.073558	23.394766	2.485065	21.316525	17.939247	14.228603	30.907911	28.571513	11.305332	3.752914	102.375823	45.534631	31.117589	7.925386	18.250427	7.215462	67.252569	71.328242	27.166812	54.642812	27.457711	57.014583	4.968111	9.690696	86.496651	3.294381	33.142453	87.880777	63.954076	43.904075	7.485009	51.303463	17.845526	22.072864	9.150952	110.642314	67.101376	65.408983	7.634920	17.065959	0.697995	159.467198	0.400491	51.160047	 
8.874857	20.999256	48.471007	83.259726	37.175741	62.466087	38.192126	79.260452	30.875303	148.451796	25.966565	136.950522	82.080462	38.795225	11.712746	32.866826	78.624444	63.032766	93.350345	131.906421	67.541698	143.616979	15.735958	9.318559	12.446884	39.606931	21.230438	56.717568	22.264697	179.648568	45.110642	4.380119	6.936326	31.768827	32.699571	3.095536	29.797214	117.326299	68.288983	0.211701	11.527441	8.014637	115.540381	6.409274	10.014844	59.741712	11.813640	22.419933	25.111140	175.492130	2.702965	83.452111	149.673957	14.241266	0.920220	3.042754	27.353994	89.959371	20.533771	99.312154	8.164981	28.743009	15.311760	41.183812	136.085785	 
17.552068	8.144804	1.722297	12.534333	10.190242	42.900851	43.834778	7.715695	66.238316	65.427146	51.032915	3.774937	29.268257	84.391601	43.110078	94.258205	46.141039	62.871808	0.362947	50.560935	35.272700	14.601160	14.821740	64.897268	17.314224	24.205387	24.008597	46.524761	70.193903	1.595605	44.115866	44.217967	45.150550	0.959246	19.827388	26.621906	0.931390	48.296639	9.875284	2.817193	8.272094	2.711143	150.950001	14.212130	26.977947	23.395847	22.768489	30.359395	40.632687	3.670092	42.620888	31.575940	53.277192	64.991073	17.085028	37.834777	20.460637	73.282850	4.016434	72.222974	105.164384	9.543362	7.649913	7.064608	3.416495	 
23.509035	48.058856	28.371664	0.279199	161.387281	143.682574	13.453429	28.583688	3.872371	61.296470	36.214614	48.616738	43.203778	2.859353	88.431615	53.367987	79.435779	30.070300	8.912908	48.412306	7.546911	7.482124	10.386929	92.110830	9.952753	84.894516	27.557825	31.291592	42.747607	52.554905	1.064647	14.639254	46.796120	33.326125	10.853548	1.939698	29.608667	9.601214	46.226542	10.963274	8.283091	28.058041	85.490316	30.371385	86.647651	237.560124	48.969395	5.823217	26.391097	16.649705	2.465056	10.839864	1.460309	81.710403	8.325056	39.587449	17.169170	3.144956	22.578027	54.336471	140.867653	16.264096	46.401429	12.590672	10.011351	