64
0.000000	18.590094	59.514458	8.144491	35.318656	37.313077	164.088352	14.361063	35.947746	28.429405	104.544893	17.709741	12.572446	6.830392	9.727694	73.457359	68.504463	6.086112	11.847419	169.015015	7.946891	34.419614	42.414480	1.680780	57.899614	26.127342	9.103889	55.084941	18.013978	8.445558	4.420708	13.421955	30.271306	2.336992	93.795977	6.058142	80.337803	89.044639	30.643534	33.091423	106.082766	12.157358	18.414520	2.686190	31.968416	22.468337	45.182269	10.313814	39.089250	82.080989	24.995888	41.312829	74.642776	9.688608	35.602086	196.185871	34.755409	59.168968	32.641605	12.699500	91.916742	67.713987	3.878253	81.726637	37.792301	 
10.823196	0.022904	18.377505	93.769478	38.149766	7.555829	49.582382	60.570791	25.015303	11.677735	45.833289	35.821444	161.245783	191.413813	57.192104	84.647824	2.735601	2.179343	31.151532	66.144028	21.744486	4.015618	21.686049	14.589572	55.113841	22.793196	7.474479	54.605709	11.515967	6.269860	1.043655	69.563802	62.533886	102.319402	12.278976	36.529101	37.818869	8.297265	2.274275	4.296689	138.877101	26.132946	119.825202	14.581213	20.526039	44.449861	5.373696	44.766123	62.780933	35.486753	2.470148	53.234605	81.147951	75.796112	10.015644	29.904192	50.794690	171.408009	9.837159	3.018964	8.693722	26.067952	40.360136	51.365419	61.842899	 
7.512548	35.811385	2.087536	74.372779	9.489435	34.639900	37.390140	50.076293	7.335304	11.745042	3.033596	58.738030	15.549511	116.821339	43.082963	82.590536	147.595413	3.895484	97.641103	22.405002	28.916287	1.812881	16.110276	9.865863	79.775479	67.427063	96.713833	2.418524	166.104515	24.392555	26.503271	9.210533	17.496438	38.029932	3.117153	5.219158	142.365334	28.601498	10.590873	22.263383	1.696331	18.707312	6.734415	35.586392	13.531659	67.058047	27.391863	14.643772	6.143102	7.555325	203.948684	32.066138	9.566991	20.617314	20.887529	3.022691	21.636082	4.281998	107.586645	44.677722	6.866907	57.872981	3.373246	46.583061	28.902577	 
7.993506	2.948210	11.500497	1.731440	11.041329	73.859830	10.377698	143.301820	43.301569	31.707044	12.698667	23.176058	94.298574	21.572738	36.243245	48.824655	35.939325	9.322594	34.521851	27.026416	23.187818	35.197859	16.965665	20.705532	19.822741	6.039172	52.136128	20.425057	9.124614	62.638736	124.031312	0.448117	6.958642	26.030127	43.147774	78.682659	130.705595	38.445694	43.398298	118.779324	10.023709	70.688140	8.046647	59.254315	10.285398	5.811106	23.848989	8.566529	195.159833	50.896603	92.106927	12.043218	19.964915	55.460142	9.921013	19.821833	37.916173	48.175186	36.047403	10.609080	33.012667	11.551736	9.216319	17.589386	18.489618	 
30.874869	16.673000	71.816728	2.787539	4.095039	25.889757	29.025235	7.769151	43.194580	63.520050	0.654769	18.461162	2.190124	48.774432	59.647933	34.197530	1.351128	34.083024	40.687123	32.624964	17.546137	67.210138	72.762237	14.862533	181.450776	9.380707	38.522832	105.836059	33.110990	6.806816	1.756501	5.946795	5.467575	22.753806	67.448039	21.567277	21.026965	38.659552	16.916468	2.587432	34.727243	14.422812	24.330228	83.490663	1.726215	14.748833	54.271927	106.489588	37.494840	128.153028	4.958358	166.828420	66.935305	17.595593	117.862547	3.511465	2.188054	1.355508	32.392501	11.546061	116.826960	21.985618	19.022771	10.588048	196.750935	 
0.947625	54.678477	39.305849	34.819430	72.318139	5.175737	62.701486	13.945593	58.159870	4.277745	12.376726	83.613351	74.172229	105.343557	83.578080	39.073870	34.465184	77.363363	30.339217	66.111579	74.175270	26.724102	28.699906	100.675021	77.251448	55.824240	8.259888	33.278078	1.331620	56.690978	4.147797	4.083222	54.899131	8.735516	22.643193	44.281250	38.293543	40.327062	12.662751	23.804447	16.949545	48.358231	7.865277	3.762152	11.307170	91.585324	33.307326	44.976128	36.155147	27.237603	38.603924	50.757734	158.479588	49.778649	166.860642	5.344384	119.107287	20.282655	12.513462	47.794071	199.056455	50.828943	2.411005	77.139427	23.685193	 
4.007313	42.850917	23.960208	69.425942	2.357323	19.793930	10.931283	59.411094	4.725697	124.232970	20.905309	42.411491	2.770446	7.790627	89.113452	28.915612	58.094003	33.800443	14.692468	42.996226	44.019335	31.271592	25.509429	21.256828	3.254477	37.368350	15.232071	5.619889	78.009512	17.136387	13.545050	83.821745	30.546340	15.030383	2.691002	13.490654	2.515452	11.808554	2.840275	9.053992	2.993702	85.033886	10.844815	29.475589	50.408823	60.440757	111.037073	60.104695	8.454810	4.416970	7.362797	100.455989	127.004466	85.738490	26.131168	17.728490	67.436025	52.011059	14.126339	67.735731	4.720234	13.629125	17.844668	45.259615	140.487039	 
14.032160	21.184014	37.530322	45.289713	2.391287	43.665285	12.947804	8.090457	11.877969	55.420742	8.535086	4.627813	1.506399	32.373134	16.531888	72.730291	30.899820	26.274572	108.254615	48.072847	106.681649	36.189930	36.760469	79.743709	16.272966	1.713447	30.951669	5.532490	11.140673	11.534662	4.370601	24.697941	3.863760	29.082612	62.514518	248.301414	4.898955	11.356987	0.969202	15.625184	28.448762	16.449323	64.934830	10.735240	6.135550	5.674628	57.826835	91.626493	51.948334	84.353545	69.694342	47.303512	10.563907	55.052133	12.558519	6.967502	60.893791	22.006594	1.737938	58.741917	65.727423	52.431418	37.800159	3.888886	114.291897	 
86.112542	21.329445	190.660130	15.993523	0.675644	31.448838	7.408643	43.114305	2.512069	15.874987	6.845538	103.960251	33.151313	10.555519	37.521250	31.802905	16.045242	19.547556	13.206471	11.995577	27.041286	4.644221	14.821653	4.565935	66.589065	34.414535	25.361915	20.857655	20.089850	21.516683	5.496795	26.305953	26.053147	104.731727	12.006894	35.398902	6.490018	5.741858	18.230139	95.661101	13.289492	4.528964	19.079419	73.445912	13.546967	93.539085	21.424234	22.103358	17.423921	273.761669	24.226794	112.109644	12.047265	10.348366	1.511367	13.441630	13.034376	30.212990	27.416602	109.247373	82.030320	11.959338	108.940611	3.944751	2.597179	 
50.497447	17.776922	78.737382	21.996259	15.016043	9.622476	17.619888	22.596933	39.232356	0.781079	39.473981	156.064117	21.640313	112.774041	10.021065	146.920623	44.234365	7.195618	31.710401	47.990660	8.303927	8.973279	116.939695	42.769374	7.277649	78.266577	60.753657	4.735536	104.140456	53.454550	46.493872	25.420902	29.240101	58.548258	3.137859	10.564515	35.089174	7.430177	32.227859	11.977809	19.620346	13.998051	38.236670	4.020221	23.244467	30.766741	10.260497	7.109932	32.923745	10.254160	25.950380	95.067217	59.732062	15.503663	35.137737	19.269353	182.235570	33.592133	1.799996	39.724867	37.474340	73.028448	5.601533	34.069819	47.461966	 
19.035244	45.092655	0.802840	75.991183	6.880345	50.028620	45.332410	21.073979	10.951630	1.603336	12.605749	29.018556	25.993490	70.278035	20.750226	80.216316	83.285337	32.583659	9.300822	53.730252	5.213325	14.521094	13.120025	60.162780	3.187630	78.198377	18.272478	69.847922	39.775417	2.162568	49.821098	11.705131	6.886693	112.236784	118.558318	76.479148	22.539383	2.600250	24.867494	75.625732	21.675013	20.442714	8.264460	33.554025	37.923803	103.785833	73.473847	71.652595	10.362263	6.547834	22.519095	93.766679	28.503433	9.135050	3.250430	5.060004	27.035585	51.976189	29.404980	11.251317	11.811397	40.093238	8.472177	12.518222	41.568104	 
115.277985	95.975914	60.262229	38.788661	28.326878	14.181393	17.729606	16.895797	148.365528	27.829967	24.285803	5.289562	1.492390	41.437195	6.191832	1.976049	13.555492	20.731331	76.394015	1.986686	25.452550	27.462813	36.446087	36.441705	74.332786	3.994019	2.414504	137.982631	54.776427	80.487779	111.286325	53.956158	5.591733	16.399653	1.435190	8.169379	66.669223	28.115774	39.387547	5.538680	34.842813	28.545252	8.624145	18.448260	40.638991	13.973178	61.212889	18.540124	24.831564	55.523220	12.923769	17.299595	22.455543	10.532344	18.529147	1.419429	201.220667	8.973088	7.615692	26.394350	127.880592	13.470415	6.255038	189.691004	37.654611	 
14.956433	6.577588	17.392762	8.795827	32.788754	7.025069	22.587271	6.314011	15.942459	2.643662	32.768252	1.028070	0.791383	17.057286	156.385845	11.563942	36.034959	45.610825	34.298539	48.305388	32.905463	34.554148	38.394332	2.227595	2.072132	23.395271	47.820212	38.483194	14.634761	32.271084	80.886847	6.198810	110.964666	61.938426	33.589617	20.014266	13.991213	146.473845	50.374785	57.381093	110.666255	28.222153	89.546035	27.128855	80.472948	11.777754	45.214054	6.869271	21.253485	10.099244	3.445887	22.014875	78.150330	40.581333	23.785857	13.639563	14.727411	113.085664	73.589578	47.443688	28.940759	41.094777	17.078589	8.300983	66.584735	 
37.396322	35.972111	46.169123	2.989017	6.453037	45.283067	38.287059	5.130037	21.583431	88.247319	25.932455	84.936735	38.787259	2.023212	6.020480	8.870442	50.077480	35.648980	120.713263	23.333727	0.562458	7.090725	24.867996	1.774011	1.586826	26.724253	22.233320	3.716401	42.080736	17.938619	32.091332	77.985901	67.278094	9.316936	104.085263	10.497164	32.201535	6.980795	31.977765	33.772828	14.468793	113.594070	75.821761	181.541918	82.494000	19.919633	222.634804	33.657813	7.203121	17.233860	52.107678	17.682663	4.852111	18.109955	5.111450	46.348996	16.818943	11.056161	130.886480	26.555601	122.580691	15.409817	2.861664	115.876587	6.271498	 
6.304307	3.369533	53.363914	105.832844	201.720071	6.753147	75.378233	59.670189	32.665390	38.149918	8.280107	11.214007	2.698030	21.640954	0.997748	32.894182	6.521377	60.463903	37.950103	4.680600	96.110280	230.801193	4.813454	41.906312	84.688413	38.969610	22.347112	11.791897	81.720212	9.935994	83.488279	2.241909	75.460893	22.534422	36.227944	92.388723	13.064158	24.260975	53.754201	129.527678	12.350780	30.368509	55.888197	79.084651	76.201895	51.154703	18.016522	206.752029	6.192958	27.277491	6.185660	39.513221	10.780041	7.574634	16.154134	3.726385	4.995233	37.189231	34.017045	3.308618	3.470173	19.250219	27.175243	224.396814	37.296953	 
5.199465	45.149852	59.970362	136.517348	3.622364	149.499285	47.225112	18.981844	59.152948	31.237945	31.287714	23.297709	37.012786	35.671210	70.375431	19.058276	7.531005	8.912053	62.495084	34.868478	29.043809	15.319764	29.128036	22.021750	43.365164	18.318674	3.574421	40.868635	8.107817	119.578015	144.482372	49.579180	7.244167	75.923050	57.536967	64.647751	34.174863	22.339392	32.844737	12.946172	5.138273	6.704734	31.613575	107.193389	37.798168	23.970153	36.961003	30.581655	6.697670	29.904333	13.092786	40.227870	72.896787	90.420089	29.695423	2.372576	7.496228	35.891530	73.950672	15.271147	28.333006	15.490058	29.317292	21.527155	121.258606	 
83.829624	37.618327	44.216030	38.112294	4.510820	50.920002	102.023915	7.987009	12.195562	56.194920	66.899465	56.388876	29.517901	87.899023	13.090819	31.769404	0.122704	0.809800	17.900214	18.561278	47.339421	21.834943	77.229757	22.026225	69.658025	12.909863	4.532193	4.056467	9.700611	3.026571	12.568213	9.989056	98.425769	55.917446	9.831000	22.863597	30.484498	3.571048	25.067864	29.486186	5.790902	89.053671	9.425016	76.627348	48.068666	38.192874	50.475354	47.995644	48.381221	5.650174	20.421786	66.459967	30.272871	40.175107	24.126658	61.025436	13.056207	1.174007	45.302761	27.526930	61.378812	110.921541	42.099863	24.029297	10.586229	 
1.498679	46.859558	23.551461	6.857219	39.759126	90.566449	18.635036	7.070655	81.501818	21.110908	15.530198	23.538418	22.331990	91.030218	59.055946	34.531131	13.141364	12.054224	2.979094	51.382654	14.779565	14.307999	15.890281	21.151781	19.768100	88.842337	36.068665	2.023715	28.007151	31.474462	26.212920	12.365519	63.032388	25.470471	3.472474	71.240280	38.318978	31.289583	6.077940	12.148752	58.907299	34.928438	3.438768	2.877906	61.868678	51.000171	40.533890	17.858925	89.489938	81.438053	10.848632	19.022754	24.449283	1.214839	20.203474	78.567607	9.430280	7.949589	180.763407	37.973193	0.744369	16.635817	22.141011	52.475513	19.956656	 
7.762584	67.381150	17.337632	13.175010	66.288200	37.021661	78.868420	11.636875	49.971809	50.849268	9.608992	5.267108	6.471402	1.716744	48.777266	29.752599	18.154592	39.031113	10.929807	110.050647	12.527907	5.933905	24.626506	156.287614	73.644283	31.167062	34.965727	59.634931	37.352812	98.178740	13.329950	1.518148	14.789671	17.114843	41.993174	10.054875	6.010555	15.830321	93.012999	32.323029	26.312349	55.141368	9.675868	30.166716	149.732023	27.382775	28.720350	280.649072	9.047019	83.190137	63.696413	61.014968	37.689267	47.121177	20.473413	105.362191	63.295738	6.747026	2.233974	7.082453	49.240839	21.353252	11.554117	26.267117	45.936702	 
91.798756	52.187175	19.070666	44.801965	88.720300	31.673751	103.071523	0.422908	28.268802	0.937656	39.361440	80.044082	80.160980	4.797739	44.124752	2.148556	31.993934	28.936057	18.326540	19.220136	16.151822	32.256215	42.043611	24.609860	97.386885	49.002997	13.980833	1.961476	46.807491	3.263184	20.757416	57.051535	21.527984	5.418487	2.210198	16.665167	42.789268	64.430109	7.210366	31.804427	4.932814	17.930125	37.080909	22.029031	8.201090	80.029768	12.290856	99.697891	3.551461	38.334798	79.406118	65.750108	6.477672	7.086588	61.611818	79.693688	82.751089	39.034898	1.963206	1.634979	67.678900	32.109484	52.954344	80.040553	15.430246	 
2.614500	50.738092	7.225025	19.803407	5.475654	4.957423	25.457414	5.519931	14.352684	61.639087	14.117454	37.840243	46.167846	5.331241	18.968736	3.975637	8.089843	100.481085	11.935988	27.981727	0.125912	49.135413	2.937040	44.004633	13.908235	13.392242	34.097071	104.163287	4.212955	12.419089	16.204103	45.962479	48.817260	90.654012	6.995385	17.068872	51.883448	3.911491	48.583546	9.954167	68.515147	77.722638	21.420018	3.233427	84.521896	40.153751	38.579116	99.010352	47.633079	23.163639	78.830661	21.622878	9.383569	3.609245	56.442506	12.263670	60.295003	6.167036	102.132713	40.487466	8.883816	25.610426	24.738322	10.819354	19.638408	 
7.725114	25.986843	221.479575	115.634724	27.109021	8.929408	2.005461	70.533398	111.555345	51.966151	12.212576	1.925749	15.549706	8.965290	86.032363	39.021925	35.474022	56.478886	60.789702	13.466537	5.925383	3.508655	24.054937	12.956469	65.232872	31.581964	58.291518	66.826002	5.695689	2.972694	45.427624	31.647409	9.986137	30.683404	105.101422	43.489561	100.559701	29.899475	106.283565	1.715362	2.133437	30.672786	80.632038	8.003736	8.136924	24.144128	8.235602	3.395897	15.890163	7.090385	20.282809	3.627595	14.705726	85.768514	238.442876	16.305106	105.172986	3.074309	68.569135	16.431341	23.127090	26.585958	110.049326	47.878603	6.778146	 
23.475836	119.896666	23.733972	38.560414	12.083458	58.509896	15.678934	35.474661	125.321208	59.554403	47.602662	26.595777	13.013334	24.890657	95.888050	25.650881	32.911704	42.491615	97.048943	71.407273	24.055507	62.491412	10.881622	63.522451	7.341736	44.369898	22.399855	28.064199	19.716094	9.525984	74.380344	111.003506	7.791082	97.345996	14.431278	4.014993	31.001204	20.793903	11.231798	51.385133	11.071649	2.678089	15.267296	11.871047	16.790802	59.477063	41.351190	25.617972	56.181298	32.780599	26.380672	6.532405	3.530309	4.804408	20.124434	28.304542	54.883293	9.156534	23.241296	36.689931	30.251640	8.167358	25.152795	13.688518	19.933806	 
24.594276	26.287565	142.649744	6.644036	12.189442	69.294470	105.557697	1.683112	60.947386	37.664442	13.119108	18.483424	10.354218	1.162304	15.879119	143.357098	23.915763	63.887590	24.539504	43.622923	78.163328	21.468007	51.002709	1.265841	22.694234	8.633293	32.202076	50.736315	35.650167	8.969365	35.531185	69.196735	17.795376	64.084817	55.503932	45.181569	18.692700	100.780849	97.726368	80.338760	60.302865	37.744231	24.909452	16.560286	24.567391	3.000930	13.822419	1.784605	53.209197	12.685225	49.774786	21.031822	34.379897	10.831353	11.896698	51.625326	52.846579	9.207926	5.824468	124.741365	20.479079	26.214456	23.518296	85.444443	7.290894	 
54.265053	1.759490	37.475874	90.487012	13.100063	14.750854	7.950124	90.246890	52.178802	19.277300	38.817290	148.997972	89.470572	11.244365	1.936630	49.157080	27.865987	117.910915	99.420010	33.717789	7.796340	13.609800	7.648956	67.625093	0.069792	112.896146	16.098849	9.119637	44.320806	201.238110	29.948220	101.008230	28.730968	141.610732	2.549116	26.417827	102.338501	68.635429	75.527461	74.035747	8.122142	13.874886	3.727172	10.051392	17.905474	122.967060	75.103843	29.071071	17.252761	65.527294	73.197039	102.953200	9.134859	11.705662	17.991093	7.617431	22.601698	8.849829	4.251297	93.532741	33.658525	166.566712	109.276838	2.175860	2.620185	 
21.589269	28.068216	22.054749	29.201567	1.207697	109.145095	11.028561	8.277950	15.337350	54.335917	8.802110	7.572165	23.146627	3.757560	1.108457	41.018002	14.097475	117.138470	21.522421	89.280148	30.130718	1.039852	13.006365	19.237471	19.664848	1.095233	76.698741	29.226719	22.182079	6.104000	19.485868	23.662522	86.432086	86.307717	28.326528	52.598413	80.614101	30.535308	10.218799	24.216952	9.373531	32.762714	67.143983	48.710263	6.244844	15.880333	39.080707	16.975889	41.163619	6.944673	69.669496	77.700563	4.970448	81.867601	22.336105	4.915594	55.623989	55.969080	17.776999	122.885186	15.961487	143.689524	8.999111	114.358410	4.562509	 
34.444988	30.383010	31.861432	3.239788	5.271174	33.418819	40.136067	24.320506	13.569284	3.562342	85.973845	25.395576	47.041066	16.821627	70.231369	105.816692	36.082803	6.034899	108.755894	8.822277	81.013262	4.149473	1.654602	10.634749	62.882912	44.425002	0.698270	8.776311	40.680230	22.148845	2.447373	73.780057	40.510286	14.043975	3.771857	37.690350	72.928116	8.324108	38.174049	49.006784	4.729985	72.691305	17.726515	12.005974	237.364681	9.165133	8.071807	22.816252	20.124668	52.228386	3.322555	75.814525	50.936691	73.600442	20.200141	49.926177	24.482817	113.488209	34.445122	280.797998	14.471340	31.793915	102.231578	14.216183	70.182667	 
54.183316	11.471781	59.542346	57.467514	68.433873	9.296158	1.214767	49.312772	7.091822	10.574499	9.334675	21.661692	98.411727	6.128042	41.859544	28.517655	1.862883	10.531940	17.461785	122.490618	61.791521	17.902054	46.273886	7.155149	41.024620	11.770803	29.492925	0.857524	47.449800	3.842231	56.764635	27.812514	60.805785	4.935077	20.405703	10.812697	28.563889	68.485772	27.008106	151.332034	20.588227	95.677183	47.243243	4.650234	75.623410	48.936080	58.532865	5.270479	50.556707	2.417881	45.260365	1.319029	15.702283	74.085797	17.794027	5.358740	47.046661	29.520404	12.527328	17.566018	72.591390	5.952216	11.129004	6.402073	24.018238	 
45.504254	17.655707	2.313809	29.807477	53.788399	94.175392	32.838439	2.640435	5.122841	64.662968	3.967340	2.240366	17.676049	16.409567	27.922542	186.368680	50.999680	28.971940	64.168904	22.539316	0.256247	77.200084	21.822818	33.921031	9.441335	108.123926	31.507703	12.582106	7.631284	49.253387	7.892804	7.047774	88.180726	7.276313	16.513661	12.081928	26.797690	13.809497	67.607992	44.935325	155.928223	60.801211	18.145569	170.641490	46.420484	121.909761	10.770580	4.640243	3.586935	1.504180	5.033719	19.989268	26.674210	50.280068	18.338133	3.896666	9.254686	128.410127	48.972093	19.672048	49.754735	61.895256	11.906952	130.936183	109.964387	 
39.884854	45.880807	2.268861	45.289378	14.805433	7.033717	49.876366	32.483831	9.843829	24.675351	83.901617	19.157461	27.512934	38.048003	10.175116	62.064751	148.235741	70.403391	129.085895	39.497986	19.929711	1.632725	17.607631	19.546140	4.065891	3.155985	19.944715	62.747204	30.605985	4.614515	39.248729	15.492738	0.456672	132.726297	40.474327	38.062037	45.744240	9.475691	58.345948	90.573888	3.115619	4.524093	66.791797	22.539728	4.247289	51.734347	1.104997	80.696193	31.846451	10.755216	15.556529	23.956513	152.383960	29.825480	63.861766	3.884083	16.108747	186.888573	42.340964	2.162895	149.463694	61.702913	47.327968	38.810481	3.725586	 
13.477631	22.234432	83.059699	3.774894	58.295183	66.048368	79.378941	30.098287	65.554241	4.185231	14.175663	34.721504	5.086606	18.247076	24.936436	12.673504	31.303543	35.501391	136.945601	1.622402	59.904585	1.767355	9.689602	61.393541	32.527414	8.739910	70.163846	66.017791	37.587394	1.046753	7.913559	58.309372	46.372813	19.444139	112.574925	32.198721	27.546245	1.635380	17.513946	61.602770	3.805772	125.019419	42.454761	12.818445	30.422563	110.649057	25.794660	24.973137	49.732174	13.555561	113.956818	57.329923	22.187589	44.765265	55.944357	56.564376	109.717924	7.537602	104.304452	86.675296	124.619293	50.892560	1.377602	5.314978	10.815649	 
30.248939	32.783138	11.250825	5.770484	2.531603	52.036644	22.068242	158.003949	40.788271	302.567868	0.729327	11.107844	5.718518	14.908466	55.974509	42.435604	36.681984	56.160569	19.039749	26.116118	56.930441	124.539301	38.828703	48.092109	23.766341	41.609573	30.076450	42.240123	79.705211	20.784840	72.461007	9.569425	25.743706	28.874568	14.765152	82.181077	7.267258	80.667827	6.381816	24.422591	100.188392	9.705042	32.822381	33.126753	3.418199	29.302129	86.025866	14.540782	11.027181	6.405102	10.222313	3.868363	57.804985	41.020448	50.217900	32.377620	2.045264	45.380868	27.851118	11.452225	18.358428	63.435216	53.449675	91.477042	97.667084	 
98.852202	43.343100	29.902131	15.719034	21.000983	38.564112	99.004798	2.311388	30.746957	28.284151	15.240070	13.843600	13.418522	28.530738	34.975748	26.560197	6.500589	8.500258	7.908365	12.582968	35.381174	99.198510	23.280280	26.306087	8.777133	7.854865	35.017622	37.238604	32.950351	40.796940	62.854637	9.497524	22.832065	137.707194	8.011028	18.503179	6.533048	9.805602	24.259465	106.411090	54.597587	1.485897	46.859842	99.640923	1.522458	19.052705	9.729637	38.292873	25.026936	2.786428	95.099911	85.213924	72.587959	215.723209	78.978990	39.382980	43.803898	97.933321	49.213731	82.050097	44.727223	144.942733	84.835513	167.319594	24.335976	 
60.592388	41.615126	188.220554	12.884803	27.119225	174.286781	118.294973	86.125880	86.893400	123.743468	39.429488	48.269961	29.710887	30.151860	26.103134	25.198833	90.756430	6.068169	50.546828	28.135129	6.409474	54.069991	56.779135	2.564154	14.472219	19.607791	8.656474	19.399629	18.670772	21.511930	46.719719	91.627597	1.810487	3.281142	37.199873	1.008322	19.980159	28.231461	78.537352	103.645553	10.096950	3.212931	2.962445	38.068595	35.395643	117.548316	1.843594	25.525074	15.356857	11.477852	7.417028	60.581714	101.177949	86.865141	5.591443	19.427167	20.267098	10.896387	64.466739	14.400990	65.273150	27.279947	37.364394	27.633858	270.330794	 
5.069849	162.463017	8.028737	20.550786	37.666863	2.481701	13.160962	11.309459	153.134031	1.659139	65.788382	39.388641	4.725252	5.474683	58.568907	3.202785	60.458232	9.273591	30.270203	3.809682	78.830531	6.077502	11.158205	39.792872	36.179473	97.312754	25.416221	104.936543	19.171857	89.930234	18.172136	1.877621	4.846669	5.638158	19.368975	1.119252	41.940083	35.565594	19.434679	1.430591	8.867890	10.396906	96.163004	42.176065	68.738613	163.119722	80.711361	40.435228	1.258837	29.294637	14.476550	8.844821	99.135778	4.258247	48.137759	10.435751	49.930060	130.468817	57.658062	46.693700	1.784439	25.576362	18.697967	64.222578	38.601491	 
41.599123	74.825840	14.560222	29.168677	49.425685	23.319266	24.531905	19.327255	77.214286	30.397893	86.995620	28.217378	1.667852	45.375426	38.381634	3.029159	0.801391	14.093760	34.945827	19.865256	61.421669	21.975066	47.465365	20.264640	22.166440	8.622918	12.959115	3.528793	10.703887	210.328745	37.542710	8.822268	17.094341	26.687906	3.630995	9.385371	49.164794	41.514738	24.992914	24.840629	53.698388	13.119896	6.992429	3.737495	31.404051	30.695279	17.625822	4.702623	79.664335	22.514738	50.699442	32.472392	20.505745	79.098745	100.906031	5.655086	45.694164	79.268889	6.737905	11.056745	54.958424	20.025285	71.562243	31.178681	42.688289	 
25.957625	3.538036	54.630821	0.932358	1.609252	154.848209	88.749313	161.028069	73.127783	5.566214	198.306169	102.537575	50.705908	25.899975	40.911301	122.886499	63.425507	76.430931	9.139959	22.919814	42.827299	113.829881	10.109497	6.218755	2.953151	171.625365	34.164343	24.042030	16.637169	59.968516	40.442980	25.524342	3.716717	58.170460	15.130184	46.122665	16.820314	24.500562	33.236029	60.049997	76.184025	33.103394	21.920736	1.724625	228.934885	67.590650	30.206258	10.054960	102.413864	95.989029	30.335036	51.784948	4.962933	49.926179	27.614993	46.897768	89.739761	73.232263	11.312755	50.347271	56.288114	116.444194	2.209107	24.178899	34.723237	 
49.292237	144.275232	67.353008	79.192024	16.158083	16.799745	193.086681	16.800960	46.713385	4.386831	3.452184	96.643658	2.636706	45.177765	52.674674	8.547171	21.652772	178.819044	43.948098	9.337117	18.346981	34.101893	4.910416	135.788196	50.795887	68.196288	19.434212	23.713062	111.720088	9.015158	46.248593	41.009295	36.097948	27.127287	15.910205	18.585257	35.840278	3.622095	7.266560	77.666615	30.835639	42.063736	32.563103	5.580388	40.331190	76.989042	76.454728	21.810511	1.821294	9.819448	27.912546	53.046475	100.802811	6.696570	19.796599	62.180668	5.872646	13.702390	3.219923	98.095381	73.965576	12.291535	39.286079	45.945757	30.386833	 
3.226948	69.098142	13.966005	82.055922	2.794914	113.354909	30.237792	13.771901	24.741499	141.784947	1.452121	152.619011	7.781879	50.238264	140.396856	17.005411	173.647022	39.800871	57.594524	5.224654	56.989664	64.513654	4.195180	39.314105	20.731067	46.163055	162.651907	1.600201	3.326801	0.677158	7.135788	63.142464	1.011805	6.654015	20.030660	76.660807	18.889553	4.037906	3.217033	1.763909	65.183583	1.215796	3.178852	70.360835	1.259703	71.198366	31.708133	3.361560	43.319895	14.416689	1.505569	50.978767	14.515309	35.102429	54.107666	76.201936	9.428975	25.491547	28.914388	1.436427	39.201486	76.523126	15.406609	2.170292	84.533967	 
11.783363	94.426248	68.309561	20.222196	36.757174	26.510071	6.015615	11.047783	31.235810	16.942520	56.473617	6.945503	85.182286	2.888699	63.311436	7.598030	19.594579	69.636640	4.142409	61.245262	61.100956	47.479302	21.689197	47.063683	101.418809	90.829826	0.619184	33.153488	4.088102	24.463909	17.948240	114.636446	23.975336	36.755521	146.930526	4.712003	22.465153	59.647929	49.602108	6.666446	25.776683	98.003661	59.877709	3.397825	13.854823	40.217872	11.805184	47.755519	26.866189	1.915149	62.971094	116.285176	17.515761	26.875333	13.534613	4.606237	41.297334	26.257315	12.271653	28.245402	21.747799	184.351740	34.943429	1.840030	19.914904	 
59.804917	65.484338	50.040230	17.703418	22.969780	42.154565	36.588933	85.163904	9.345146	40.243326	6.303932	8.828855	2.107600	78.368960	59.013499	55.033241	13.527935	11.852605	29.382574	22.199969	23.081814	8.001955	38.291771	1.503997	4.631805	28.931228	5.010093	27.484563	36.410281	57.588925	19.788934	24.175784	49.639035	10.547464	68.702095	10.732242	31.813365	21.883025	17.374814	12.610279	3.339852	25.648792	30.828745	3.713287	24.747443	86.202547	41.251693	15.198563	13.431424	12.604888	52.616552	4.473084	16.249050	35.729820	56.010819	12.722349	14.182524	68.990332	13.633012	67.372690	7.919353	14.742155	29.575678	22.578896	95.273412	 
19.093490	65.208812	143.843436	37.945265	44.833868	46.446994	3.804378	22.879242	16.650973	46.823303	33.581499	6.172368	69.665440	120.341712	11.128106	37.970785	5.326685	21.242224	49.457870	1.631671	102.848095	41.189139	45.799391	20.047890	6.702059	65.677555	35.347533	47.961850	33.359680	11.608330	7.184240	1.712344	82.595484	6.686144	91.616829	145.317757	65.872764	62.731986	78.061389	34.651679	45.110090	0.395813	45.112349	47.285412	1.322098	42.549809	58.930235	52.513546	3.791901	74.634088	50.198189	39.389467	5.941544	25.737583	10.815434	58.936051	15.036293	39.224347	12.097888	13.569483	95.605315	23.763578	9.347163	10.123985	39.746379	 
32.921720	61.809081	31.194851	22.266037	37.256038	123.659275	26.227374	57.749954	28.015629	85.131967	6.534180	74.005309	76.321619	8.553542	44.014807	23.574939	9.112233	27.099240	79.821532	8.244333	1.107366	21.298203	102.425980	59.355627	21.158825	23.886629	45.599305	42.642960	53.343383	58.874395	8.687102	20.614261	63.282137	116.199213	44.061192	1.354119	14.078879	24.177054	10.721593	8.184140	15.398876	74.781764	2.914201	40.098085	19.069084	34.752943	50.526827	49.281999	32.858724	64.361887	21.765854	34.533740	0.833573	38.244703	8.374930	41.715873	14.912049	3.076572	47.807615	248.436682	61.712682	12.858823	4.452406	4.764021	31.288837	 
17.655118	53.335389	63.846363	12.971221	41.442477	45.638706	20.502373	1.434297	15.352861	56.482272	60.288160	3.129719	8.378481	8.602362	37.398141	16.874881	3.275786	18.009883	25.952093	6.803467	2.832632	34.106292	29.270180	34.002307	13.285160	89.347896	87.461029	40.570488	19.177917	63.050647	5.539460	5.723166	15.940885	5.270464	12.454259	18.804205	36.087943	86.379937	3.365988	93.760722	93.658449	11.341007	101.509105	6.198955	16.543284	16.196037	80.600178	12.875736	3.838846	166.622219	15.205392	42.873526	47.541636	41.575869	66.158106	55.924375	1.932447	48.012351	58.739588	7.406659	14.403716	47.857667	16.603136	28.342008	71.069460	 
6.311644	20.588565	127.899703	18.473875	6.350215	12.936546	17.248089	103.499569	12.056071	104.831302	16.018267	59.956788	4.045717	76.380949	24.008698	46.108080	81.516251	124.632037	1.842949	19.624269	10.279697	73.878290	5.351861	31.607357	18.313181	63.396752	40.591195	22.255206	6.522353	19.984339	16.711631	76.105074	17.606978	15.293844	43.357652	15.797159	1.749588	61.717920	19.513374	42.615584	80.849354	22.321658	17.033639	115.664097	1.989682	2.671104	24.288847	8.544786	46.699405	7.210276	61.581056	86.314367	2.634801	5.395338	2.227261	59.337161	4.901713	65.505885	16.372219	112.231769	5.840207	67.767846	9.533138	24.381816	12.081223	 
55.546200	62.425898	8.181185	142.200539	26.678211	22.368467	19.118429	105.710135	33.890870	4.203566	58.959896	45.280949	68.530536	10.745854	25.183916	16.008308	3.590525	63.198261	16.022808	33.376106	18.093154	3.037588	17.218020	173.607970	12.569531	43.321504	45.914152	92.610807	46.256870	19.269600	18.219863	10.420560	126.240216	100.843983	6.082224	13.418426	63.276122	19.422848	24.249625	71.043890	8.424675	51.149010	75.754288	21.810834	72.560756	1.221080	36.311575	8.061417	18.724810	6.390398	49.491155	98.548981	9.080842	126.058387	12.409468	30.939260	43.596642	6.817832	12.475324	21.501800	51.124539	25.737581	10.434986	51.263452	8.110971	 
33.963112	13.186151	8.844954	60.214504	72.300070	40.967059	46.466985	2.217755	149.081643	7.176448	37.080317	39.321362	90.228644	48.623007	1.967608	33.960180	27.737783	40.561209	2.726132	6.028932	37.838974	2.640935	69.895738	2.159823	15.951432	67.915420	136.683153	47.831450	105.662555	78.595101	13.920826	19.374294	13.148728	23.075737	82.663481	258.274640	8.812730	9.341092	12.705500	64.025390	19.076527	10.694542	16.085760	24.353097	1.473275	32.059672	4.693211	108.355246	2.671268	5.478313	39.401385	37.546208	92.609688	4.984079	25.198181	38.219359	40.886061	58.201091	50.372774	7.471410	86.539485	89.929272	2.148656	21.135534	21.625027	 
18.339587	18.665510	9.276976	74.804734	118.895153	70.650640	32.576356	14.665767	12.450895	39.701535	9.858893	21.854993	17.019247	36.340771	9.257914	67.507420	77.700478	118.242082	89.021876	0.965705	50.085543	50.791196	7.688473	8.544927	22.935477	156.507011	17.856653	40.090033	17.369743	36.873042	16.057222	35.763079	13.353101	31.147728	8.830669	95.227448	161.087835	19.102731	40.120898	66.812683	67.667880	42.118623	114.923779	3.143041	28.745248	29.109271	143.940314	16.947826	34.145231	15.869816	32.940679	7.984614	105.035499	19.801998	22.062011	29.240700	12.873077	11.665015	23.548427	39.195626	8.419854	28.385199	39.462302	31.420284	57.867055	 
27.490950	14.040983	21.070375	42.258787	52.115773	15.191522	168.001621	181.482865	15.518126	106.851847	130.015409	3.831084	30.936613	7.784881	13.673832	7.735615	100.228568	53.391648	12.438536	4.602094	18.533653	22.776726	70.562508	4.070959	14.895599	15.140057	151.193156	9.497210	75.475478	5.697691	27.492169	41.304628	35.326418	25.761353	29.989473	4.502753	1.311859	31.243648	180.164169	40.128525	2.554804	47.270364	36.314776	94.318491	8.981847	31.588450	15.180874	24.218175	2.027560	47.743686	21.110324	90.603049	58.310442	99.025720	71.029763	16.164279	98.623475	26.255334	248.124936	13.022944	8.837929	99.861974	24.937247	87.919023	3.918830	 
31.860303	7.603892	56.087287	26.847359	1.534902	81.259568	71.342957	47.270040	7.204208	24.386259	119.278385	38.493833	59.306843	43.563999	68.353348	15.922427	20.149289	16.451417	14.458683	22.801701	69.309698	8.579180	13.274185	41.508484	85.237132	29.623934	84.014018	16.580270	4.033933	84.589194	17.192916	5.952455	19.036631	17.478442	43.452269	13.403598	29.719669	95.434703	31.160237	35.621289	44.804473	20.837553	16.861522	16.528064	1.559980	31.272832	4.890638	46.543473	82.045239	18.170821	85.985592	36.934253	13.458859	68.837136	26.683335	9.799725	13.478277	11.820928	49.085764	49.584129	3.351677	48.279600	47.820728	20.329920	8.068579	 
67.282239	2.980815	35.296975	1.227493	39.436408	11.119858	9.993580	35.354083	30.434458	52.534530	74.700340	19.311950	70.148517	21.754735	32.087534	15.380836	19.345147	4.784561	9.179546	38.064591	16.688181	74.202421	51.025140	86.308528	7.415861	6.060629	18.458124	16.506194	61.884309	45.489057	3.795928	10.023170	12.730339	23.990136	14.312381	52.398527	20.356009	19.021353	13.448496	8.981966	64.212428	27.846144	38.313945	66.415195	8.578684	29.103245	21.642501	4.454960	50.075421	5.060345	5.515313	11.059417	20.783527	1.364091	168.643209	35.773934	39.702705	108.249284	11.559456	140.792347	45.818750	23.936405	19.802116	3.187470	31.251837	 
8.245138	322.550247	3.511850	43.098014	7.731076	2.096796	25.297925	29.701330	51.400173	38.718866	204.545244	22.180053	3.446153	36.003757	64.822157	28.371394	58.598481	31.042016	61.363830	110.757563	25.433026	75.927959	22.703616	57.959757	11.626600	6.131274	33.300631	19.489717	49.020146	79.531591	106.432494	41.111047	17.088673	37.143630	1.031430	6.609518	67.771199	42.027992	107.202213	15.968034	62.494386	1.311166	14.371134	126.076058	39.159987	29.322133	67.749552	26.497173	6.499474	36.774277	14.001221	14.507734	33.917310	31.206342	4.082565	36.004589	5.311192	2.834775	2.292066	44.936634	12.334935	30.934817	4.176721	82.084004	40.859669	 
176.305114	64.063781	9.094699	1.618876	12.985020	1.970957	11.616103	22.220853	7.106085	14.761923	38.143514	78.569397	5.828761	20.411141	27.984380	4.123725	2.794404	17.869310	21.710346	44.327186	0.907568	54.085888	102.399324	40.439586	99.837522	25.163730	1.991569	159.622122	2.015708	1.804966	35.593426	93.303355	71.664492	21.287298	74.008736	150.062451	21.350857	5.741669	5.454344	143.385999	12.602421	24.054602	6.546410	32.752017	2.648797	14.687555	107.983123	49.360816	16.985089	28.366300	12.304885	46.594677	3.008601	3.339026	142.496166	9.664081	64.990710	16.083096	18.817346	20.720838	17.150552	13.244430	234.187940	94.790362	99.982247	 
2.003210	5.496363	30.351485	60.019422	3.228019	16.598475	2.655799	7.361736	22.340043	48.208737	11.880321	48.326262	120.850669	12.755868	18.722767	114.034554	2.771576	21.568009	43.263276	18.346440	30.847413	32.624414	52.279107	2.238607	188.927121	14.746366	20.308174	9.787172	20.048622	33.961257	51.670597	123.472213	19.865339	12.876528	30.897395	19.981784	19.813367	3.168713	10.526468	39.030757	26.364856	78.238440	21.747564	179.875818	16.152050	0.734016	59.695389	7.898911	126.242734	2.302256	8.626681	22.432147	2.399636	1.543224	17.956746	63.302760	8.982299	73.815626	88.204210	13.461562	64.037458	21.010953	79.371321	14.902931	11.078863	 
26.397646	105.148947	23.560613	78.654773	61.759416	12.309976	26.958835	38.215553	23.391199	42.430723	11.220412	7.310815	43.663659	3.874302	42.977948	40.902641	12.306432	30.324014	9.811355	35.054838	231.443940	30.121986	69.936369	15.807570	15.113847	13.486250	29.856358	71.558266	1.630498	17.053469	2.800693	69.781093	26.646757	30.376167	24.288889	26.930599	1.031333	149.625784	1.701946	13.429268	38.954827	35.499616	38.412367	11.336515	14.398312	10.598638	9.288841	136.852428	32.790867	21.854638	55.809632	45.455902	4.313515	4.851260	2.554402	20.318171	81.749329	54.095569	81.918144	10.037758	46.605626	132.569338	27.890237	47.012751	27.112718	 
15.754456	15.681370	8.938778	3.808484	14.484821	61.554015	39.292414	111.834082	14.727417	17.838068	109.039296	15.613745	95.050176	5.216978	15.033683	103.739609	32.723771	48.027061	30.649707	43.579127	10.199004	75.941160	15.218691	3.438725	103.330671	2.355335	51.090170	63.495796	13.839486	80.204673	26.571625	20.473666	31.679003	28.383753	36.224905	57.967443	8.381420	13.837034	2.681959	7.494345	48.274671	22.497405	4.848350	101.876652	45.621815	111.764051	81.335343	150.883005	41.241851	80.468191	19.562664	12.294854	34.467201	8.513505	26.298196	12.130570	5.071492	66.583036	17.352417	11.204679	21.812427	17.056238	10.313862	1.393450	40.067625	 
10.993539	12.740347	85.308924	20.556119	54.127851	12.345163	61.721507	5.190243	13.151684	40.342162	2.601996	16.254404	53.938923	30.949974	138.615777	13.907007	5.298039	97.863801	191.332008	56.657020	7.140907	82.007040	7.554998	40.030638	0.655254	47.647932	1.175453	47.775520	2.392696	40.452878	2.566845	17.355487	81.781631	57.520684	32.500016	14.540680	68.320467	24.133493	37.360099	70.254483	49.607002	4.511686	19.243803	3.361578	20.660822	43.279087	3.227148	9.592518	65.720618	27.403150	32.535750	0.785164	84.456061	163.774744	75.934874	57.499462	33.488665	101.090624	83.654332	0.959875	8.888423	14.105554	64.927903	11.129931	69.723885	 
7.753281	38.965347	59.544346	30.329023	24.549596	28.626526	4.481218	69.098235	27.820666	13.030512	11.950119	67.625820	65.396721	34.744891	12.824608	81.795029	36.877226	25.746410	6.597505	20.326322	9.880022	14.667262	50.864889	72.025272	98.748571	5.197189	33.203442	64.239739	13.895893	0.837820	18.628476	13.471196	50.458232	45.494336	27.877763	117.954986	4.896034	72.029478	194.951261	53.372130	12.623729	75.379878	55.237057	0.517507	15.298097	56.179101	4.417852	7.462625	162.024429	12.226356	8.304737	13.465817	4.376475	82.146805	94.014789	7.218623	3.913760	12.539659	30.086115	3.328000	6.934261	24.740055	3.097559	82.756664	93.789226	 
103.367010	141.825873	35.506630	13.261321	14.711607	23.651285	17.500631	24.200970	1.787383	29.189707	12.218980	195.237211	17.919452	6.669250	10.627436	18.731767	35.363414	9.168167	22.581434	126.789487	18.476339	41.199787	23.303627	30.521385	12.668134	160.703839	69.610680	35.034602	0.904187	10.564344	33.807538	71.082408	39.214552	12.242935	6.048119	4.623515	98.514523	32.881444	100.514596	2.650157	134.765065	50.749571	3.948541	97.622450	23.312675	13.618127	7.137793	5.365951	15.827208	116.895026	67.624006	6.798658	6.068459	13.819796	110.759303	1.096946	16.588893	11.216225	1.143203	47.757676	106.183180	59.155810	3.923526	20.348658	2.582828	 
2.251461	20.316055	52.969474	131.220223	37.355611	16.431394	14.040456	13.290661	23.060213	51.103525	52.924165	31.407410	11.570903	176.653686	122.374093	70.753644	18.625787	69.860214	7.616823	71.829336	137.733500	21.142649	34.803620	23.577558	50.216837	3.657706	33.075477	37.754589	19.724075	61.017337	84.469698	6.352738	218.413111	43.714049	73.038181	50.554071	118.088521	85.139271	1.618674	9.131734	6.375199	81.124785	76.213650	76.606099	2.528353	38.467623	153.987176	46.524007	10.738655	55.707972	35.771508	66.202980	23.989227	130.721823	96.060603	23.695865	41.991788	8.359826	11.605340	7.340637	38.259591	16.023692	0.845943	0.945210	88.568158	 
16.559596	29.693359	29.453528	6.166575	4.216933	15.426289	16.461634	33.820343	34.638473	35.779917	120.196649	66.044959	22.588895	7.560765	5.847542	120.780241	24.752956	57.434859	16.193811	18.968267	28.592981	29.998355	109.432872	12.170186	99.959108	60.452188	21.026137	18.863666	86.161248	84.264996	126.540225	12.981861	2.026388	57.728124	58.355053	30.417632	97.301356	23.935394	27.429739	31.584795	56.348927	36.238538	1.340263	28.709808	9.016053	90.027399	15.053856	39.114700	20.144782	72.478033	9.910042	17.375843	95.727764	43.390468	105.732888	73.778565	10.644364	3.603735	7.761078	54.503965	6.818749	13.160475	43.149140	66.451081	14.845214	 
48.397795	1.517249	15.937212	30.453559	36.941500	23.143111	21.929673	60.013096	8.053709	26.375967	101.233984	62.556768	19.605390	17.588067	1.030774	42.528855	3.419049	163.339051	197.080816	13.966642	84.400663	2.065956	38.784215	19.751598	30.192521	11.898010	121.735019	58.802000	22.500038	90.050210	9.149021	7.315380	48.991804	38.649456	26.810865	13.958261	10.205515	7.891673	60.959321	41.804825	107.524789	79.313181	60.870184	24.452143	11.851148	5.129660	67.605833	44.083660	32.952145	41.177011	46.234822	0.936803	48.616566	13.528563	37.705077	18.360379	26.921636	23.396486	100.807154	29.913185	13.893814	14.132390	12.024199	197.332386	89.813753	 
43.776003	43.693046	14.902080	119.298245	9.846515	34.306519	4.980707	44.807126	48.135073	9.336181	4.809380	22.229488	82.093165	17.202962	67.286226	23.089011	57.480081	102.499528	70.250922	30.018483	11.360557	14.200528	113.003994	11.878649	8.828045	8.101154	77.051024	26.241013	126.027054	26.519424	6.404910	52.103564	16.631165	138.330641	43.321722	3.205782	15.494393	37.100641	37.833563	53.922496	29.214546	16.249328	4.210089	48.843204	129.987943	123.870211	27.172044	84.834856	65.930634	20.356884	13.759097	85.244277	2.499160	10.654117	21.635967	28.698083	27.951688	2.892490	90.680338	45.270107	26.878219	47.799577	1.612402	13.373540	20.395118	 
18.649959	17.620648	10.062744	10.379109	1.809929	5.762271	9.260837	3.590524	40.084567	18.327461	21.013265	1.253507	12.121783	85.666022	4.576923	101.157469	40.383654	10.479198	167.946892	1.384226	57.890842	2.561340	43.611451	29.116656	59.002780	17.965296	30.523894	24.323032	9.428980	30.582923	75.700436	78.755137	170.544529	126.773076	6.869755	60.908134	65.175557	10.901781	79.609806	42.530595	5.292585	150.531231	8.937584	168.549465	36.635568	24.944622	52.280535	26.766138	2.973640	16.801810	1.870541	117.834035	55.780078	38.746046	41.303159	2.517374	42.449500	104.107535	8.362699	9.974828	40.378062	26.504182	23.080622	23.319361	50.734011	 
42.236605	21.373972	24.632466	157.236422	14.617602	2.745731	3.747943	110.496098	95.535491	20.394423	38.676765	22.270400	60.845904	1.868308	43.592433	56.344080	22.340676	77.096586	55.766530	124.589556	21.317712	27.741399	30.659174	89.250738	96.881650	20.100038	87.135436	10.137541	26.709325	22.815946	54.249684	53.753942	98.842989	31.337835	32.628339	24.625987	135.247955	67.606010	46.096704	4.853568	105.959246	19.182107	50.858289	10.243432	27.092403	120.197167	25.449108	66.255108	9.132933	70.734874	102.837958	93.196109	4.284421	173.836337	26.503561	57.576211	51.557467	45.917559	28.830200	63.545688	16.958363	4.482879	29.287700	16.438532	14.859664	