64
0.000000	15.343342	70.367580	113.333056	101.179508	17.844342	9.619970	90.673306	8.339970	59.704976	41.970316	102.492193	28.071195	41.766697	7.920279	74.890960	33.365606	277.762940	19.474184	16.636634	21.411808	88.078644	18.950668	9.833805	16.230663	48.267446	4.928908	1.269606	22.155834	4.845365	52.257624	7.883835	6.111155	98.595160	217.923085	27.417567	177.409831	112.024614	11.645280	42.480809	127.710250	6.616531	53.322122	218.733762	19.562645	13.556248	11.256937	17.468877	61.721702	74.596773	45.098344	262.180889	43.184333	173.565021	14.775751	6.930758	7.423656	51.854657	56.714465	23.145540	55.661818	12.094659	2.345527	53.469415	17.470757	 
33.183906	15.880151	16.299571	39.874122	36.873149	89.876079	84.316691	79.627091	48.537323	23.587681	42.734118	32.293033	3.392396	22.227205	26.879925	8.963789	4.087797	36.888618	129.281672	77.394836	147.969158	26.083630	97.687033	64.749096	1.030076	21.358692	17.883326	36.364897	29.596310	76.277797	11.624316	78.093716	19.362979	9.579455	33.205019	18.434117	27.282100	29.905711	4.959635	24.187555	32.773635	15.412535	51.060617	15.036849	56.523331	25.504830	147.422928	23.174635	28.746921	56.721266	34.127846	10.703731	155.606705	15.264881	30.680655	21.539938	7.700256	26.696097	22.743880	17.799753	7.549857	23.962353	10.229871	28.798722	1.250712	 
45.505066	130.703218	5.439586	59.256174	1.544345	36.850783	30.867220	10.282122	11.097625	13.082740	20.592261	18.330021	96.390613	0.980640	14.091426	2.989707	25.776491	45.710909	4.709310	22.278748	24.565040	32.797013	77.097415	110.703866	67.840918	13.622010	33.048878	17.196148	145.734978	37.637207	5.994777	160.093422	3.189853	69.407436	84.166110	98.243522	141.812640	25.273055	7.799617	31.565708	4.947138	39.094523	5.464114	6.595157	8.016459	82.337318	107.293015	25.369494	50.241739	4.137430	10.543935	86.226492	16.371777	98.232246	19.907450	8.055870	40.167643	7.642088	4.135597	64.578231	23.678318	66.969907	14.501731	64.059613	90.204297	 
53.579880	39.777822	26.215083	4.341763	6.365707	58.094856	18.869403	21.840519	79.561749	1.052412	3.600138	20.517618	35.214919	4.841104	9.234531	4.472205	12.427231	15.358848	21.838018	3.378427	6.920345	31.891886	6.174979	109.328718	34.879719	2.350820	30.414556	116.053173	59.785719	55.317392	101.248924	149.517296	11.635705	24.351256	30.870819	1.970361	10.525474	49.925491	9.385064	24.415964	25.200498	72.085175	23.096968	49.807682	9.807367	35.839961	42.013287	56.024784	6.172515	41.311592	24.623076	69.022313	33.892362	13.099243	19.774320	78.707886	17.533307	17.159453	33.968445	56.407605	4.259108	1.226424	53.547721	23.125589	26.451403	 
68.379184	26.937824	38.296045	18.818442	2.735704	17.491205	36.908480	53.394788	42.385205	72.846765	45.396544	28.337002	146.749786	41.358018	108.666299	33.473924	66.247393	3.527418	15.363121	44.018384	54.838100	9.184080	31.709620	39.156021	89.038027	100.845155	14.447020	132.314722	31.755691	2.766730	4.275151	11.430929	4.877154	50.598535	30.647991	27.819217	107.635892	4.837328	18.311358	14.034264	32.477795	2.537023	73.803019	4.127112	14.615049	104.952650	78.040832	30.901399	8.118480	9.276096	8.587736	29.309306	30.323590	81.597213	33.226048	53.014119	62.198660	4.996693	201.744821	300.883420	1.851150	89.861554	8.762513	91.919481	11.495949	 
79.454339	10.542005	179.900593	74.580882	25.060711	3.893619	122.721144	18.070446	45.960655	35.040052	65.028714	7.132759	49.741064	14.001171	37.047530	17.847290	14.081828	1.141451	122.958094	31.372625	124.951501	7.180506	162.851044	60.484313	69.214576	4.680274	89.210645	27.609851	39.405131	4.322563	10.771937	45.786516	5.642378	15.497374	13.156944	45.156631	14.650848	98.338828	29.163323	4.535045	24.948019	16.897063	7.259463	85.607313	13.214008	43.224333	24.205869	42.019031	88.567666	36.425090	4.630746	21.533616	30.347121	77.964546	61.660818	23.874419	68.105059	168.039721	34.868377	7.437521	34.970428	28.724436	16.562138	8.450890	13.233087	 
17.730283	18.162016	10.124010	4.840854	23.387830	15.083433	12.606687	42.751838	10.659234	42.078176	15.100096	44.369897	17.050518	22.261833	11.346523	59.664363	54.017520	106.634933	14.601685	7.656632	31.193544	11.124514	38.380262	35.003277	101.404159	22.530321	23.631285	36.848105	6.185020	36.990189	104.294250	47.686011	20.604902	44.860870	42.737552	17.756698	40.793144	6.790047	21.280986	107.988128	18.358005	22.165431	33.497101	21.589936	16.416157	19.749557	118.982217	15.515426	10.909850	123.790660	55.768076	30.034031	14.412201	38.055802	17.835037	50.475204	142.219402	3.078969	30.960389	13.911395	53.675666	6.591358	28.032816	51.504549	49.664162	 
40.425795	28.172598	18.562062	64.244837	65.818608	7.814397	25.410373	6.805156	10.681229	76.483364	215.716812	23.954248	50.855534	8.673953	9.455081	22.798039	20.050110	62.293059	36.890121	60.159516	119.028588	29.662041	39.717649	40.433721	74.633712	5.961959	11.420036	17.945374	3.053309	324.137395	6.514247	11.544826	14.261545	9.776672	4.188582	107.514288	44.214919	84.270469	32.337513	4.507882	1.649900	38.513285	42.181281	15.916545	2.644714	4.293282	1.760215	12.775431	3.349511	5.370578	108.026132	6.418114	76.694584	0.953401	0.592029	12.382045	6.405976	44.986254	60.206717	66.070716	29.872699	12.495289	86.054851	17.132488	84.292470	 
29.453413	91.919126	31.205349	3.918758	23.080809	63.724028	4.925868	62.733523	5.371427	7.613905	187.080654	10.721981	74.460189	10.617271	4.290667	3.754198	21.597685	16.015192	14.704459	13.208219	1.536373	12.754254	34.558380	86.986003	68.498482	45.401528	34.567239	2.573215	98.059819	20.980299	22.568956	92.314049	26.031222	29.396097	56.096521	30.961403	48.862834	5.591450	1.823796	24.929426	4.212689	9.205416	106.294912	130.474810	66.530301	8.018003	15.838741	24.567182	8.621615	11.334880	2.709720	15.123169	63.716598	72.453659	22.818245	48.866927	2.792726	13.592130	49.664764	56.176436	81.927702	42.328674	11.049795	11.329389	7.899682	 
33.067291	14.244002	109.706314	2.218586	100.012161	59.729811	17.350704	25.267728	26.444299	11.605967	74.554604	59.440452	15.891670	17.407846	4.244018	0.866738	104.029624	3.776985	12.110360	67.832147	34.175366	199.311262	9.707289	3.181745	37.056103	8.135316	146.196306	30.706271	42.579404	65.677517	56.745013	12.990811	71.941224	13.842941	105.674492	4.979893	25.552654	17.197067	1.672839	34.917261	2.540878	16.122237	31.261574	27.931325	6.452591	69.486012	67.076184	23.655285	128.607154	21.968853	14.052540	17.513700	58.661807	77.982389	6.143994	73.652523	29.600655	45.233479	79.997741	96.622867	64.155229	59.910118	94.543089	28.599527	6.408577	 
3.046330	21.979330	15.143432	41.271492	3.861686	1.411945	24.316250	2.174843	35.701904	6.718437	0.019884	3.951896	45.855428	11.337062	24.983569	63.862352	83.093590	18.129258	11.318429	38.502109	229.677793	10.357334	10.223706	79.815930	42.014430	140.500729	3.511033	2.015194	19.533626	26.872087	70.135863	152.628491	14.946750	7.069006	83.284677	4.982430	35.020395	30.377813	264.847326	65.300750	53.807008	26.558886	80.409039	124.711663	46.570189	99.935859	31.056125	194.547745	12.563292	14.261038	15.964363	6.558171	41.046077	15.588599	23.695177	133.959897	16.391811	313.403036	41.959296	25.988188	36.609413	15.222187	4.199307	111.900611	30.676867	 
4.777188	57.418223	20.924252	83.878635	92.706595	37.768990	14.830988	166.669185	167.250696	32.217215	20.650575	11.249493	3.123894	3.441168	17.788107	7.314622	13.844015	1.850877	14.345798	6.259955	28.834172	6.176871	9.561002	45.520969	47.831179	306.891208	98.936903	9.997961	23.735764	1.409043	112.374513	8.126149	26.918066	1.211332	0.886000	129.879836	36.852221	33.378988	29.924658	101.100972	8.694158	5.641421	6.043976	110.975473	3.239834	36.448279	51.371414	17.630106	71.664042	3.979172	25.872938	64.540800	10.951831	86.516518	18.453009	154.383853	54.072040	18.460655	9.087534	37.348988	2.438773	102.348197	122.137763	21.739138	16.972050	 
22.302438	20.071096	23.460186	15.521020	38.521588	10.532127	43.988440	3.962947	4.933911	165.862410	24.938917	5.403085	0.878157	55.962852	59.649080	11.605684	121.725884	13.350251	8.005438	21.266406	27.634293	7.449185	95.330558	36.802180	13.059685	21.013187	32.662800	14.664561	19.478257	12.936380	129.588998	60.885988	46.304461	6.442314	27.014749	30.315847	5.822125	25.774390	30.991364	2.232255	62.498874	39.553072	23.198234	29.854465	13.841394	15.305408	48.166830	13.356501	18.529257	60.547025	117.941338	0.731688	42.232743	15.246286	212.351623	23.124290	18.829390	75.412057	194.794174	64.389150	30.744234	9.200799	3.975512	56.837719	70.952199	 
36.197256	2.467629	110.603670	92.575365	26.201810	54.532161	55.594655	53.848676	7.761522	87.449713	18.804035	15.396087	23.794353	8.119245	1.306294	56.584255	7.806552	7.082656	11.002429	11.002325	6.016717	28.436494	62.677753	8.851350	3.818234	133.351737	4.888839	41.276386	3.582308	1.897075	15.177902	9.296078	20.707323	45.956833	1.414370	22.157759	38.023571	12.893849	39.575996	28.207581	8.005512	11.811195	1.801980	5.741456	42.802978	23.204494	42.260987	22.888604	1.733294	0.566525	132.865293	102.080304	10.935215	38.300020	6.226067	53.493341	15.131477	52.517274	7.803432	14.125472	56.495411	28.015268	71.925751	2.487475	69.730362	 
6.235533	2.244134	57.547325	9.977059	37.903320	54.372828	23.368119	2.486092	3.472147	10.593020	18.955216	94.797969	78.633173	23.501675	1.727932	15.484232	2.132685	122.810090	4.960650	1.993351	41.711043	23.077111	14.048386	24.100910	81.731235	9.737011	11.523579	17.169686	51.539241	9.563488	66.794973	116.048256	5.436558	26.045365	66.221317	54.179144	188.512584	4.792051	28.996882	4.333103	20.264675	28.496371	9.810017	3.841109	15.339865	84.474128	32.125005	1.541458	60.090158	46.797244	8.003224	6.953627	11.231447	119.778702	6.463175	53.290551	298.840878	5.055900	3.532003	23.904429	35.358687	43.694395	3.977486	26.782873	23.062699	 
9.342340	41.487176	15.962125	0.841166	6.152539	38.800278	7.919557	90.069019	44.884710	39.540345	21.162694	58.806949	18.922454	20.508440	77.496965	9.419989	49.880743	86.409038	0.547759	78.275946	72.250441	10.000996	13.243963	7.362540	10.607571	2.517434	54.502146	102.080948	20.891197	176.488590	71.635535	115.763205	13.016793	55.027850	44.499482	53.451537	7.587089	35.829666	8.627557	6.350031	252.100419	104.045524	7.827939	57.876073	28.730179	21.206478	54.065866	131.532904	27.626961	53.311811	77.923645	11.276849	13.208832	16.552879	17.552227	21.238372	9.310226	115.233358	47.516379	35.035285	39.648148	19.147034	125.832736	15.140195	3.346014	 
78.455948	40.130568	2.023687	16.275374	1.146799	4.311946	20.523449	2.608403	6.154852	150.562241	10.755616	55.084094	37.171493	86.521629	49.110070	26.093399	7.172444	0.871289	89.877101	7.036603	31.711492	53.626769	155.127877	18.634541	21.550675	12.795178	28.662417	158.187480	81.450616	22.350429	2.903542	1.567830	5.482226	3.168025	19.559730	1.794814	27.855587	45.600726	42.261614	83.558342	35.699615	101.371839	5.716065	33.483478	27.489913	2.789784	86.988356	113.832257	42.692492	2.931643	29.239519	128.021949	89.355270	25.457649	66.896096	6.037594	41.733324	34.471846	32.175380	90.685393	4.880434	89.238275	37.149925	163.872912	17.754042	 
136.881421	10.920546	10.721018	10.665272	35.429452	62.838229	8.996025	73.880451	27.760379	65.264461	57.054208	3.899092	110.467751	7.851440	98.390923	88.208323	17.287579	1.810502	10.581209	95.089825	29.010876	29.359296	53.403123	41.884037	14.058276	1.864554	29.204069	13.952570	120.058525	0.872646	10.954459	67.170817	1.603467	3.643784	26.963627	65.951706	9.319238	19.128999	58.680087	15.631977	121.050258	0.402473	19.787305	16.412684	11.598751	1.980189	58.181802	54.179667	31.418817	6.411619	81.685351	5.879279	24.584503	15.335571	17.353620	16.260807	7.360871	49.766988	36.821510	6.682141	16.451578	8.787924	2.786437	37.776592	84.761642	 
5.046976	3.335910	54.678306	12.418319	25.479609	78.369533	26.878630	55.885048	13.646081	92.643056	27.917613	6.942661	29.077847	3.194445	43.562717	61.737416	29.195814	26.839140	4.012847	98.526994	53.812932	9.499614	51.628313	47.131708	73.659513	1.199919	9.058948	24.401915	10.724228	41.542420	42.121511	17.510204	19.063877	70.247011	183.435000	2.913873	26.566269	98.032883	27.058712	41.275687	37.964164	3.907772	48.480802	2.510830	52.798197	40.024680	10.080031	6.539727	42.664752	26.698879	13.145158	9.357556	20.412868	24.039006	2.192253	79.890902	10.062453	60.503820	30.744224	20.029687	5.691594	10.498975	41.522931	98.389701	2.592973	 
60.475234	152.284246	45.688110	4.428442	22.433744	38.134116	33.811118	5.228138	5.123341	88.524709	47.242502	7.165916	9.759525	53.799957	18.755483	97.590520	10.251439	72.845824	40.682660	8.267963	25.305970	129.386288	30.189827	15.721172	7.236563	18.126151	55.760839	66.635618	84.953251	104.575582	28.969282	76.270591	6.480728	50.372023	13.798271	30.639647	13.881352	32.996402	109.776574	1.948370	13.269560	12.750250	7.403711	12.582316	16.417651	45.505385	81.307096	29.123591	24.283660	165.077699	36.676986	13.146527	20.210639	9.110227	32.001538	8.936969	16.515911	2.266929	24.077376	68.854086	25.206160	1.574721	3.221951	36.806225	32.729608	 
10.043529	111.083273	12.353696	47.779506	15.487750	10.332868	29.161919	49.867540	14.788287	58.425354	22.826168	2.146509	18.445771	53.388077	46.837588	61.556877	14.016939	61.966560	27.272007	11.250765	7.768304	11.571175	12.794488	76.015128	29.431702	4.913611	35.367272	108.055155	6.158848	2.125097	49.071704	1.363914	89.574291	38.679215	59.321245	4.871999	35.465645	94.106622	55.246567	115.796446	36.985996	60.963186	92.912200	7.916121	19.535514	9.071943	174.959991	71.190199	14.735043	10.475050	15.474390	6.328009	31.437661	6.928744	11.493204	1.159400	22.461657	14.949266	94.413288	20.935249	36.335754	59.861894	3.567843	22.756686	24.639352	 
80.883789	46.054041	48.031258	118.981730	20.625490	4.823995	21.134774	85.088611	31.059718	15.626522	12.069149	22.852296	13.405342	19.811611	45.687032	14.197681	139.612495	89.234161	46.704636	108.210825	36.850118	1.349819	74.643312	20.941704	17.804999	96.736455	20.607862	14.068953	20.477690	60.749552	24.980588	54.847220	37.539731	13.357285	68.573709	12.144139	8.189661	20.253427	3.058005	32.134852	61.982620	45.281558	28.418689	0.399308	28.193632	22.690630	10.706734	59.912760	14.936632	53.872290	49.095671	4.036390	85.802876	3.442407	41.159937	70.821588	20.377023	124.453073	9.171995	19.930039	52.338050	26.525613	6.265901	22.507839	32.614010	 
43.407796	12.851502	15.122024	11.561672	44.543889	102.219119	7.575464	28.108887	46.681079	3.996453	63.734510	10.563307	82.470543	40.542171	34.850764	58.525449	60.654768	20.408355	27.470856	33.623394	5.711315	55.073136	4.139964	156.951634	13.043647	55.287446	6.706235	35.450106	131.736962	10.146652	28.076076	144.717831	19.577547	2.937269	48.713585	117.787465	28.269136	90.471396	25.873327	4.343760	44.167614	8.874024	73.340157	24.101690	12.330953	4.664247	32.110457	13.554088	2.892504	124.042756	19.271678	44.727072	2.486601	55.586887	29.798962	33.370041	26.743752	17.122946	62.736393	11.723436	26.039221	180.780871	38.232925	26.168519	10.630052	 
28.558754	89.397476	83.136677	12.774802	53.486076	11.362473	54.772163	35.150792	24.148616	54.823384	103.965625	90.499202	4.952831	0.749621	41.092081	9.070690	20.505635	14.522139	12.374461	80.858720	4.729493	0.339567	31.961507	1.701931	40.333742	51.648024	33.178541	85.460291	24.587274	11.084288	35.589609	14.040920	0.314855	26.870345	41.502328	33.836497	47.305391	28.156379	1.087714	19.612380	9.209583	5.008353	40.690029	4.034200	11.758252	128.690487	8.502974	6.514020	20.416055	61.290227	35.988549	93.825913	28.694776	13.786616	141.933648	24.889971	73.783094	54.478504	21.883895	33.615489	33.622737	31.336086	8.799059	6.383627	27.741414	 
30.470523	3.333167	22.984594	40.462556	0.999340	18.091304	18.986621	10.070419	15.409429	114.312646	12.058396	8.582768	117.380549	5.403932	18.427388	20.195322	11.823501	9.839582	27.064643	65.839876	3.681461	43.430353	12.774904	25.539461	3.909826	66.319974	132.035841	84.070167	8.836534	38.874940	105.295218	16.100874	32.132697	160.254104	16.513946	5.636227	73.441959	104.702492	73.046256	3.781536	125.301925	58.345084	46.031064	24.015962	0.406768	52.496731	59.914706	5.088632	2.479261	10.273204	36.863842	1.193717	19.846196	24.962181	18.754332	54.081494	17.600871	11.705023	75.035981	8.999076	92.779831	2.238232	59.499950	228.582190	34.618314	 
41.421618	36.408620	8.294366	54.151429	42.658583	22.689217	140.160231	63.380257	35.486257	44.533160	16.149105	17.306549	29.826769	284.704290	2.812231	116.518026	46.879914	47.009549	39.321330	9.175682	50.008908	34.415330	26.964371	15.136133	13.762274	11.089392	168.762237	38.345849	2.521574	111.357250	62.140364	99.702329	39.078990	42.987796	27.246583	53.547620	9.014883	81.602930	36.638053	1.456006	18.192138	18.237893	127.517908	60.130770	53.525774	13.011358	44.739610	111.089870	19.491147	33.937443	22.934114	7.548255	17.151445	121.668323	32.910442	2.814725	18.128951	0.414336	87.058577	215.061413	31.291759	8.644637	50.375646	26.227396	55.599473	 
38.334205	2.309921	30.451365	5.423952	89.031532	18.480319	18.405825	57.552807	91.262601	36.933423	59.157754	33.280282	81.549760	99.251541	19.054721	118.491145	12.166064	35.785661	134.041993	6.398555	39.056146	34.299926	30.157417	53.123642	134.930400	58.287534	5.066925	29.428740	80.764935	35.077308	7.473321	46.082697	7.061854	6.118161	50.567572	4.763271	52.065927	0.164292	5.635368	27.643624	20.459997	19.092272	8.432095	8.949392	19.923656	72.364641	16.644457	1.123493	18.286029	104.731868	12.569158	66.405619	19.797383	68.555245	41.801418	8.249988	44.341301	16.877950	36.548180	76.971607	7.732224	82.565559	1.347202	71.949927	124.688881	 
3.921553	9.308608	156.994263	28.013794	24.819219	19.680128	59.747411	94.110945	84.327860	5.394981	104.139127	1.934450	100.794155	42.126166	41.547406	138.635561	107.187975	10.335932	2.936971	94.636626	52.891715	64.210202	26.860851	111.627415	7.330574	150.831124	0.717136	0.546619	17.064145	11.742342	12.150948	51.053862	30.082207	20.751784	167.091231	20.130443	36.611911	30.134217	20.361883	0.246367	41.104357	65.873332	5.248838	24.295359	100.364051	17.239691	9.575224	1.150070	0.213895	28.264538	8.938661	61.245826	16.969390	22.747670	33.011392	10.251744	182.083364	14.578052	59.979584	6.335402	10.138695	19.167420	38.451808	17.790554	83.974362	 
13.261883	169.571067	57.238696	35.755521	16.740692	46.442933	17.664694	80.728940	8.861348	90.009904	163.757567	52.665673	15.943788	93.138523	1.779697	11.075629	28.719775	34.626848	65.762004	45.168879	19.119754	59.891776	19.935978	24.815422	133.311374	123.819287	43.203814	39.135120	5.284242	6.621144	38.818779	17.108632	24.024525	38.652311	33.560094	12.036272	204.428636	23.923791	1.476863	101.806482	53.063559	179.064949	18.675696	20.786289	137.990964	41.289917	4.181513	17.755577	46.507124	8.025401	10.330074	10.864514	55.294511	55.489835	10.381087	8.097702	104.771396	16.894304	92.202056	6.982800	80.012433	60.086608	19.401657	25.450570	45.190658	 
16.186935	35.522608	84.580668	19.624664	15.284646	0.669026	142.304636	14.347201	6.500220	25.507034	25.020326	58.574360	89.194967	7.984875	96.094956	23.671343	33.291332	38.727241	15.130417	8.781851	9.978025	29.515175	51.175694	74.585233	5.401479	1.298115	0.181732	9.411668	57.170597	1.610045	26.780809	25.467450	0.684762	96.385491	1.360567	5.398653	8.821193	64.570654	4.110656	10.497017	88.589030	80.870162	12.155028	12.149237	24.617927	102.551780	23.285002	26.408548	5.602835	35.614585	4.027171	15.001868	46.467240	2.151467	66.101950	61.929243	6.486557	98.563336	22.318123	73.672595	98.297764	7.509330	70.818028	42.936947	62.092308	 
60.191833	16.227696	170.310326	1.385007	12.641633	1.327345	73.752162	117.219697	27.964306	11.448942	15.531976	5.336037	4.568627	1.540736	61.371073	4.625164	8.928129	58.281127	5.504042	21.774885	110.462527	51.408323	12.099137	15.785947	80.980419	43.288510	10.467504	42.288004	11.167636	26.286482	11.170427	27.583291	9.745018	4.304253	46.000047	49.240234	47.799041	49.637468	68.884985	10.880823	17.060808	85.916383	14.048559	105.635618	30.917760	33.311165	6.136077	0.752880	37.455290	47.158303	128.607293	26.147026	14.083561	71.731648	6.107358	87.574891	87.566950	12.062657	6.399055	38.596152	145.330545	48.701977	5.383264	48.086690	11.132454	 
60.496182	68.484943	51.180116	34.471255	147.161247	2.988920	9.058081	13.149616	79.519459	158.420548	4.985658	59.648918	39.814614	27.663101	208.942513	80.088558	6.982604	125.281473	91.323734	48.952959	4.920678	154.091969	65.284120	52.780625	57.596700	51.781947	28.590289	34.231430	14.698560	90.440312	7.031805	0.000571	2.881349	29.081733	64.246281	29.059017	109.161819	29.608465	33.051237	57.118409	6.939371	148.647125	6.775823	11.981724	6.164245	8.779508	18.475702	0.876529	9.066589	14.188097	36.194728	69.872636	11.965139	141.756385	31.910485	17.750951	8.265505	4.515790	58.004291	11.697886	11.567345	49.737089	24.684756	0.314027	78.084856	 
4.460223	9.063162	54.088169	210.278244	28.423466	22.631326	13.424125	101.315971	14.209182	34.872318	5.173741	10.109831	13.589637	16.117152	85.764249	21.496389	24.520931	89.523169	33.618927	65.353033	40.890504	136.404690	85.715857	1.787442	26.700458	53.152724	82.327958	222.878792	18.034276	15.225787	94.284779	64.096634	15.132923	64.116750	42.307819	26.864802	15.894946	6.601707	39.073763	9.034809	3.783797	69.092694	21.850105	23.223155	3.562243	7.709702	32.262275	59.111670	19.701635	7.611618	46.471973	150.376840	90.533108	59.051078	104.379272	35.596172	19.672639	81.172119	25.311598	22.300599	11.843756	71.411028	21.877699	25.535137	10.993767	 
18.796531	7.416142	2.042859	8.450820	54.298996	26.413014	22.723844	98.615486	17.321789	12.149495	37.143404	31.097433	26.807417	31.433347	96.803378	7.070140	34.598658	4.859321	44.231064	82.934119	127.559267	13.322405	2.400990	20.048341	46.614465	71.267583	221.257487	89.281063	43.255105	10.839523	2.118516	61.541503	41.205756	7.181523	11.950757	53.833894	9.429866	7.571266	18.004236	34.637273	21.872027	30.307636	45.279644	151.528048	114.455814	25.550449	18.361652	58.586233	14.521235	4.423086	13.944475	56.472770	46.849094	79.064655	101.092780	49.540743	58.277487	123.745546	47.054397	23.193539	31.737783	12.649920	9.445298	12.344999	120.640280	 
19.083889	105.011762	67.653988	25.734379	61.819826	54.931178	99.148084	45.084735	53.875951	37.833899	5.807532	2.302754	2.469100	1.997762	33.459608	7.785804	29.246110	56.236776	51.671559	17.874914	24.764229	45.054781	48.305386	7.889475	10.161381	36.765995	20.810086	33.554284	17.128809	21.507031	30.494738	47.471474	7.237496	59.708424	1.403328	71.165859	79.732758	34.730117	20.513796	3.265481	74.792534	8.515114	44.629027	65.225980	137.671043	86.416667	13.974180	9.120265	15.655793	26.420593	34.274047	24.248025	82.639330	4.972718	31.333184	19.468432	21.356025	31.040172	29.061568	41.045917	114.790224	9.830152	16.888055	106.657844	30.789860	 
68.900975	44.436504	26.630214	15.793391	15.918510	9.675456	12.117890	12.824648	17.006261	7.444157	4.552403	78.407310	95.344188	29.939485	38.341324	109.946667	77.587092	1.361237	30.657874	29.467464	52.679292	2.528209	33.423024	9.525951	22.918334	21.032695	7.029971	24.943830	38.710908	30.052870	17.522672	49.892365	35.843302	11.159908	34.125735	9.955948	8.932243	18.731344	15.175178	91.970601	27.094110	17.166157	68.955569	57.637221	8.266062	122.251302	6.777352	32.145731	17.462031	10.140126	20.689490	33.022853	68.098063	20.061014	107.031613	5.463185	8.287508	16.583721	10.785601	49.509675	79.537523	25.515915	88.373460	41.810694	8.540644	 
49.252277	3.340036	67.422588	80.027158	50.513900	23.789991	53.150428	8.878205	43.285539	12.289144	12.578949	80.837626	3.809160	20.788231	5.440392	7.288931	35.081744	105.615737	12.648856	75.262901	59.630823	165.465953	14.584544	15.190927	29.389702	10.596658	95.706466	3.681046	47.887459	12.184091	24.721052	2.753728	11.538664	114.453126	21.045699	1.024039	2.062731	50.395574	121.368418	32.104657	72.344900	81.138408	12.078957	30.932385	79.876895	35.906115	20.568053	18.390966	26.522890	62.447498	14.839727	22.103477	126.571604	5.637042	29.030088	38.642960	209.932709	65.055088	48.979322	23.412206	104.203113	18.456903	11.970888	114.917437	34.041445	 
1.411580	52.663554	6.973411	15.583321	1.928737	50.241919	3.371794	19.883317	83.423507	5.729293	1.927828	71.488065	59.407765	17.139769	49.901188	48.263486	33.921509	16.598164	14.908342	44.119953	9.528137	17.120706	71.240319	56.692860	21.477227	34.304135	11.665054	114.872688	48.124841	31.058835	13.972567	50.870252	29.240252	3.570287	36.661702	129.451194	23.945266	1.138230	24.213425	5.668638	16.047105	19.205866	10.985269	28.014953	13.079091	8.144038	17.539574	28.673822	24.158404	46.147868	26.961357	42.703254	289.164213	41.673435	79.673819	84.745029	9.928072	7.220758	10.099369	51.001496	90.098534	30.284765	81.487164	11.039462	0.896332	 
7.325481	108.987868	61.399901	75.450154	160.747604	1.219155	58.089955	63.979650	106.023038	36.487988	3.496184	28.537624	10.075164	111.789753	91.039675	23.161732	123.290895	32.762737	7.765756	113.832437	26.699948	57.952050	1.051500	26.529624	14.531130	3.363734	74.340230	67.021677	51.491652	29.251037	8.148771	140.923316	7.296577	14.840918	57.059563	51.278640	21.636330	41.071029	1.037880	46.008633	33.921596	45.213147	6.688430	5.986413	140.078828	61.623607	20.135573	16.506264	88.854532	3.896386	37.276494	1.801583	8.057183	17.904499	11.944005	18.161620	114.150886	17.706245	9.988854	36.057946	14.988249	83.909857	138.957051	76.321316	75.230771	 
74.484039	62.482084	23.629893	27.014178	15.672208	13.320368	8.851809	12.659538	33.109152	8.306643	13.700098	21.455025	27.428573	64.090677	119.887130	23.309279	47.681824	32.671420	19.537505	6.011151	24.327671	23.758783	38.928100	14.919605	165.292427	43.875135	65.354760	3.731834	7.900704	65.625214	17.516470	23.194527	25.548917	9.228245	22.952029	22.257937	33.079503	153.227674	130.371411	6.551571	67.386276	23.801709	5.675102	19.401723	110.179802	1.340420	62.340670	62.380313	122.760567	35.101239	52.977576	33.698547	82.501954	10.477127	35.264515	135.891466	59.198426	142.011682	58.261524	25.089228	1.291819	49.335262	99.939705	21.951055	0.926020	 
7.158390	26.981712	71.482661	1.684165	23.429622	10.170596	23.751661	13.163281	10.130942	8.646059	35.954586	25.134104	50.337746	51.478494	32.146444	15.750463	9.839623	6.391795	31.040293	53.444755	16.332908	2.974632	27.556642	13.501823	24.350368	2.946500	21.634548	9.420404	14.422345	112.526975	25.594564	7.767119	50.026472	40.800458	6.317538	48.120075	5.511726	58.943396	75.165231	10.002156	2.412505	38.443941	53.638032	10.419261	49.510250	251.851474	6.408197	3.932689	4.683461	19.531301	34.482003	0.613813	1.216493	66.142957	27.038090	32.405064	0.541268	8.288543	62.576849	3.987764	197.444608	63.627762	8.438968	126.927714	46.816725	 
10.963014	9.792810	110.490879	14.495325	10.596566	36.752730	7.537695	12.474056	47.916669	59.435579	42.863671	2.173444	125.171573	73.699455	23.490848	1.699301	70.258645	60.451720	30.710277	53.769371	81.913910	6.573429	65.555660	50.037376	98.272663	23.940184	0.614622	59.361220	26.130027	44.820825	129.155636	38.097237	16.579334	2.156777	109.868157	7.246916	79.505213	35.233672	6.711515	20.904882	88.930959	1.230520	80.557398	30.814910	5.363754	36.019738	35.537665	1.864449	13.697775	20.108667	18.171681	94.549612	123.207013	184.377718	25.172113	7.769198	19.828386	9.942647	11.492538	9.953299	1.775226	17.495143	1.208153	55.434735	171.038736	 
19.584441	4.459873	35.199198	7.776136	89.857439	14.158579	3.914305	119.879607	1.835561	4.333723	24.798646	3.226012	47.074882	86.740002	4.137411	6.409731	47.836623	27.958106	44.473834	23.201477	9.759706	43.619182	37.597860	33.427203	2.213642	17.882179	9.053293	136.165390	34.818917	15.709135	26.653507	6.729113	11.093004	160.236435	9.772020	12.957493	69.304888	148.109145	45.416466	40.955778	65.332377	15.940813	34.815444	39.263941	42.386235	19.697835	52.107401	14.799188	81.863621	52.925670	38.592363	11.314856	1.195910	51.900796	17.194347	44.288755	3.167584	5.326093	37.099026	7.892039	4.462148	117.029893	46.007985	6.331188	41.865159	 
21.804046	60.915815	20.173345	90.558383	5.213806	26.368980	8.223720	31.050598	8.828507	51.145677	1.457389	6.666630	108.140836	93.090929	143.995947	0.669243	30.564564	8.886025	30.689505	168.162992	63.803768	3.014795	24.019816	29.585083	14.059493	30.442178	105.557120	8.914804	7.626676	34.297681	48.148471	3.004767	8.581667	105.977587	14.431251	41.849195	118.310384	76.422172	23.588676	75.007863	30.496525	185.261931	85.270762	12.718986	69.773639	25.374963	78.493107	27.441793	15.951679	81.647601	14.341156	9.482314	124.619089	49.368110	26.731599	19.620928	18.081730	146.473588	63.579633	78.757819	0.854277	92.679407	2.620705	27.325197	9.903689	 
47.638223	6.757906	6.670304	30.618791	47.930852	60.647624	31.165185	103.269363	50.007871	38.876128	121.309495	119.363115	20.122845	254.463216	69.921167	25.087439	38.352416	22.375797	28.210255	33.727018	35.349851	2.562270	127.618287	23.452302	3.938047	43.743932	8.167548	34.744554	31.957557	12.256266	3.188120	39.501085	29.711173	69.458758	14.333491	104.313341	62.406322	76.175525	46.037726	1.754083	17.144396	55.089032	28.079610	162.671728	6.293721	8.941866	13.865190	47.727630	27.773279	68.007051	55.825526	12.231023	39.377910	73.838780	17.861441	96.282172	131.672881	11.622691	92.868321	12.898019	22.257468	2.538259	0.615073	1.084739	20.737198	 
7.908457	55.569134	6.568200	29.796727	6.926410	89.835251	36.254044	14.087077	113.933109	63.483153	23.436623	1.437013	6.759782	35.951986	46.674190	75.066865	11.635651	103.036220	24.747075	49.598954	41.899821	37.173382	2.862399	28.838656	95.350554	5.171364	45.724553	5.715974	141.213619	115.059784	27.584886	13.529274	21.153967	5.661408	90.256903	28.167739	4.416321	34.005096	4.315624	24.709015	19.515254	143.045039	43.019419	23.106191	13.720592	4.113711	87.076728	18.942256	15.646464	14.299517	2.310842	23.597801	60.834570	78.086745	55.010340	88.046191	31.241844	21.226693	40.071830	6.483570	44.889693	56.148376	85.771394	14.146125	0.337781	 
27.585414	22.224166	25.844939	18.994181	36.280137	16.451311	44.941480	24.223603	9.462753	21.218028	81.957071	7.031475	8.420148	9.625905	62.578454	46.518498	14.955094	73.505179	1.735653	13.604929	4.478095	0.717336	53.949350	10.425555	28.399109	12.571489	123.352985	16.666320	69.852125	37.482575	30.466363	30.609173	6.969855	66.341776	56.923731	128.270256	7.026451	27.898624	97.191258	8.995528	1.296979	38.255128	30.349282	30.879432	66.645120	37.691675	0.584305	54.868660	22.871624	1.009064	34.749936	41.413185	25.910660	14.169990	8.682385	17.019802	67.510185	177.489449	33.680278	57.423534	48.932788	81.592304	28.922734	28.083358	38.329718	 
54.618483	1.409593	149.091712	11.389861	19.091794	124.199184	67.276635	38.164595	95.641278	27.742965	132.961756	23.069320	75.477969	27.136317	174.302594	3.045024	14.859917	43.342764	54.395908	75.156701	6.657478	39.564874	14.075235	59.997450	8.469092	4.084286	1.669235	32.009846	85.194981	19.962174	78.859149	66.017419	2.933840	12.344130	36.521929	24.956041	5.179923	126.223872	4.718441	14.462348	158.889402	10.223705	68.615244	39.453193	15.988416	60.308822	12.487697	0.933208	28.238857	21.846185	109.228129	4.253282	3.522044	13.257172	7.061434	47.481503	49.925731	27.178760	19.747308	71.180284	29.929011	24.039357	30.568403	88.869568	3.636512	 
121.371586	67.077533	21.468246	36.130345	3.630850	18.177993	88.160586	92.286502	71.314120	32.861410	53.933688	43.630287	42.623956	41.198301	54.235062	28.739508	90.753663	17.899977	1.197786	22.934925	10.010636	19.827971	67.379800	8.894261	22.625854	45.853445	37.737793	60.006269	7.999347	20.087335	22.712501	36.625938	31.036383	101.853385	91.864850	30.086056	89.370442	61.540423	34.988541	0.815956	14.040100	2.726563	215.936132	36.340501	44.755383	17.315375	9.178418	15.585259	1.470225	1.788247	52.745301	6.129676	8.376142	86.159487	39.395128	26.007264	49.400407	7.375796	85.141856	157.236953	15.364088	49.697566	49.137736	121.829744	45.135429	 
35.406247	26.202366	11.235595	15.200165	48.779579	112.075836	28.004248	67.739579	21.430142	12.112635	5.245085	5.020725	84.792967	3.846616	49.145580	34.952061	69.604495	57.777613	48.271526	25.015433	32.918911	31.663439	9.730690	24.132864	16.821366	2.811283	27.862445	45.269036	7.516924	14.084889	13.667905	106.957587	5.317513	3.628930	15.285635	20.994051	13.359126	87.256032	29.970904	32.379312	8.359730	100.624548	108.153889	13.553437	49.730603	27.168407	204.967590	12.941575	3.112303	1.529275	35.152086	31.248788	10.789247	16.110150	79.325039	12.234251	83.849229	91.400000	22.421972	25.531025	11.982813	44.939564	128.001440	18.060750	32.639922	 
19.657418	105.548251	74.939420	68.498793	1.244150	2.880677	1.567585	11.431286	6.900599	14.914258	18.170015	13.949592	47.932545	8.761729	15.884496	51.245367	5.841232	21.913560	30.302292	55.363221	23.914139	42.815817	178.131228	12.891088	6.168926	29.739796	22.088184	70.684886	21.431884	4.843745	5.171852	29.001374	9.162017	25.026900	7.463157	5.669060	17.186610	37.128922	7.379575	13.816107	42.421882	5.482940	6.124361	17.381780	189.759408	11.036575	1.510629	0.488634	16.553275	3.520429	0.801461	53.357810	5.406028	49.751094	24.007483	39.239715	33.836415	27.611890	54.158440	1.566937	61.769445	10.274669	55.318772	34.077706	78.132448	 
4.350891	98.819299	219.384284	31.444140	111.442361	2.089624	8.124418	32.483228	60.293053	78.747090	59.512317	36.739320	11.769705	8.260116	131.364725	39.057311	8.206964	6.373010	71.077040	23.168738	15.048802	24.174169	136.313551	23.671877	23.579233	5.816598	13.753540	111.256222	12.434576	12.364431	25.330911	4.218149	1.334883	183.191934	62.362808	47.331476	5.663562	109.198557	26.180587	5.392766	10.331187	27.277424	56.671223	24.163837	9.384438	6.820507	19.412611	26.453351	30.430060	25.801989	38.139071	0.548531	80.013751	0.796588	73.142572	11.732568	11.228514	0.976548	40.636451	44.632131	67.859532	41.106559	12.740219	5.572720	23.064207	 
61.094098	44.413333	18.738688	15.442998	30.376243	27.810965	31.490503	23.014144	43.905363	13.001174	30.037595	17.160021	18.982534	0.467627	2.539023	28.268831	2.708388	14.731502	158.330904	19.911243	76.995693	29.256205	24.627220	4.499774	2.879426	45.971759	57.433318	0.420810	67.027426	40.107335	92.096210	17.497511	4.512742	37.615411	12.473648	11.556684	18.451028	20.818961	23.085268	31.888429	3.831638	1.827059	23.356928	44.477219	327.325741	4.206374	155.523507	69.684677	25.719910	13.897533	90.225977	27.367793	2.838072	58.843651	71.873706	0.987717	35.070818	4.814025	37.213492	57.586551	22.947694	13.237244	18.332480	15.052701	45.563470	 
20.578476	5.971552	36.118664	2.587230	53.337994	13.015584	59.199326	1.436524	69.926352	42.919919	59.861192	26.873832	5.377541	28.913900	30.465012	12.137445	16.419646	75.674024	69.942690	54.470144	18.934789	9.162187	17.579201	56.924594	6.645027	19.546723	11.835437	21.003425	26.456842	15.876674	9.630583	24.117186	19.430237	4.140673	7.828577	1.026801	5.802770	55.631648	29.481020	36.371458	24.551588	38.086125	188.923160	129.606006	14.982209	51.492064	24.004808	39.585878	34.214114	70.315254	54.433881	73.694276	34.947050	6.676275	22.899117	1.626942	24.116674	110.599488	5.097261	8.212820	19.763081	12.080221	11.848604	19.449540	55.824773	 
50.138911	57.962147	35.668735	15.093745	58.467567	0.627271	205.575238	41.690206	26.230525	50.159473	5.175294	53.094848	41.111415	12.065413	10.337317	0.609232	18.007334	19.023329	1.129551	0.802209	24.159774	25.466709	2.623153	10.113537	4.795023	2.012912	260.890477	2.899478	108.168316	43.754939	11.453299	0.859470	35.611230	66.533278	54.760439	21.831968	75.142788	10.478301	28.043496	2.327736	3.541902	69.317246	37.144570	20.009884	52.552511	14.119532	16.175474	118.579679	9.845034	49.363572	30.749540	44.966589	65.099576	49.971895	53.389836	11.917905	19.799058	10.724003	89.166109	75.835755	32.313001	23.114716	0.922129	52.349934	30.820070	 
24.296116	5.158526	74.372950	5.626546	42.191866	22.276989	33.145377	99.465809	15.564596	17.764083	26.953341	19.625645	139.817426	50.637451	29.835730	67.965475	19.554067	22.615582	16.116672	24.846362	51.344110	11.793764	70.664476	5.876145	16.268303	106.974875	72.099831	1.119608	22.199291	11.990188	73.893812	34.889433	29.738930	96.453836	19.162079	32.921886	22.720520	2.726455	65.407913	10.017389	3.009756	24.719428	85.638192	25.005192	6.297738	8.894103	58.070551	117.194663	30.967019	36.374353	24.234649	18.173119	42.730631	10.720762	1.148088	9.338900	106.000091	7.978784	98.404824	12.078622	32.325014	63.409328	63.094566	69.845136	140.434451	 
14.387386	97.141036	13.227672	0.477017	10.648406	5.830726	4.374421	34.141448	25.398642	1.338913	74.643881	17.002846	10.221624	47.917810	87.445851	46.970088	48.515411	50.993855	20.288288	20.199321	47.105122	33.090906	20.264429	63.395319	17.200027	24.170083	18.786084	4.272446	65.799349	40.821119	14.890806	50.150828	4.937530	57.133111	6.696861	88.352030	42.816030	7.884481	40.474213	23.588430	0.732961	26.654844	9.920112	39.557776	15.689445	42.657324	16.684056	4.610876	22.820465	31.539509	58.688808	23.695961	2.827112	147.320750	26.207435	10.365168	25.017063	9.102815	43.160879	13.366203	16.512748	18.894280	4.093020	17.780681	60.385099	 
86.432922	16.979457	5.044914	49.789765	85.787353	50.235048	14.188110	52.724597	131.806703	68.782703	28.215004	26.148240	5.678657	10.655530	85.208037	28.569449	48.061336	8.317753	36.636209	16.219708	39.956856	51.216168	69.313992	59.597003	22.080859	53.507090	9.959644	64.460612	43.036307	113.976692	2.955900	13.697665	18.948861	52.307996	8.822568	52.936612	53.043572	13.948816	50.081291	43.482745	2.178092	44.659265	4.581056	131.176163	27.261362	41.390326	39.577097	30.439755	20.256086	102.163010	2.685468	56.017385	11.050510	5.727611	55.930152	11.575761	76.935599	7.336696	5.668272	9.507057	12.647292	3.807612	26.585555	35.189328	53.235537	 
22.071469	22.674345	89.780918	59.929198	110.250377	44.279912	50.949300	0.763261	7.190859	57.592612	16.747253	9.375514	23.495150	76.167386	112.490130	25.388510	4.845184	25.884459	45.975101	120.535377	20.896740	13.924989	15.225128	11.244689	24.778402	54.424411	52.960699	43.982747	72.126066	28.945299	17.648523	38.677796	21.320588	40.578894	81.633099	59.749779	1.152768	30.160366	5.045959	26.017141	42.832392	5.561895	87.824455	31.598878	37.283737	132.782725	3.610117	43.380718	63.188287	55.087652	78.606168	62.283254	4.386417	41.915466	70.369785	1.501167	100.193837	11.252944	2.767271	21.021154	43.424329	15.700243	45.297470	27.791129	53.815660	 
59.414532	39.851782	6.132368	75.600505	83.011314	15.587980	13.537681	88.559928	105.921614	17.730094	18.762542	100.510458	18.348679	30.469355	100.236940	9.270908	84.403922	12.716595	1.173464	31.087189	12.987160	4.478867	19.447377	18.295876	3.164873	20.822987	14.323737	31.471557	1.602337	22.466776	125.392061	8.602411	100.885828	41.120053	15.652845	68.436732	17.397116	0.822893	36.125379	25.017981	59.447287	11.199878	8.431157	13.718372	32.746067	97.338571	34.420006	2.209847	22.134398	59.520407	16.752132	124.860207	76.288937	2.579115	73.141995	94.831692	11.302429	5.161875	24.147433	1.539086	12.679058	24.074450	15.885017	31.040669	8.003411	 
12.850033	0.981265	48.937887	1.652588	42.435454	69.485030	24.211567	4.735784	96.380180	0.789250	1.380758	29.370114	10.213602	26.178942	57.686994	50.827062	65.589455	17.525240	65.906694	59.756565	36.388647	31.174144	23.401877	41.118431	30.485021	31.110469	63.965058	26.613216	34.272773	9.795322	2.555395	186.504643	0.386404	121.452011	199.741432	17.756346	95.826356	5.533489	4.910858	23.897431	80.356193	37.271236	61.871928	22.868876	23.248455	16.242060	73.219200	13.293913	74.187681	110.269382	24.852837	183.035273	15.234869	19.122003	161.318280	59.828858	16.387960	124.959206	6.788247	87.476750	9.368041	43.279507	3.518250	62.452942	86.635831	 
26.103661	23.161388	12.363358	55.906564	17.113020	44.103261	54.768742	49.797020	56.890484	14.542229	27.357574	32.174588	1.135532	101.907685	112.510049	67.825885	48.696669	11.836078	95.918433	15.817500	120.969402	67.849055	3.640994	75.262376	84.363431	0.388036	46.233478	18.630019	37.868138	167.606300	5.705433	56.535461	66.549834	30.719482	55.356814	55.399395	42.363776	81.832005	12.196399	73.675318	48.283665	9.306808	14.099286	2.698505	15.933672	75.767719	19.283323	9.906522	7.352473	47.378208	28.004417	16.228372	10.673443	10.020514	84.025394	119.526351	72.068080	4.073507	14.530257	36.460723	3.360539	2.446427	1.012925	23.918776	17.746615	 
4.183203	2.958883	7.120182	228.274826	60.637333	73.943178	237.312332	99.361598	46.692347	153.583639	49.624959	5.923645	85.057867	89.395277	42.328453	11.039635	33.826209	138.911324	34.191927	114.202428	44.282163	10.399532	14.162532	3.078828	27.924254	4.366979	18.609989	3.827758	31.131050	15.707590	147.082731	51.912732	52.355432	15.257524	20.556856	7.608873	26.983678	48.623120	87.789439	28.883831	19.746002	72.988474	1.741289	58.379933	35.801303	77.052036	16.326648	20.548910	32.823385	38.692667	6.661659	3.062953	2.573345	34.135746	1.759151	81.118174	94.124148	23.678765	6.613537	87.301788	23.718156	56.030229	10.277448	39.088364	10.225551	 
14.087282	10.980830	1.942781	25.886112	2.572924	97.243224	13.887789	43.823795	85.533971	17.181678	13.194461	2.522520	27.904250	56.148567	32.674869	5.251761	58.025353	8.733605	101.796962	43.293242	31.973966	4.022623	1.730624	71.496858	60.545311	95.058862	54.177660	65.623461	17.521193	18.849367	125.807917	37.929657	80.895454	6.169697	53.005408	20.507937	10.293344	54.646952	17.537225	11.666994	109.363864	16.923281	39.881787	8.038023	72.298551	25.411993	55.109611	27.410867	70.949746	61.379613	136.736118	145.150322	17.752906	17.998591	34.326155	0.427838	7.019762	1.407542	42.520425	11.486446	48.532303	9.788496	1.625271	9.190751	21.561672	 
61.401918	8.854360	21.891249	21.085911	58.457542	46.121915	17.080881	34.262111	16.546543	28.862942	66.273096	81.991337	18.665642	117.350491	24.450310	1.241151	26.020187	39.849042	97.395222	53.638144	1.675394	70.656203	32.537291	17.424538	15.855611	22.057139	22.787125	2.320655	47.721992	5.657268	94.899945	11.831210	9.459610	34.672415	25.450731	12.198907	35.941960	17.842439	7.700139	22.731272	34.082153	23.452863	3.719232	36.344921	53.012912	126.546792	28.711327	26.266437	2.137917	28.188677	25.682576	33.985102	198.836710	15.826027	50.701260	27.922569	94.469083	43.979033	22.866689	44.342973	1.971519	5.435219	26.078251	29.416715	0.518190	