64
0.000000	115.188342	93.566146	7.996183	21.178301	1.247785	14.912903	81.416866	20.768435	45.707640	109.945492	30.196813	9.489519	29.791869	62.493178	3.500265	8.954452	111.511900	19.727092	5.202024	59.140972	10.135077	2.362204	2.852172	11.688668	17.070264	10.197013	15.178587	191.406575	33.416705	134.083141	11.984367	1.170694	78.627240	84.179140	27.908683	51.530763	27.040714	107.600538	13.914101	9.482589	6.529494	5.305005	102.403901	5.727482	14.241234	11.349172	4.687307	24.307419	30.757420	15.854369	100.048116	10.665678	71.669625	20.594498	38.145911	28.744191	74.083559	10.651634	8.912165	69.897796	30.173416	4.181176	19.225658	10.863637	 
13.123611	0.647447	23.956832	37.171532	71.483716	8.495812	47.242996	152.608798	27.167970	60.093855	123.023186	69.210857	13.532018	32.317803	66.789135	25.103893	178.387226	8.638137	78.649798	4.638577	24.564102	58.123994	9.497893	19.588432	4.812098	20.942994	221.757996	12.560735	6.856195	33.260859	348.820683	5.403118	75.970327	54.504236	0.934006	27.250048	12.216754	63.751745	9.519369	2.113987	18.603122	56.767545	14.461297	6.705951	45.155561	32.701707	39.545424	54.708562	135.640200	3.607281	7.343027	92.977359	13.223048	88.512369	2.583167	23.108344	16.085299	4.515413	53.060528	26.520645	46.660820	156.216630	15.483664	12.578428	5.730517	 
17.812027	4.553139	1.715211	40.608173	6.522227	16.807179	2.720242	2.084815	257.002778	38.933744	36.064192	88.011409	45.328009	56.555937	1.814272	27.006231	21.185068	72.797356	68.682440	5.997964	69.457810	4.342465	38.524495	39.972312	17.578940	45.316885	18.145478	2.144326	32.979541	59.301092	22.452313	95.092562	14.302939	26.977752	75.611519	77.258854	56.569217	4.338341	47.932128	75.934139	36.814620	19.230115	16.730966	48.223638	2.261489	259.306350	12.810149	70.900621	18.004070	17.685850	64.568666	66.619502	19.797119	27.751098	16.927034	19.478764	26.370746	91.825146	152.987543	4.910859	42.034767	14.485476	33.222883	10.626942	47.294117	 
41.588346	44.588050	75.504734	11.831500	67.135392	22.102044	7.910519	20.399402	83.982610	28.226966	13.247499	5.790774	9.848714	37.659913	40.021115	136.269976	20.393665	48.009479	16.007185	18.582442	5.752768	21.238426	16.700826	37.709378	43.657879	24.636137	55.281643	23.134215	24.298805	4.723170	15.256297	45.866210	3.926558	51.691709	10.690575	39.066976	35.731674	21.086211	36.185213	32.238506	32.195027	24.131322	124.063572	76.658921	8.981191	27.141298	114.892329	72.182938	22.684729	48.284696	106.961369	108.986627	3.454044	39.688053	18.524599	105.753912	65.420295	82.143837	26.321119	57.542299	7.216755	121.808579	46.646756	17.300817	14.612543	 
6.543931	141.668373	165.347267	2.960339	13.065457	1.435843	16.265046	86.237448	31.550932	2.878199	1.315996	4.555198	13.558346	91.838677	78.119662	9.880710	55.135620	61.404357	106.854548	22.535992	13.643097	0.923559	57.579783	89.483612	17.814388	32.704867	31.815287	12.111982	129.067114	7.489388	30.588268	5.947244	44.829850	8.467505	49.383274	41.730480	45.356068	56.626976	6.682652	49.505573	93.668157	74.682115	5.585984	26.696708	15.615730	1.067106	13.319309	28.706946	45.352198	13.868906	15.111151	22.739698	1.375136	42.159328	4.092729	44.817956	18.538766	2.186110	35.290715	10.412889	30.575841	38.951439	34.133135	77.494196	20.040210	 
97.444628	4.447760	13.616165	35.246292	67.543417	5.198751	82.470591	4.799930	20.504990	12.963216	59.830550	24.217937	28.077880	48.786548	3.971273	36.461249	9.405822	7.916735	44.208994	14.219434	29.879967	15.986441	92.741853	2.048487	53.872488	21.747206	6.280751	39.376924	1.095582	81.083205	34.161400	31.978202	14.606104	5.391643	13.539665	42.893074	35.632622	26.360138	29.704786	135.392605	42.934185	18.547765	21.019840	27.152793	107.627828	67.818555	101.190614	33.393058	35.229936	55.512409	9.316577	115.985819	0.565624	47.456306	29.749170	52.950081	97.973148	124.249632	91.667839	12.472650	32.100589	25.198226	59.227017	36.038536	20.127898	 
80.291911	2.770605	17.861676	36.655696	18.434687	114.810827	2.957108	152.206052	46.999672	12.366752	71.200517	29.447286	2.102552	29.680153	52.882452	20.291616	147.194988	8.979802	31.947155	65.183878	4.530514	120.558801	44.108294	16.482471	78.394664	46.720807	1.296821	14.145629	11.287214	117.999383	10.783521	43.318737	4.845706	10.688231	4.904038	15.443960	37.376089	111.009149	26.179257	112.464420	3.256617	24.183866	1.604321	10.610525	23.213613	3.639829	20.281562	15.171961	21.442797	31.329915	9.246081	39.511482	16.611623	44.431810	10.154599	40.192921	6.701184	236.671800	0.869003	0.482284	39.773358	0.715663	90.919234	193.854109	0.985377	 
26.103402	4.434535	53.215748	28.138391	16.959307	4.017361	6.737034	41.243082	85.492913	39.840577	11.065178	39.627175	18.378162	32.810697	15.223817	1.642402	33.654923	11.642044	50.327878	29.714048	25.876833	5.858017	2.991990	6.409314	4.643266	8.733160	45.022077	33.012603	6.438757	28.193114	16.154997	14.427649	89.867846	28.697824	5.666651	13.256634	6.900720	1.240273	21.835121	101.917390	1.468278	33.981345	15.490003	35.849412	36.105945	103.312392	34.820005	32.388557	3.731157	5.509699	80.819627	9.942772	83.359449	22.081460	4.152615	168.877672	72.460763	97.288889	51.002854	25.501794	24.160448	132.716897	60.437286	61.633082	50.438732	 
18.083425	50.808505	8.856035	14.440238	17.704406	45.813364	25.211984	59.260617	0.501639	10.320736	44.192642	23.517672	3.935586	0.658171	33.933379	2.973803	30.292582	137.485029	0.691214	15.026216	135.185674	21.543755	41.719678	12.351170	16.051647	50.836120	119.606484	60.805350	31.422009	48.202596	88.497896	102.018937	9.420932	7.026709	8.859637	51.326158	5.859611	79.901962	36.779560	67.643002	143.179822	45.145260	4.623318	21.911475	10.837355	13.392641	10.596434	108.103764	87.395141	42.324959	2.860721	20.312290	35.985223	3.801589	7.475559	35.367723	1.749001	13.849713	1.313264	43.295047	95.258726	105.599147	4.570896	6.363757	74.526889	 
60.245087	31.250831	53.886938	25.129952	42.232921	72.676335	26.430084	5.460799	7.186279	5.501447	38.311209	138.234919	6.912076	5.983542	42.345342	51.240802	20.967535	29.146265	153.554931	30.830537	86.398797	14.917740	69.766987	3.216922	0.473205	22.752506	123.952298	2.717399	59.944206	5.739576	63.044576	9.337486	24.957926	9.698598	2.845783	40.976050	53.303473	8.767677	9.651622	5.451674	45.800888	51.889916	110.137839	2.018057	25.343140	3.193155	25.438384	4.892660	73.551257	9.909455	17.992653	38.674096	35.891699	85.878327	22.657457	11.203368	249.934995	33.401760	77.811905	35.347885	21.588413	43.188795	8.060247	2.612954	30.246145	 
18.565193	8.679954	8.263936	22.128185	164.114698	2.263728	49.952252	9.511056	76.592818	1.942185	2.466775	36.273009	13.688439	7.908450	38.166888	62.994646	9.976488	8.569861	97.052728	2.516160	4.316910	9.101068	61.685561	65.343097	1.933994	24.937666	9.018157	38.353703	8.126090	91.028179	24.061031	25.050595	17.526066	5.090987	34.976711	8.244753	24.300454	96.346762	0.345678	19.707233	17.201104	22.828401	32.531630	4.439561	51.854492	71.598410	132.041921	72.003478	4.316090	94.606399	27.491079	111.114722	11.749488	13.794647	57.459983	37.687891	53.958037	18.967168	8.149083	0.738945	18.238566	4.059767	9.841789	7.371261	2.278487	 
79.734492	9.390919	9.055961	143.009306	38.218881	49.570747	13.927242	5.481800	28.868324	68.941542	24.535288	0.859196	38.484980	5.783247	9.592402	21.501623	64.531214	15.901260	0.214946	13.739760	14.058094	20.922531	64.864738	33.645457	173.619652	60.465216	49.472611	18.522220	2.975596	3.279759	53.897239	14.425905	28.755136	38.452445	16.651206	0.753455	84.741021	152.903381	2.693933	85.305668	16.446176	58.577210	76.389759	12.759795	157.900945	25.834935	20.039780	9.320851	6.074893	27.225267	4.323088	54.096907	68.622275	3.040529	5.652681	33.407302	144.727773	4.290064	3.095960	35.686804	45.786897	10.320500	14.569787	65.400004	7.163532	 
117.143104	46.286403	128.070638	8.761718	17.534652	57.337747	27.870218	147.671780	6.870936	13.909232	13.504549	33.647004	3.501793	28.901858	11.924265	66.273953	22.351582	23.442629	8.742785	31.516768	9.769758	15.658651	32.497217	14.067630	31.041733	46.091751	90.555955	5.314400	25.460710	5.412516	3.623933	53.767663	21.853624	15.976087	64.362075	7.328063	15.988616	49.277552	10.090258	58.323873	30.640683	23.562368	21.587445	59.747124	99.919761	21.156253	11.581733	7.655792	48.948966	28.178766	44.195278	20.968087	83.819573	31.905932	24.795762	1.614527	138.156497	16.740164	17.461895	64.595011	28.774700	30.179887	62.919295	31.982649	11.034734	 
24.302882	38.605362	11.938869	49.116816	27.066523	49.656200	27.299622	16.596241	18.316206	34.800556	6.432116	0.870280	1.938136	19.149032	9.381402	109.149885	22.007728	97.125881	13.714620	6.038520	5.028551	12.153305	15.903159	17.631301	47.588399	133.355823	62.513821	28.659663	36.172509	4.164973	31.829885	7.038345	44.580476	90.206874	26.771456	8.720457	1.786238	5.144568	56.076610	8.978391	40.950061	10.334928	6.261841	33.333344	11.460905	46.562176	115.734997	64.317210	3.619795	10.173728	25.570542	28.521173	7.234424	181.701457	45.909523	40.782225	42.172189	4.581624	68.998114	131.439573	7.272984	46.728862	109.201455	11.919897	6.800219	 
100.969739	41.288666	27.615363	166.280687	37.237471	27.768060	7.105097	4.442569	78.880784	18.192282	74.746362	187.490905	22.467596	24.823036	5.350512	70.610517	83.104536	17.150137	47.445607	7.439636	7.510817	18.476424	74.808988	90.328844	77.300425	75.727970	23.375547	111.131931	8.178185	29.294980	44.420099	12.426719	62.169544	13.713581	110.445195	25.430924	33.360699	40.684761	22.318887	50.035117	5.443972	47.829587	217.993734	5.261459	13.354484	37.677793	6.961010	10.559038	7.131414	43.112962	5.752618	34.443809	26.413639	45.605354	50.385542	19.765890	151.995928	40.064985	21.222573	99.783017	21.150188	150.064968	35.302068	11.135742	13.690140	 
38.996306	43.684585	13.636716	48.810647	111.257062	33.102008	6.977889	77.907519	13.015502	89.367335	19.863920	60.313304	22.691307	76.385530	22.970383	29.259953	15.380833	46.261512	82.741256	43.330064	14.754197	6.550128	34.367177	142.187490	26.514499	21.625678	3.078147	16.486450	10.001963	2.146195	195.413581	95.993181	28.346603	15.326756	1.732353	64.673436	66.972923	7.873857	89.205131	13.921729	55.355561	18.092174	61.679664	5.126994	3.757818	41.563481	11.817493	6.409197	23.835914	42.704246	13.621543	16.200664	16.011540	72.326118	16.896255	107.781094	2.882487	7.183754	17.609449	18.681498	96.199678	57.921161	36.364144	6.302835	20.025525	 
58.534822	1.600673	48.741783	2.320408	1.482776	74.307517	30.851609	49.674445	2.851189	8.030328	10.221393	118.761229	47.864991	50.381379	56.067883	6.394102	9.461331	17.517590	25.433705	0.945925	52.156150	7.124307	18.229758	139.108915	28.218424	11.256484	28.922108	4.669940	20.248716	230.534570	29.789997	177.289186	31.448962	72.020403	32.596024	14.901524	20.779675	34.891664	9.548576	5.989754	53.434338	84.641494	30.919931	77.655727	33.960869	122.286548	43.720945	41.336527	31.591484	77.490164	41.279509	25.607552	19.625883	15.909827	35.647809	15.575347	39.403162	11.643074	7.202079	33.750582	13.389960	34.472956	37.963197	53.788539	5.418073	 
1.682964	52.445251	41.510034	87.306614	68.623971	35.619634	5.695493	10.082662	14.345009	14.661713	87.261862	48.749991	58.878741	3.860393	6.683376	75.398900	71.040006	5.164157	5.268777	71.329765	43.130924	4.325762	32.983081	6.706816	31.077658	19.746466	176.250446	5.078979	19.020591	0.648428	70.844360	22.813588	342.978989	48.388825	80.182092	29.003600	46.760884	8.195871	3.513733	114.941734	6.997041	0.619863	27.216079	43.738074	45.854816	2.482381	52.652342	38.338181	19.656891	80.370450	17.884394	177.730632	98.782365	47.197190	78.760750	50.614638	36.587355	26.533989	52.916836	60.166872	67.265952	14.588301	5.062254	46.185191	3.063191	 
73.872694	67.150856	54.767681	0.903379	19.640441	40.840125	19.477313	16.957133	38.543874	36.505766	104.428263	42.356811	3.864156	8.827587	15.909763	10.086453	63.949439	8.221511	10.426115	3.947864	33.041579	78.007707	29.315632	132.886139	31.735869	57.199165	0.152983	0.675745	50.749067	62.743430	55.349262	5.272691	34.192480	200.346184	1.571118	47.700537	92.877273	2.257623	67.401673	67.010302	50.443056	1.974940	5.092071	5.527398	162.966074	124.173856	81.295559	84.269856	6.798703	10.840893	33.498993	100.052682	4.462761	241.635278	1.821166	7.525114	16.091508	43.477111	118.614819	13.831102	2.293930	19.371800	115.834047	54.174423	45.596599	 
100.650937	44.277440	10.591782	54.038122	25.349442	22.323703	48.146810	77.025493	15.362349	53.504435	25.068029	41.286428	66.599426	117.051864	72.222825	45.465747	70.623240	35.769229	0.791823	18.019367	34.379927	3.513408	5.566990	32.806296	69.944480	0.542424	25.562517	39.589345	13.478283	59.918298	32.396635	90.717561	89.458152	30.565990	23.380156	11.307004	5.989682	14.702197	37.067346	54.000303	52.569721	84.885004	19.668500	37.086019	20.198643	16.421518	9.277857	6.572066	88.517346	107.746174	5.932022	18.134161	2.796585	73.642921	59.246626	6.713482	2.178761	28.517515	13.644323	47.705387	34.710341	59.460363	39.942407	39.555285	20.032738	 
18.180468	38.115910	3.288691	60.102000	109.195296	3.274838	30.805989	186.196875	13.308446	85.680941	158.462668	44.495493	52.180537	15.720569	29.315120	4.321518	30.780310	59.572761	4.275808	66.134302	39.743873	12.679859	65.789349	65.681501	2.130128	2.523219	47.028963	6.882982	21.088496	6.621994	5.920970	59.367298	1.944121	93.691388	33.156659	74.054271	74.112403	7.046690	1.948543	8.952002	1.690773	24.714208	83.528119	55.483813	68.328766	49.965984	10.181687	47.920618	28.500923	51.439141	41.699396	24.562843	7.267643	3.107494	18.031299	19.069952	42.075547	65.547189	53.314654	46.683845	0.910457	28.956405	0.400339	25.025735	28.327436	 
98.438654	28.886131	35.290352	123.640747	3.610263	16.971575	28.273039	34.258230	11.498550	26.820287	66.365405	92.686019	29.085780	34.606124	47.930486	77.199893	67.425436	76.210741	25.257163	32.793473	36.604306	12.530682	23.721411	3.015961	29.354145	52.805074	41.762362	27.724343	3.679617	3.656693	1.905163	35.379019	21.909701	3.523330	21.192775	31.946912	41.511610	48.448316	8.114382	2.934710	51.858821	9.647807	34.490576	19.110861	19.055661	8.974976	70.761650	18.087898	83.104646	4.027991	1.833876	34.071344	10.922431	61.167739	4.097876	4.453840	0.141513	149.855764	46.752333	6.290943	32.642064	20.247021	10.371729	19.854692	59.771988	 
5.681980	95.489166	43.797648	47.735618	26.723530	3.573192	7.703526	8.281019	4.691029	55.262384	13.302559	61.069184	23.003323	25.020015	1.373455	19.746137	59.270316	1.248322	7.045641	12.040254	7.415793	12.884329	28.206206	59.677276	52.218595	4.460677	10.159555	13.326665	36.209028	27.776242	87.914019	10.793122	31.720202	97.190365	16.989648	29.912600	37.619957	47.510405	19.992298	30.405431	12.645777	35.967231	60.650991	38.386362	12.245292	12.127686	2.479701	103.251183	5.578351	29.861506	3.601839	47.065431	7.797980	13.686693	6.219974	6.694382	58.257219	57.354454	53.858123	6.841501	28.339563	24.234204	105.890038	22.778939	65.113213	 
6.127591	26.166751	47.425926	61.128251	79.715742	17.389927	19.072391	69.701364	21.639927	73.369474	35.735273	9.317729	2.731433	14.020239	31.574733	51.158276	143.785958	66.348358	14.642329	90.985802	31.678065	25.537644	75.354992	1.082125	55.719575	1.616740	11.262569	95.175349	51.546105	54.102095	127.660338	76.346504	80.560564	23.843639	13.822877	25.045181	46.410586	32.258263	14.495063	59.553245	24.013973	12.921608	6.228277	34.380943	18.395964	31.018250	77.520118	31.217616	21.880490	56.064191	2.236823	6.561195	39.594400	27.356498	87.494227	71.616950	3.826569	27.573319	20.930765	21.772257	91.350153	1.617136	94.000808	9.221098	60.974960	 
27.145947	119.589210	41.877041	92.108359	64.198197	11.556190	26.568167	43.043102	40.829178	28.068687	46.094252	30.024021	16.183660	19.204915	49.897848	106.966400	3.303316	23.696269	32.141697	20.626612	128.944762	6.972349	72.049660	24.731556	3.388289	11.448625	37.697570	68.157055	50.193380	41.781981	5.727740	5.957748	15.729454	68.235922	30.843549	8.937976	11.607952	20.321547	0.670918	35.457924	42.092242	162.267989	3.646834	60.536898	102.739680	72.580523	5.446427	160.895592	21.726941	267.453221	32.215644	3.171741	12.725796	33.509185	114.799679	7.130414	9.897786	77.439584	5.410841	181.636714	64.123887	9.698280	49.992290	116.759263	4.713040	 
56.298602	20.847277	13.236247	51.833624	98.407556	68.858043	32.790994	9.757726	5.765976	14.522328	5.250762	78.960535	95.882682	22.312943	8.985077	10.044285	26.213548	16.872034	48.153065	45.272399	17.948366	68.549861	25.080816	137.019292	68.437832	0.240721	182.589600	87.747601	5.605979	22.303106	36.305115	8.660223	35.463471	103.947714	142.744543	30.219095	1.440240	1.818699	14.562448	91.896772	28.082049	99.003446	33.203604	0.482721	1.960439	8.246893	27.235574	7.549838	28.531493	13.765981	72.244181	13.392381	17.837261	41.810579	85.116404	15.805277	77.290333	50.515513	7.087031	9.672977	148.028798	16.725103	11.864968	23.283116	75.582776	 
13.681659	31.799473	186.737673	42.874426	104.549183	120.844533	73.293767	66.601683	49.818637	55.252270	128.470418	21.014875	0.973750	29.511186	18.001984	26.802941	65.189923	69.138881	3.739189	41.318098	44.184644	58.566100	4.997085	16.756690	25.198350	9.240970	16.172872	97.483312	13.099844	22.730567	133.746147	18.800030	30.135683	104.585978	74.053734	42.108365	10.326285	12.902386	3.232535	72.011211	48.887664	8.564567	13.194051	30.459698	5.246836	77.296921	34.892023	35.742855	19.333594	42.989241	48.046497	8.306509	16.717529	27.198061	122.731212	62.092859	15.117420	28.355242	21.241556	74.835552	50.090691	30.534643	64.356101	5.226391	21.679380	 
75.354634	83.701238	29.321440	6.613739	42.912591	9.945283	32.046635	70.639872	25.284785	76.431803	29.336376	55.049940	3.304547	46.188161	11.970449	64.160575	8.573569	4.540264	40.406301	11.487710	21.503828	27.802655	9.076465	171.235279	6.855698	17.560514	16.981064	7.915056	40.125175	8.495602	6.141000	28.761927	13.612913	45.781153	23.496283	54.467103	44.974317	22.844945	16.030901	19.929139	39.272711	40.872000	18.531828	30.574970	5.815293	5.217813	23.697068	8.635990	18.971644	66.472357	96.752911	11.744192	54.574827	24.695935	73.125682	28.334709	3.055872	30.631942	52.437196	28.506374	99.809031	9.349876	108.112252	43.314197	77.057078	 
8.718618	48.358109	8.955271	4.314581	18.991362	20.548466	50.572368	176.632018	2.332531	3.603790	60.308916	4.888506	84.102574	61.756128	1.054243	274.661317	10.940160	47.896598	37.116798	2.148643	50.775094	6.488019	20.966270	42.387441	2.188180	37.556778	31.878170	37.167538	5.864619	24.341224	9.381987	20.819363	14.027478	21.146777	107.897477	3.034033	34.544111	37.826414	28.604332	1.281382	5.624874	6.090828	15.975369	0.083418	4.544429	62.157065	63.361247	9.503796	29.538985	62.209270	16.642103	24.541197	0.929424	26.463090	3.704344	29.069242	35.755499	78.669856	64.544680	33.998636	50.586217	24.785719	39.686523	49.325944	58.786158	 
15.076409	1.936028	11.008173	33.954437	88.380177	95.679106	1.935589	124.338706	74.080247	35.192311	15.210387	16.918726	31.961584	27.742972	1.151683	29.730129	9.572186	18.336065	52.489234	16.086343	40.188996	7.414145	50.439727	17.562001	17.709349	32.551048	53.124063	34.109621	13.893170	1.560252	37.051192	1.802248	63.238228	96.531868	24.867149	0.976952	20.839955	21.569786	166.393346	8.224306	14.367822	5.718867	11.736906	19.439692	86.376935	2.825376	87.343326	42.947519	33.884502	63.219285	13.717974	9.360036	6.022075	33.105002	75.975818	29.231559	7.707203	94.909292	0.897350	66.773357	4.140027	108.051857	51.802879	9.532953	36.148091	 
33.139861	10.073151	20.469296	8.531533	66.047477	36.989444	64.098831	56.488640	22.372424	12.065431	38.238676	143.580558	76.132813	11.025911	5.836824	36.435298	50.256022	62.777340	2.079723	28.761060	41.843685	65.682602	15.806339	8.806803	21.897142	4.343194	54.208464	182.672855	69.877771	84.173067	10.037590	38.903139	12.661733	12.870156	5.168072	19.209462	10.542803	50.056061	10.405658	72.666518	30.277450	86.883338	4.149858	125.182240	0.121296	33.651490	9.579404	45.452366	2.835498	41.031774	20.545288	60.955287	42.039010	38.160437	26.445454	87.484215	5.920526	24.725113	8.663946	54.563324	6.098208	6.737349	41.643546	20.049952	15.814092	 
15.256363	5.811485	70.270296	39.225454	27.457482	120.653285	6.574991	8.676821	6.576238	10.712509	55.723368	2.352201	17.207487	78.599432	19.983806	44.625763	107.907909	32.839037	4.337665	54.455736	9.796226	89.465923	63.160012	97.623101	33.888191	36.139848	37.843332	188.979940	59.775790	20.098717	18.448329	8.630873	111.956557	100.173683	66.569637	28.637309	8.847328	38.555917	19.439026	7.943583	20.630521	34.820698	97.804880	38.544930	27.469344	7.576461	0.573422	14.488191	123.414000	78.810429	70.759799	163.950405	25.801155	18.830817	32.088604	4.987249	22.714731	35.290261	25.662747	10.751397	100.617065	37.701236	7.750135	34.344598	23.145889	 
44.751673	13.055792	45.950986	9.873016	173.132851	48.350679	56.011635	22.945447	1.797036	81.079258	17.516817	38.420146	26.955029	3.989059	77.639599	5.814053	47.971353	102.706382	120.132001	82.885913	0.884490	8.544462	97.529415	21.915739	5.200302	21.312130	12.260022	93.096163	4.087126	64.079255	178.596303	73.577697	2.169205	16.217470	37.167355	113.917712	13.615638	9.573342	1.514539	40.959488	22.777251	14.111588	52.696122	36.330084	22.359978	15.628112	15.593485	3.275855	10.844925	2.955553	12.246565	34.335630	65.173619	32.215278	6.763928	115.187998	26.946840	69.343731	125.439418	22.366201	19.332558	24.672107	17.616294	37.926850	0.243164	 
36.431196	132.100841	2.130853	8.792643	47.058226	104.326913	2.229348	26.386194	12.521809	1.133723	3.474046	100.142787	110.959033	108.251864	72.174728	6.818652	15.430493	13.174232	95.556839	216.248220	107.385431	46.375125	170.416844	2.427207	30.091253	0.421016	62.663006	5.767921	27.488631	36.997220	6.399237	30.549946	21.392750	18.202528	6.943323	1.581814	65.046152	76.625399	36.445584	9.886810	3.558945	0.803868	41.293909	29.840822	71.815962	7.892569	10.245779	26.476478	39.884273	29.831186	173.069464	5.128852	67.265249	40.516070	12.811636	57.374857	188.510367	85.116674	34.001339	104.797064	90.272682	20.137761	12.739511	1.258492	4.366039	 
52.930108	10.775403	22.320503	74.080894	32.762500	74.865490	39.427811	32.528208	10.903711	86.859577	37.600951	1.396545	37.756590	35.355759	12.804863	49.142451	22.326764	33.169027	19.864607	7.307751	11.384208	1.561938	67.221492	13.885557	9.586353	22.937027	30.582588	248.423478	3.372857	18.779223	10.407274	57.320562	4.811716	54.217586	3.508921	153.294299	40.270183	49.017209	130.938835	6.427938	36.481574	27.076373	132.896019	10.708034	2.385798	70.500633	40.587389	51.514300	68.417097	19.387887	10.756701	62.029206	7.085312	21.560047	139.032434	199.494576	2.320071	46.253972	54.049948	31.155319	28.803964	143.997210	101.942571	9.109602	57.828174	 
33.914470	29.671790	56.150499	44.010621	56.787476	8.391544	76.815439	48.848226	56.996759	34.570244	14.397969	45.835742	54.254906	36.370835	37.780103	19.481444	18.032376	10.469759	99.142040	0.378833	8.610045	38.158026	45.318952	32.601641	33.749298	2.165451	3.598359	62.775297	13.923451	68.569496	74.077698	82.896703	82.139765	41.058484	4.685077	3.171819	32.163552	134.117674	18.195793	19.892814	89.703038	5.439132	9.279577	16.723166	114.724055	187.098131	90.672618	33.447800	20.005248	26.627790	16.107878	14.110047	26.699472	37.227884	23.652138	38.376761	125.335744	0.791951	170.053490	0.704533	75.740185	38.864867	72.684105	41.098988	50.402326	 
82.743561	30.585444	0.708295	19.712029	10.464530	12.257366	119.459510	41.687742	10.370039	17.518485	0.684875	12.732928	6.801256	84.423763	2.089499	6.220518	4.542051	88.585555	41.212925	51.881407	14.396094	1.364248	17.873687	25.798148	39.341757	0.184962	8.510185	8.624927	13.688620	39.969314	18.014751	143.648873	28.003938	144.364504	2.396531	2.991646	19.760016	35.946092	99.677963	19.908808	0.603880	172.488157	53.949404	56.337944	32.088579	33.196457	138.405237	14.485522	40.934147	91.126850	147.417774	21.665270	41.112717	41.495908	40.151147	90.454501	95.329431	8.085704	5.376801	70.376652	21.316431	47.091048	23.759410	10.896299	49.143486	 
84.722778	28.141792	18.645412	22.281852	18.169934	9.696898	62.275720	88.430767	76.781524	26.457922	32.261629	6.012262	73.587943	6.149236	23.515811	7.290775	11.008745	19.715515	3.067684	2.255523	34.045363	20.328140	0.489472	6.491039	19.041252	65.872435	74.388829	80.091095	7.791757	49.152588	19.162627	129.309669	90.694529	15.112790	76.692314	21.680641	57.548465	9.532639	34.174914	71.843112	52.691859	15.271280	88.139143	4.173549	49.507253	30.636554	18.282839	19.353568	27.165575	32.986182	13.874647	17.932860	16.406377	13.185106	12.653397	1.964517	28.125238	10.834308	4.759302	75.002763	46.893645	37.389698	16.572825	94.507636	109.230108	 
1.869341	10.871620	62.935378	10.535246	55.150128	90.130297	46.876730	66.969689	23.365016	201.679291	28.015546	62.659672	28.880759	4.704061	27.353387	13.203298	132.648009	175.431435	91.549423	165.557756	30.946984	87.507063	37.870792	78.567400	1.058527	51.820760	21.263452	42.262378	48.772389	15.653749	4.093280	43.084337	84.015380	0.818022	11.843940	16.149542	71.414446	2.862989	7.329652	246.824910	61.699420	10.826257	30.919237	15.490200	34.142360	31.395179	29.982576	79.519520	25.560566	85.716372	112.130398	15.387214	9.073372	29.100215	36.878314	13.262460	56.468211	21.775334	58.668173	34.605383	4.489216	9.007133	399.219419	10.628782	36.366754	 
20.901275	25.313771	22.933642	29.944377	10.029437	134.283091	86.067727	3.980644	87.035743	3.714014	10.753890	12.948440	11.332018	5.370136	21.888650	3.886304	13.281629	65.331447	22.660479	131.482133	74.540830	20.691757	4.890101	55.749120	8.268212	24.376284	29.585922	2.626928	53.594661	9.117784	5.902135	2.995581	151.244140	46.583080	1.683145	47.460490	50.389465	32.090035	51.299122	8.233603	37.016388	18.137643	0.757585	10.993399	0.385291	1.963141	25.251279	20.861697	71.301633	2.495815	135.143772	88.209723	108.949287	19.125868	4.828368	102.167436	50.531630	21.786395	10.570473	73.598288	56.686399	16.277434	45.732703	21.514257	7.601273	 
24.522010	44.327624	100.037095	22.956595	17.488521	24.562248	8.837639	19.459308	119.269307	9.326222	87.339284	135.811256	132.409952	166.092158	95.531471	15.468712	27.759843	13.627222	82.518713	53.885199	2.176861	83.330872	29.370226	3.245180	2.926721	31.044339	30.798056	9.827898	15.431785	10.526734	33.107445	15.043851	29.110697	35.187226	30.577787	22.111799	124.393189	7.879049	16.445141	18.917670	14.575612	53.926104	27.535679	18.797903	21.517739	18.849412	33.346352	0.999461	2.475438	22.732554	11.848546	5.327539	2.307006	32.378753	132.019165	34.307151	77.906846	28.375444	19.127128	16.936149	14.761581	3.627517	19.608447	13.037086	8.099244	 
135.639333	32.082441	25.791516	14.949841	50.279628	5.018916	96.038286	61.674352	19.131607	16.072723	9.006575	20.650870	7.767127	36.595385	13.286110	25.536345	14.009038	19.922486	4.706848	21.595166	46.554735	12.401928	34.875871	78.128880	120.314014	1.846449	63.693884	22.941988	30.811556	13.295293	61.795977	13.192205	27.685551	47.498341	3.468769	33.008549	62.617793	7.864846	33.964013	75.530079	3.509328	5.719355	25.115433	17.748825	3.678321	1.816607	118.724988	40.381657	26.870795	118.232574	8.461187	13.795264	29.917161	82.380948	38.261366	48.781052	53.773565	31.624832	6.521045	13.854746	90.360096	95.651596	28.738853	48.712579	58.059992	 
103.398256	8.808194	28.302949	55.825668	23.676763	4.006633	23.817713	32.202793	61.764129	15.767423	93.818568	30.472393	0.915975	37.468435	31.638514	31.168384	34.660791	217.870868	13.003705	30.405092	16.128063	61.587851	8.356406	23.040161	8.092264	106.789784	60.382142	29.177785	31.338081	105.218727	8.539557	22.673895	14.418997	116.037259	64.875545	26.564183	8.104777	40.447786	10.160840	18.050076	8.154980	11.167117	1.537822	68.089930	30.909247	88.045386	52.224203	6.002215	19.517130	20.536964	19.637368	13.198811	65.259124	62.395889	28.717701	32.207871	71.619994	91.811209	4.137930	63.402531	38.394361	71.804328	19.585990	30.385125	5.248734	 
31.149144	13.609963	18.749573	21.971210	13.939790	52.589737	14.269288	11.766331	22.268992	131.700849	7.317825	2.761578	40.011993	5.105238	13.339838	8.106679	25.503207	21.922019	12.470580	10.306326	11.703436	3.180220	146.278060	97.436451	8.719366	28.859381	59.724779	62.390372	19.257341	1.671199	31.956361	43.736034	54.782643	22.513830	13.184322	10.942241	17.697697	26.804376	39.886426	68.361457	67.965662	29.773590	51.886276	3.075489	34.842337	60.907126	13.629476	32.280429	79.555378	61.934043	47.677545	50.037852	23.855116	49.329852	58.622026	89.583215	100.078579	233.782351	10.218171	6.664355	18.641677	13.576600	73.949760	1.540856	34.139984	 
21.784007	3.083176	28.297305	38.392086	94.239315	50.414130	52.223607	17.385261	12.366380	10.794136	7.644041	9.647015	75.477016	87.333533	90.191682	2.162770	88.265033	15.532723	170.262147	170.938028	16.338443	86.223301	45.637892	16.053759	18.351058	36.013031	21.413428	11.888456	14.885616	7.284224	76.532295	8.654109	14.765901	17.130336	51.968839	43.334108	22.341950	22.866893	41.476479	23.008958	4.566269	37.012848	36.246547	2.931629	4.417193	35.947643	12.835852	0.501875	61.427886	7.464950	20.861084	42.670635	90.684809	27.916894	32.793765	99.844898	12.754773	187.955273	15.249411	6.230086	66.214313	41.233752	6.047360	20.467088	0.631781	 
11.006487	34.013489	7.624894	38.131881	9.204553	6.921597	4.408308	83.007606	31.137262	4.922540	58.352257	24.286596	5.786291	27.932107	57.469855	48.402876	50.223954	13.902781	21.240589	44.995934	106.568034	81.928855	21.778984	73.948503	145.487291	65.885532	86.018601	144.823708	74.877280	40.886387	26.050964	7.338977	34.481391	73.533950	4.507505	29.130712	26.969516	105.264657	0.547718	0.787634	10.789682	9.510622	22.420886	2.392543	4.653846	17.098617	100.912491	2.530896	81.165744	12.791634	11.314726	35.960909	27.444160	6.305768	33.728514	35.530531	3.838317	48.612536	40.305120	36.401406	41.433376	21.221455	8.676254	30.044717	10.405255	 
62.254678	77.996538	9.155213	38.098966	56.294496	75.874283	30.418888	65.553621	7.194933	0.651765	12.964451	20.770327	192.484187	139.615816	44.294671	57.583744	16.435449	4.967821	23.664844	4.992308	48.705266	27.165012	32.648354	16.700736	3.966970	8.008110	19.619744	35.990170	0.446424	168.275699	108.790373	3.630925	27.427575	8.924187	12.299399	65.932228	44.288531	39.072491	90.642328	93.737088	67.708600	11.575213	72.547174	89.380082	49.613822	14.084657	22.390246	38.740712	5.453307	53.246764	23.693709	16.922878	2.712819	40.789612	3.526713	122.105551	24.372953	48.442457	0.249925	2.176027	72.024909	44.375271	19.382600	36.236193	46.552192	 
21.741688	0.735616	1.619415	95.482134	79.511502	29.481917	2.202941	13.741630	49.296886	11.488676	32.972116	10.931078	22.003927	16.035060	70.484902	57.955463	4.205175	42.557568	16.161103	154.222395	105.833996	31.338821	30.415664	68.631520	62.452849	44.049696	80.536567	10.975823	2.809040	53.322650	14.783793	43.215644	143.068992	32.265087	28.352169	67.967982	39.357680	86.782296	43.215827	18.370113	6.264230	15.071202	116.113366	16.358969	12.099181	11.076097	31.430642	2.067275	34.252904	28.310677	88.597045	264.189367	1.652117	4.680148	51.640887	3.897190	20.402160	0.784230	0.179899	103.368753	15.679824	82.243938	45.963874	86.076168	20.558130	 
4.994879	59.952740	67.742329	2.641738	18.206613	6.429279	32.322056	1.703581	1.015559	16.524707	106.369863	77.606353	28.030158	7.399069	10.896723	15.174818	39.619908	20.356391	20.014445	27.165943	25.303093	34.678045	16.648255	1.989235	120.651857	25.579317	15.615696	102.421250	17.517659	1.475357	15.833021	24.597367	29.375654	23.555587	175.429888	22.325568	44.701013	167.401091	1.565283	44.333643	85.313608	97.820083	57.014597	32.488025	88.490109	17.474891	105.533372	9.100646	15.683552	54.346144	7.310727	44.175239	120.420688	3.041125	13.667386	13.775750	3.347142	55.301216	4.051560	182.507050	106.352341	30.439737	27.003718	17.332459	47.884548	 
53.652544	80.306344	8.705147	73.025819	27.167044	42.226156	61.550032	22.481325	137.193816	12.022117	2.984924	13.117733	31.011751	19.352991	8.863093	0.241782	19.291137	16.254210	83.303693	85.060702	43.521423	23.853499	13.036754	26.826154	1.737167	1.492901	7.003143	16.496277	81.738849	174.276084	8.600386	23.791061	58.677051	28.041991	97.865022	19.200570	169.665164	50.327716	62.029919	209.061903	6.481146	25.347216	48.959390	46.987472	53.752774	30.073073	13.459955	0.669106	10.557483	0.875740	42.100358	94.992588	75.545043	66.582262	42.607308	13.896048	12.139094	27.175931	11.598644	23.808568	15.547596	55.159032	192.717038	13.522512	105.757726	 
14.336619	14.948684	35.783887	75.936621	28.298958	18.354486	94.217855	22.366933	17.141848	32.830255	45.121221	133.635378	1.148658	28.624247	89.251748	49.124067	96.744153	35.626348	2.184728	34.496080	33.913789	103.405152	23.471154	1.588001	53.593015	102.948535	48.578934	200.263055	56.656010	8.061184	48.297730	44.199008	0.908113	6.048395	60.915393	1.786633	9.425721	1.856556	60.557816	34.415371	76.835515	89.278223	68.276081	40.937966	9.986825	54.606509	30.831204	5.585650	57.990352	5.972734	18.276085	37.268965	100.278047	7.792219	58.764618	2.313791	2.280967	21.920619	0.808388	192.057058	10.436981	14.108567	11.167187	12.870595	63.418841	 
68.406985	19.048803	142.171717	70.464357	3.634444	52.930051	61.283294	6.539072	207.476404	5.458490	25.407503	25.176323	32.878707	38.699020	31.858769	51.005473	29.940284	4.379480	35.310762	56.202775	10.831760	58.363108	47.563272	16.481954	79.518008	1.483582	1.593183	16.673137	2.579737	4.004155	20.835378	34.732042	19.270273	52.180076	49.618584	0.881937	10.801880	18.213053	43.143413	43.902861	14.418513	112.387978	40.125630	33.968762	153.327251	120.243220	51.672879	1.458122	26.987821	99.866555	19.571018	26.224738	21.059295	42.919148	78.506079	78.854211	4.273864	10.207647	20.555792	54.984115	4.143815	61.667927	1.777477	0.367196	28.683324	 
36.094578	19.576389	28.516808	81.796662	9.283916	16.418014	10.671542	15.084719	24.559747	83.164174	37.216599	50.601385	146.557165	24.044052	4.344577	2.000663	53.012344	37.520828	17.231219	99.311024	3.125441	25.054925	30.390841	18.704135	23.949544	1.230722	8.118591	46.808955	5.634889	7.324348	103.862143	17.525538	52.122299	5.202250	22.644150	123.738508	6.516448	23.979047	38.030877	29.461730	75.765368	1.015697	17.715272	46.911763	23.525079	3.097476	2.959928	76.745738	29.184290	79.108351	18.267221	42.847249	7.204081	3.224953	40.350143	4.528192	69.498096	45.899145	53.397826	28.522019	10.648231	3.207578	207.296727	26.698521	6.365776	 
21.799674	1.867337	50.600504	81.281525	1.005561	37.555643	34.737112	38.297304	56.882970	13.940855	25.367963	85.511701	24.147235	5.468109	3.623610	45.980472	55.291075	17.080153	48.920917	14.116167	8.124793	40.212012	34.546790	35.154540	20.897887	19.536958	6.321782	11.435125	50.531453	28.296333	42.943213	3.540081	1.458017	30.809669	16.861174	17.305629	47.848697	41.361384	64.591639	67.015217	125.189843	7.705598	8.837710	22.765155	14.665881	29.858270	79.718300	55.313790	21.804847	74.232239	44.811218	4.463316	23.034826	26.970410	0.495246	17.870783	139.328642	27.153102	18.369788	10.907081	3.551195	10.282261	13.171033	21.721643	14.057845	 
3.460157	31.033746	98.861614	60.537742	17.647608	43.734962	8.600653	61.162774	2.853405	68.524381	2.312624	15.412839	12.787122	12.316432	23.353503	4.051910	20.703342	25.282974	6.913911	8.517534	9.060730	16.409164	45.448129	16.785623	29.540602	49.502066	33.629865	1.800041	22.776157	40.055953	42.078324	7.263736	58.256095	10.234196	33.677382	68.233053	3.984238	57.115821	11.799897	71.593739	119.417962	218.014628	6.625062	78.664517	71.631034	162.547437	0.562076	61.573042	69.743430	2.318382	20.713771	68.566077	24.428364	22.835156	29.783034	61.182394	4.657879	15.416032	68.529487	10.506519	20.501009	61.459656	11.871258	32.165605	29.799006	 
7.473300	113.658979	27.490250	29.139316	23.479677	6.495431	15.444674	17.492890	123.017073	17.810210	29.043918	19.755437	232.102210	46.857130	30.867877	3.229014	4.155630	48.808836	5.289901	87.674805	22.789201	80.615288	44.153277	18.312258	15.989840	14.256778	35.832705	58.964597	29.362362	1.282373	12.632580	4.617085	153.180494	11.646378	66.526987	57.015641	11.260232	3.176633	4.054408	35.625523	45.735564	35.670867	26.477962	51.178634	2.129746	36.323575	27.038339	20.567458	109.684821	6.229091	12.108106	31.429501	70.421128	8.326735	43.109512	5.348200	6.242384	0.546238	21.979426	37.473283	37.324935	6.423128	22.386080	21.352418	0.882102	 
41.756172	144.140664	2.633385	2.303266	103.699819	40.366705	25.328781	18.245632	4.270051	57.021687	23.073574	4.317228	27.959128	14.154190	15.208348	2.050875	23.244125	4.114519	76.870064	10.529821	10.037748	12.679333	3.411012	23.356291	99.408217	28.312863	13.225738	2.342174	64.426737	39.743608	78.328645	10.129450	2.647116	0.928653	24.565556	2.406642	18.836930	114.052552	36.544529	24.229556	142.480488	14.471495	8.231700	35.459643	28.685733	34.539271	13.749025	23.950745	1.273359	30.890047	8.364926	16.637643	5.150666	61.152391	5.356755	8.713124	5.866046	113.081254	279.268306	1.608418	31.232941	93.034119	35.083735	32.074643	64.710678	 
31.410621	70.276383	142.026212	1.387183	46.815316	36.880063	29.868655	2.980582	56.198833	50.301692	46.486046	28.923844	11.034554	53.070453	12.781553	38.063640	5.426081	80.130096	80.593256	17.630473	66.780567	9.571329	29.250408	18.613131	4.926451	41.507769	125.508500	84.825918	60.413721	35.903767	14.571733	8.445104	29.530112	28.185047	14.081778	6.756506	46.308476	19.307340	27.213081	8.195672	92.482125	93.581105	32.760175	22.400253	7.118810	20.413731	21.177636	56.545214	17.958223	32.092160	27.865730	4.366742	151.826647	11.133194	62.666601	157.635491	18.074222	16.805933	90.628929	43.754972	45.429561	10.663474	18.439350	98.452894	18.477806	 
38.211992	40.117027	16.839336	4.484173	51.805753	16.301101	2.937845	119.206712	62.993373	21.164457	11.496377	48.335064	6.592526	92.000704	7.075772	36.163941	70.851453	19.121847	35.225709	30.773203	101.949702	13.943995	31.853665	27.235030	21.774907	10.108663	1.404824	25.883608	28.962794	79.256757	18.086614	20.623306	100.770209	90.246939	6.163627	164.703173	108.338618	11.097990	19.795600	33.207051	61.408400	24.090441	30.090520	38.345490	113.506892	0.688532	26.828517	2.573421	73.429779	20.665083	68.580863	25.679373	17.337832	73.641693	4.473926	20.208455	23.255001	22.791067	1.651210	40.375398	22.245419	38.472976	17.657913	10.982921	1.155039	 
112.745922	20.936043	53.640578	23.548426	156.628870	2.404280	41.061291	1.456613	1.300653	30.597701	3.699743	1.032849	68.155109	84.595913	2.383598	10.071283	21.659665	19.148724	50.148540	8.166203	60.117688	242.275012	77.337408	73.507502	49.357277	15.776517	11.040952	7.677314	12.846167	13.831674	4.624855	33.425824	7.928390	113.059672	42.481028	62.206568	30.580396	5.738258	11.601511	60.383417	46.300551	67.665534	12.909761	117.061815	1.288542	41.176248	6.852607	63.511877	0.422707	15.632030	11.275486	12.730268	62.698259	55.071589	99.095358	78.986467	79.299742	39.936174	0.720181	50.588845	30.927382	7.005019	4.179684	44.806134	29.227282	 
21.937167	26.233120	23.926333	2.986596	64.751192	32.946977	102.449775	40.723688	54.904758	22.077732	55.598244	109.939882	34.551331	22.436600	3.935857	68.689441	69.621818	91.844407	16.068139	8.453079	81.121192	14.054635	19.292162	19.245561	30.620016	12.224492	89.933380	8.088644	2.930531	5.988188	23.390558	2.017421	43.343616	87.991235	6.805371	57.442362	17.487951	43.274229	12.572171	98.793090	30.403804	72.048621	38.763429	10.806996	1.808127	131.814444	40.733678	133.879889	13.740812	25.286734	2.335987	19.722311	14.199103	13.689060	20.450241	16.622025	111.008617	34.014917	7.265128	47.969225	5.345761	26.047988	134.825865	132.581008	59.792670	 
80.556719	76.341004	47.372915	146.206582	17.061396	74.711794	45.518546	47.383735	11.080885	307.351662	7.094401	5.332175	19.809781	20.335482	13.874715	56.892009	3.414990	78.219144	37.313076	35.561321	59.510187	103.864743	5.927926	12.954563	257.230773	34.867019	23.642825	99.666692	18.191362	11.180145	14.690565	32.959335	28.495438	26.952783	3.335607	30.020129	10.318378	5.398150	115.292182	87.514131	98.506505	20.711044	49.712277	103.607101	37.578827	17.515223	94.358473	86.362869	34.309239	18.754695	47.936009	23.206194	155.635393	23.163023	17.797595	4.910330	9.514360	32.074189	119.616342	108.639580	2.025733	18.692894	30.119497	5.483650	122.969918	 
41.365226	9.052355	15.129825	188.808673	3.420131	0.670710	15.561815	48.192343	2.222451	7.293325	10.533981	34.736646	51.304636	27.133015	1.754025	56.440153	56.985706	106.432213	58.389894	5.392624	39.128136	112.420841	17.499749	20.744803	70.748702	21.482884	43.908231	81.620638	1.273717	63.476724	31.325580	21.716171	203.540769	21.828659	80.244253	181.451452	60.919607	25.288090	116.522511	7.676768	15.905561	84.152961	6.171131	14.711718	8.109807	13.039024	18.615824	4.749935	24.817609	6.239307	32.094441	30.616973	70.439814	18.106726	33.831001	62.216338	1.841134	1.105824	103.666733	16.834405	2.254036	12.318889	12.725236	18.731164	67.706831	 
31.456624	0.711452	27.621331	106.955683	83.057569	5.831013	52.739277	23.077017	80.102613	9.976486	94.331416	0.694903	8.363771	27.448734	1.601668	47.293935	20.958524	48.034420	37.315224	131.790875	32.975463	5.237554	93.756201	28.743469	63.209486	69.334923	25.626684	17.206455	13.646353	67.858764	68.529221	6.819785	11.895710	53.931652	7.075409	97.887615	18.636146	58.771369	54.343529	12.862977	73.600731	8.883740	41.171421	7.430466	60.989402	12.581629	49.781976	5.081174	34.517385	89.321846	141.728118	9.582269	7.700629	19.330065	46.148357	63.124644	47.716995	4.074021	56.502806	71.579685	3.610264	39.676689	23.760884	5.665888	16.031444	 
47.200548	38.870666	47.912387	41.096628	6.276063	75.631716	8.779679	70.194378	181.641126	140.393397	20.519604	14.914745	104.349646	20.119013	28.939861	6.943464	32.193934	58.932258	10.310676	21.904120	22.289131	9.435653	68.192253	2.604051	15.911960	50.094938	70.039757	127.964966	46.616123	9.952656	79.035228	3.196945	8.817249	73.447787	19.618080	48.890610	22.101340	20.277529	53.624439	74.851306	95.281755	12.046987	27.064536	3.744297	49.622690	37.176676	91.781540	90.848527	4.694541	80.073729	221.739539	70.473702	53.581970	181.748602	31.917916	10.776463	1.487457	2.199456	92.167255	66.316484	29.112379	16.127697	4.448876	16.370566	10.311019	