64
0.000000	53.595916	76.800192	88.836177	28.247760	2.213484	3.504292	77.820078	22.336814	26.044487	23.766377	12.226263	111.560895	29.280004	108.526871	6.496575	22.075494	15.869913	12.740820	34.731884	48.450081	31.559386	14.724736	32.452012	16.306669	1.223691	5.796301	20.474958	22.047171	14.842378	3.313481	39.433325	8.328126	38.020418	5.669413	90.858831	84.144818	35.458835	40.396252	19.338330	4.146444	80.344420	24.000343	6.210611	81.791008	1.354177	35.081459	67.869100	17.892391	10.959896	13.002118	141.457558	0.707325	101.642711	7.038163	24.592620	52.162846	103.385174	43.813187	33.426937	96.290792	35.508406	1.835868	0.619447	92.721295	 
39.915363	24.126891	94.915509	76.806968	10.590627	77.040855	13.965465	13.884736	11.237838	1.809564	14.507657	79.499260	152.465881	6.249220	31.954731	5.673067	70.651789	7.043710	16.941398	65.551761	8.600748	29.281133	77.491372	18.503631	55.824912	14.983036	26.198462	69.407448	59.954328	53.464194	16.858658	6.371748	1.000325	5.737928	36.469978	146.051330	21.380619	54.620759	6.787795	76.881260	13.565966	51.844553	7.345200	52.794990	1.396887	50.433223	133.365789	15.620601	7.135407	1.533675	66.492194	107.916278	215.795110	19.418894	2.689147	10.765279	36.934241	19.568531	50.657743	60.301058	109.912295	38.477847	31.730709	112.427281	52.815466	 
168.911208	18.219165	10.749716	32.471542	89.852816	23.810420	7.347910	13.850979	256.676508	45.185513	8.127012	120.486303	2.378429	144.603071	14.481053	31.478574	82.244522	18.332455	2.517744	33.973843	40.104233	28.619227	22.354238	98.078281	28.225592	63.994257	65.613360	6.936366	2.752852	45.646233	55.763735	54.530150	7.403458	21.152796	90.260535	15.354404	12.158379	31.803541	16.188824	23.795279	1.701574	18.162757	39.631270	40.651316	41.341403	4.478924	14.351401	87.235203	19.040898	75.897003	49.625263	62.128149	31.920847	7.965153	12.040935	35.855846	6.957345	25.366976	134.688015	172.697568	89.851739	17.581912	101.928339	7.097565	8.811582	 
2.469393	8.687240	51.343495	4.646507	53.678803	17.979443	89.906115	18.893371	20.400628	17.301533	69.791630	17.356715	0.976582	43.171352	10.333935	16.244319	46.144088	124.735880	18.239360	33.532097	21.514210	91.062722	18.635030	54.357563	2.721206	6.371951	15.739912	39.462985	1.989068	31.766548	54.819790	11.463759	50.845502	89.691138	22.792491	23.259073	16.235911	24.146282	37.978595	20.755399	26.965426	73.074876	52.404893	9.054618	23.651109	3.326897	109.183592	58.349802	170.337533	19.752425	23.808770	4.887317	31.851115	11.163301	72.302204	53.854543	2.604904	15.158657	85.310496	53.602870	37.572765	22.929087	177.712050	9.774235	8.006643	 
5.918069	55.506980	23.548299	9.122627	0.245845	5.659748	72.827589	36.145818	3.931225	27.601845	36.527703	18.387769	16.540587	32.693701	8.182338	55.708791	11.109650	1.576347	53.128793	99.747447	2.666079	11.216394	39.053614	37.186715	26.266180	5.245440	61.477554	7.889558	139.633788	101.575673	79.961781	71.475081	20.831980	9.082782	22.696021	23.677264	44.067919	13.663368	58.042989	60.885639	10.128342	29.184361	9.879262	34.231911	6.864426	29.750903	12.666963	47.973876	102.820039	26.432096	6.310137	18.408001	4.759459	6.306845	63.234101	9.574122	14.948759	7.112301	10.633902	12.119682	24.776611	74.277203	38.546959	61.021688	94.333086	 
16.277204	48.613025	7.081526	58.662760	91.851467	5.650931	9.939627	14.833163	4.578825	41.586795	6.935059	113.257611	20.078942	1.223478	32.294287	46.467775	72.507981	24.107766	56.058668	42.803750	14.400467	71.721903	21.187529	16.025340	4.271068	7.915112	0.916231	56.643045	64.119800	16.298695	8.540905	9.997341	85.632403	25.309108	53.223855	58.735820	19.760907	93.926764	2.268078	62.159723	7.591157	11.794786	12.903710	74.273165	216.399517	43.105872	65.089633	54.156247	53.371712	38.655463	81.765489	16.786945	9.239545	22.379181	21.720324	69.188447	69.216582	10.240079	6.955316	4.162921	57.551522	19.315930	34.560402	23.165829	59.549891	 
18.986187	25.223217	35.733685	19.932319	23.516991	49.141610	3.340853	35.516220	133.270865	16.854832	14.090345	123.230268	2.162792	38.986848	10.599744	68.775823	3.767385	70.514414	28.989858	28.886774	112.643685	6.728520	62.642790	49.114379	10.969364	52.231708	0.155237	9.859921	94.924106	7.140697	33.225671	172.864447	49.247836	8.458051	73.619001	122.911055	2.101977	3.023749	40.579325	21.124531	30.141039	1.849955	171.098991	11.970993	50.741907	27.485475	33.591542	27.540860	25.348983	8.428180	33.254634	1.138605	127.607163	1.267822	163.712136	50.759523	59.100574	11.078165	50.065606	7.953835	9.421886	35.671918	2.147259	57.390570	28.504940	 
42.553857	8.280790	183.045614	41.956578	41.026124	16.034155	9.916494	3.755614	130.047565	6.303883	41.396305	2.405103	9.332458	26.336935	7.597252	172.560124	5.991466	40.440266	1.255521	151.883420	87.246359	22.008539	75.991833	24.741763	2.789360	4.490395	39.117282	93.270715	31.981908	62.185889	93.182787	23.060943	20.559701	12.752133	35.239221	37.463974	20.858612	118.424993	114.422975	52.200162	86.771240	20.916550	39.076984	21.120134	96.045229	26.799082	4.596243	26.936905	15.605115	98.310906	25.217129	164.377030	8.641609	18.902721	16.526677	10.504900	21.585790	84.383516	34.625707	17.286758	52.690878	59.895360	25.264504	57.294480	15.886320	 
25.516838	17.941809	57.509695	27.351311	23.036857	14.958786	4.707320	8.404982	1.067841	8.070064	19.121080	22.016430	195.572043	25.600809	2.862410	60.250009	63.857651	17.454039	63.225600	26.400223	20.926781	58.350259	48.354993	70.040002	5.614184	145.776431	10.383642	64.608066	37.649337	6.224183	19.478094	3.799781	48.653703	5.702575	45.173778	27.004209	27.394976	9.886284	109.973656	39.590688	94.857651	10.831073	59.443005	8.353027	83.622492	3.746359	3.809794	11.383230	216.576184	4.063272	4.913295	8.467761	19.469860	5.874770	15.364914	174.803034	26.752125	21.026355	21.277791	24.434533	33.670839	72.353812	43.475466	19.989022	86.852663	 
5.816044	12.553629	67.303457	46.187431	7.572914	9.824762	48.947690	5.347622	47.324495	10.188495	234.659188	31.926094	13.186881	12.803909	29.501729	49.124402	76.315589	37.803153	31.491633	7.437020	132.717647	3.156233	14.044898	23.015447	2.843639	20.924444	2.059111	50.071568	3.652366	30.746428	29.265623	27.391315	5.168876	78.249359	32.995588	84.085970	5.587925	8.277945	6.413968	18.394364	6.417381	33.393100	1.523024	29.070005	216.893385	40.629215	1.006280	158.901108	1.350016	50.417851	86.301373	0.573719	88.506996	2.435057	71.989278	13.421766	80.849986	12.158826	22.235685	128.968746	41.188130	54.459725	4.044801	151.971887	77.146252	 
53.872206	44.890261	1.488921	100.756912	51.887511	22.081725	2.068424	16.838689	17.757469	1.376042	4.725900	10.516612	36.094723	0.620411	122.010877	23.868820	5.815019	12.681468	105.033849	67.960752	16.651293	0.713814	9.910262	58.938001	25.470560	0.976836	57.939634	22.231676	39.928017	56.269421	38.035448	0.097693	31.579921	7.147609	112.656616	102.807800	64.842838	61.624862	57.072246	4.655322	14.969917	12.071432	26.981354	14.881548	19.851683	12.447021	3.895741	24.075267	34.124369	26.130183	48.877787	97.593340	52.439209	26.151885	67.814584	35.923513	43.170246	24.661055	218.903621	16.261654	89.628079	31.369471	36.469838	22.447268	74.199854	 
4.484405	81.594797	8.725966	3.919485	10.564829	19.953514	12.678251	117.715079	23.581344	27.371743	51.359350	0.438496	1.947516	6.825984	3.231137	31.504411	15.810891	30.442851	68.968634	10.078642	13.446329	46.601000	18.503600	10.235237	11.586558	18.231004	21.389214	15.364322	37.001473	80.328563	53.624975	19.482250	7.900538	13.275499	10.318331	211.249311	22.018432	159.469394	72.562376	47.104199	64.378000	21.521362	126.749913	112.077660	15.797129	21.199501	10.660229	12.648640	36.936750	5.341989	2.236995	39.794234	79.029105	68.371907	229.670020	14.399200	56.656324	42.998154	11.080610	63.630930	0.889983	20.727300	21.010619	5.325934	96.959373	 
52.107345	6.117012	5.523228	27.903855	134.127694	4.415235	2.291162	16.236352	85.871104	21.768897	36.426732	56.077343	4.189113	76.840674	44.951238	11.373781	14.723476	2.419061	40.148834	24.628425	22.260766	17.912435	13.317676	96.071200	26.823664	8.584382	41.867335	16.772729	50.603715	68.663085	25.851469	5.634895	12.997478	68.328561	1.940663	35.990666	62.024382	87.484541	87.069180	31.537079	51.467674	39.500607	5.626457	2.500845	136.501887	61.222963	30.774961	41.206351	38.914712	80.671771	108.593432	90.102871	97.597123	38.779925	21.196382	60.300816	71.886092	22.876157	20.458658	39.762066	8.235257	48.103042	9.718954	25.362411	36.025691	 
67.010079	50.805755	13.290484	3.317754	4.609691	17.697907	103.222054	17.610750	35.620504	5.249939	47.266543	0.643109	1.563436	1.806021	95.733139	48.465299	6.051131	25.453146	24.152042	23.919019	1.913088	5.445256	60.015715	31.582596	27.272126	111.407063	29.424025	37.637564	55.470758	6.526890	81.169679	112.711720	46.337546	19.449012	12.925033	0.879887	36.807411	60.381233	95.249586	10.673671	25.453654	107.070134	129.868506	34.150720	14.081744	12.260389	5.969825	18.942880	18.988726	8.020770	38.673478	15.921977	6.627656	14.044692	31.385241	4.955915	8.604490	93.982630	10.338558	63.607962	42.787526	187.542852	40.267594	38.871746	28.297642	 
61.640002	14.243002	60.986186	30.182477	61.436200	14.581043	13.904040	73.349437	13.488893	66.901168	30.100147	20.176091	101.831683	0.838644	13.747677	19.199614	94.131198	26.755051	4.632751	28.508200	82.070029	28.449291	32.418287	45.695770	25.869900	14.414904	136.116879	6.955736	10.888724	133.958945	66.059690	24.812451	42.467449	33.207784	32.842106	22.696604	8.987779	3.531284	29.284201	18.613693	50.362324	23.102325	6.718646	7.710970	75.575871	7.324985	70.319056	2.593071	33.416805	26.926131	55.961616	67.876967	5.501561	16.448900	27.971708	137.689662	87.472525	12.815977	46.686924	3.010085	12.733868	84.155366	35.117989	50.760764	17.661245	 
115.868478	37.757060	183.948723	15.254969	1.368911	20.748242	119.467175	15.823899	8.072343	71.416496	125.332386	155.410757	27.792210	12.989553	19.926961	2.257110	18.416429	9.791734	85.550908	0.826143	20.406477	12.254878	76.375759	6.148497	8.529772	25.084045	7.425714	3.869868	3.979780	19.888703	0.405636	22.000827	19.298959	2.455976	72.425004	36.725774	2.669054	49.165912	47.015652	149.555815	31.682160	13.648965	1.707542	1.596610	9.733734	6.759903	8.799393	24.858638	1.100151	134.658159	53.504074	76.764425	39.478900	24.203515	31.163391	3.080447	179.100759	8.467474	166.537718	110.914196	133.036289	26.077672	5.812982	5.551414	8.491497	 
9.392971	28.796295	20.907027	148.546971	2.997235	10.565334	51.741969	3.426845	62.085273	24.654534	14.861983	35.745718	14.462436	18.041345	21.612567	84.823643	0.170991	5.966121	60.476554	10.118777	23.198211	41.027465	33.402968	94.811010	6.986863	2.961066	8.337242	0.859337	64.219494	36.660858	1.380147	14.054415	84.527465	37.608853	19.848266	12.619315	20.734366	91.118251	16.653028	59.672597	18.800996	46.246385	13.714585	38.096302	3.427863	119.853677	11.022867	16.509406	28.653401	69.326465	27.252897	69.175151	45.140159	28.299044	36.965333	55.328319	71.641837	83.632760	71.427958	6.339232	52.810387	3.986203	44.981466	27.493573	37.163507	 
11.121430	102.671831	25.770009	11.187596	39.795505	43.342498	126.213953	40.705756	22.395301	14.104422	26.066978	39.235639	5.485461	7.065145	18.743118	73.784599	7.131108	35.478762	16.341477	40.821652	8.774625	9.090019	28.359374	14.899902	81.537837	25.112358	44.874704	120.703335	37.494265	12.448354	2.709481	106.499110	32.691205	60.715086	10.417936	102.201304	15.506727	28.766449	17.705749	5.397442	38.863353	125.021907	43.582134	13.348583	75.775138	13.252574	63.092074	51.326334	49.036943	44.511556	102.329225	23.036861	52.670690	7.811493	73.651077	120.545467	29.245987	12.175660	109.925033	15.015259	12.390029	35.032861	63.082514	184.267812	27.782890	 
61.131871	55.633643	83.627933	8.456310	2.733950	3.313187	28.334743	90.823396	22.259758	23.126910	4.061659	48.213188	32.352737	3.910924	39.514696	8.555605	52.693683	12.889510	5.996012	101.162764	23.288310	21.632226	46.479523	60.117830	105.075902	86.675426	2.617994	23.127529	71.005742	86.508487	6.281616	31.060018	62.398314	0.926530	20.687806	71.150182	13.753180	159.510803	13.559578	13.700333	17.912222	142.859361	7.788430	9.303153	22.295179	35.381824	12.922858	61.097161	2.910674	18.796469	13.210813	38.398045	70.868274	39.943179	60.619183	69.437909	72.541511	83.607158	84.027377	77.687609	5.820324	42.700815	2.018966	13.150759	7.235046	 
63.667253	84.010287	50.660023	18.420537	28.436232	1.822128	4.295032	78.039773	26.173189	4.410429	56.739181	12.890122	83.059261	11.756088	9.585631	5.753992	6.322380	57.973015	27.896788	25.911895	62.380804	19.134182	45.622030	26.916279	12.166721	19.614740	9.322052	16.125851	15.026934	56.194302	91.692118	7.634595	95.426518	98.347362	18.247900	9.346565	5.587781	1.514268	8.037861	5.733271	1.268647	23.191915	36.468743	55.818532	108.378923	8.132307	66.750430	0.216337	37.168574	10.316513	21.978051	26.332268	18.432557	8.070041	21.600273	51.046118	3.201670	6.260002	15.512649	13.798703	19.904118	5.277585	43.771581	48.518455	30.900117	 
1.757780	0.972932	8.536385	11.157087	8.562977	31.315200	6.648068	15.721124	14.045270	40.339463	15.790187	72.631841	17.288683	73.086040	71.338203	24.490212	20.034080	9.213893	66.716410	181.376830	2.536890	33.892447	55.656324	26.226493	80.589603	11.760594	52.795879	3.183889	15.851537	235.265843	34.060627	3.841109	19.671668	81.398117	48.369706	35.487125	10.141098	42.434436	2.454098	28.373532	61.552608	124.685700	10.132702	25.938106	142.953809	5.659443	0.281040	5.845839	14.135049	151.917376	14.323080	7.671090	27.571452	32.971582	26.384876	127.919522	86.187527	91.152219	26.904776	140.305510	4.425220	18.855706	25.621072	8.845405	61.215011	 
9.201286	8.915117	122.873468	5.421910	4.054899	30.682428	47.464977	5.386204	11.828044	4.143061	37.441765	26.706794	46.729953	155.000135	30.489733	52.747577	10.328671	8.886748	25.755953	40.008325	15.763860	7.563685	34.436990	14.211149	105.769066	86.997449	30.458682	1.046007	79.813025	39.651217	115.311764	37.775671	25.139276	13.853459	21.241398	3.895225	15.465826	107.788090	8.939263	8.412413	9.997995	26.914323	99.123477	15.094919	56.150517	16.420735	8.858777	45.184796	41.850117	2.349126	24.369721	32.112795	5.429168	21.390129	30.265598	17.988872	3.956837	16.513168	123.395650	8.741907	52.841197	130.402380	3.908468	26.193344	67.426103	 
154.242332	27.798409	33.039900	65.829967	28.646406	38.983418	203.925313	38.082966	12.049270	14.377458	22.990510	176.800542	7.298147	12.298328	9.159376	82.848289	31.760652	24.079920	35.697090	26.626717	19.614660	68.972281	8.259110	71.809238	62.701767	25.741985	79.999493	32.612836	3.517138	37.134319	3.512474	125.826687	215.806618	80.274102	56.540120	54.893684	1.350075	37.612889	34.248090	5.115105	57.405545	63.691319	19.802529	9.040886	100.253412	40.183560	22.011091	24.183817	61.108977	84.903204	0.713844	16.297468	0.873375	16.802898	8.307752	16.652417	3.980893	28.730603	62.171831	13.029259	153.596880	30.103693	52.991165	7.642989	67.118342	 
29.875212	0.439230	57.120348	10.904351	190.767658	10.812171	24.855447	18.943361	51.179838	48.863076	40.531124	52.142338	19.619554	115.877343	10.549028	31.889643	67.013981	33.132031	4.683710	30.228028	25.905209	16.862903	21.611261	9.826545	21.556024	13.533115	44.814112	36.925338	86.657723	18.443177	20.446297	3.190671	36.974318	9.388977	97.732790	3.538117	25.187213	0.438088	43.381762	4.203009	63.215735	20.553026	45.922635	20.278973	23.827158	19.422710	57.687472	27.105694	66.041003	54.144051	48.936977	95.533884	0.502667	16.548072	5.037308	30.155449	127.018835	63.509687	33.562894	36.544365	24.577812	79.722274	69.626498	13.927735	45.026052	 
57.894363	58.512698	52.837370	133.396914	1.537934	26.503612	46.698401	152.232946	36.658199	34.135422	26.820864	54.277382	98.555839	10.588416	26.021705	13.844164	67.559109	4.086511	51.532060	37.701295	43.847865	6.771702	91.303763	5.024767	19.760687	41.712701	68.122992	22.332842	102.283076	25.592659	26.842995	37.672492	24.536895	15.513003	12.054943	1.554066	11.616266	144.647906	4.720372	74.042085	32.222185	85.905751	27.447395	55.094427	19.279533	21.907172	22.266782	50.403452	16.613222	9.164482	9.347175	41.241168	2.220624	43.349914	8.395807	36.510897	5.958111	15.977178	36.025812	87.667172	139.587237	1.849638	66.756107	6.836088	5.404212	 
4.092035	14.726083	19.792061	49.085992	13.073776	39.037729	70.722140	40.301886	75.779024	7.872362	76.986109	84.448092	75.387258	35.985478	47.979183	1.194672	23.289698	72.649942	90.404326	22.549599	32.631965	7.716080	40.891947	3.914764	9.351371	2.053841	0.813866	14.391442	1.116602	16.873439	14.237768	78.130845	3.355215	16.820053	2.926608	43.285635	47.843671	35.944308	77.515946	16.828770	21.169677	75.395829	7.624898	32.219283	81.489483	98.973086	36.013120	9.383065	51.540463	14.737568	1.108940	44.563346	12.129579	31.320661	49.382186	62.155305	20.063811	2.763702	33.098229	7.258332	84.478331	36.110796	52.461464	55.704990	62.339146	 
31.108637	76.175955	25.140332	6.390944	70.415453	2.676636	99.570362	11.795212	32.836930	3.831034	7.130934	29.221370	3.344190	23.650311	63.167842	2.738445	19.308462	84.866372	4.475431	64.470955	60.073947	12.648889	63.860202	11.547237	97.978773	106.545745	14.974445	30.782369	50.200337	32.545135	75.573523	20.028025	82.262280	10.915718	22.418881	25.861355	26.618648	31.818384	8.233439	37.935508	0.665461	46.777800	2.907061	8.663389	10.959110	19.493019	3.517035	2.471429	79.091017	0.415803	104.396142	27.563935	6.161923	26.032071	9.904859	35.988524	7.468025	60.049207	6.621376	41.930856	18.318751	4.218515	1.838790	5.970945	47.878557	 
36.641661	30.727677	2.821659	63.234426	28.581957	5.987230	60.308422	32.045506	6.712742	8.729899	96.598328	6.365683	63.522636	66.112452	28.198088	0.846526	7.227128	45.002926	24.189664	20.893048	0.739686	21.082870	142.515621	68.938232	12.478288	11.383004	17.472752	3.519552	47.520280	1.719094	9.220527	76.901324	141.248320	16.665137	47.516404	32.466594	34.800108	50.743226	1.995439	21.978928	60.572452	14.990625	27.358638	6.396934	134.335383	16.597669	2.430884	24.795168	149.770042	4.535559	40.566615	44.691908	20.340029	23.618429	115.616357	46.944380	81.484291	27.286830	16.040743	24.130625	163.362005	4.162544	1.397185	67.243304	14.907059	 
34.024047	138.060386	3.165581	35.614185	65.849523	14.577464	17.103560	45.079253	5.382915	152.760612	91.066486	8.276917	18.077216	89.688825	2.547778	72.671035	46.125803	50.437233	7.810080	28.741569	6.719414	15.558477	13.185840	22.816955	85.207880	23.549981	81.117886	68.209325	13.246422	106.431747	28.704055	9.744271	199.503813	18.452667	19.154248	33.416030	52.058918	7.352175	2.982009	42.426951	6.088634	34.171880	47.862215	53.511618	0.677216	198.756004	72.229795	17.034730	54.701636	23.284929	46.023199	11.388654	70.746326	23.921411	50.240674	24.422314	143.019984	12.174553	1.594251	29.943073	9.774502	32.235618	25.596247	19.927597	30.278484	 
7.036787	9.454222	92.181421	132.933499	80.714878	24.840748	8.046243	72.141033	20.943265	13.283025	2.672121	146.982117	18.589157	198.835643	87.456406	0.863285	62.453365	14.724367	29.068062	145.405074	173.029818	66.515362	18.185803	3.484586	13.943923	8.186663	9.220568	16.144109	11.117996	0.881242	128.749998	2.739191	32.633763	42.112521	52.533357	3.178776	170.878328	39.674075	80.301982	25.502532	6.211995	62.004874	117.160242	44.287755	18.015966	14.202724	76.421978	26.171921	54.624192	11.706600	6.439996	111.097714	53.026264	13.701255	26.388523	19.043685	86.950759	26.895834	8.711716	30.616418	26.370778	122.887144	123.806356	55.186637	36.157450	 
15.175581	14.881468	74.379194	50.443810	53.095808	28.236995	18.757944	5.425463	6.078136	16.154428	92.853610	56.385789	9.457040	158.491371	23.502951	1.808195	20.889454	2.596737	51.716278	5.965042	34.412307	10.679687	116.796788	10.418976	24.401428	44.561476	7.142025	31.705375	34.344384	16.768698	1.483272	2.301522	36.367562	7.452220	7.172085	84.374855	0.656015	15.917859	45.330512	18.276570	35.528596	29.612156	32.917300	1.616037	43.765824	27.021677	64.040721	37.633832	21.299947	43.592308	49.638941	21.845747	0.472386	18.395072	40.066931	1.026588	120.645085	28.009608	10.759399	12.929126	36.287095	112.422742	56.414178	3.146385	108.110440	 
156.828120	78.084659	11.858725	164.239532	46.686580	54.925494	4.441479	85.794689	23.508064	2.333271	1.111470	116.088487	77.171536	79.635633	36.737497	65.407577	239.500276	11.817969	75.154316	86.443490	8.639483	99.092976	26.436919	67.428749	40.238103	32.054063	47.661232	20.447099	50.048840	38.472959	12.505859	8.050092	14.638830	6.256714	71.433472	14.471329	41.685402	32.485699	55.149083	174.112308	88.694992	32.996156	24.144665	36.891243	62.081041	33.051929	34.363844	52.856820	54.107554	2.119292	10.210719	3.489466	67.867285	3.714435	46.594786	64.833449	55.290937	39.145004	30.175636	64.139364	39.259804	18.420938	10.754989	53.356815	3.354355	 
3.557370	8.256266	38.992795	28.630237	3.120393	80.462274	63.620070	188.332729	3.909478	117.028837	23.402235	27.620381	14.086790	14.452502	7.799439	6.704346	21.491331	6.026508	0.600464	15.190571	114.799224	63.451208	1.702972	49.160794	83.782342	2.627208	22.529949	10.993640	99.438666	4.864563	4.043432	6.249009	21.330030	3.001818	22.556461	31.230263	93.183505	4.116721	9.909676	130.819334	5.627509	13.775196	76.088725	25.128478	71.003578	79.227174	51.085672	21.233235	15.449111	26.302872	1.378027	148.865053	27.994411	126.295050	20.944198	17.724666	22.605964	22.458804	86.183097	16.859098	1.916884	16.638653	102.435583	26.245580	56.155170	 
180.041707	14.457495	33.770908	15.817916	44.577831	3.494080	16.628729	26.286632	14.288504	6.790943	15.411996	51.248712	4.932677	44.129566	15.888519	83.348501	40.177404	13.559103	14.390645	4.503968	17.173700	90.924637	28.791024	6.748738	24.303663	6.836683	14.941577	10.602637	23.043326	92.017389	64.653303	43.100742	38.545961	7.248790	25.040837	3.899412	5.695387	37.712484	49.949950	1.511009	1.527621	76.308878	24.100971	106.252260	49.772459	25.517448	59.478928	13.533534	7.193315	62.080633	26.190838	95.485899	51.839246	14.198578	49.908362	16.654692	21.784390	68.437725	96.840595	1.911920	12.283974	3.483627	148.847189	19.592955	46.838453	 
22.573502	89.791056	3.954034	101.647137	118.341689	19.875317	47.117306	6.034737	84.875626	27.084255	15.252935	59.973710	92.824604	42.561358	29.828865	49.110280	5.598968	64.488474	8.148444	53.961897	72.624837	61.520181	40.791613	35.358925	11.337265	59.422076	43.668973	24.124097	3.815064	22.381136	12.068945	3.605546	14.864109	5.483264	15.157404	18.834803	4.308879	6.875218	18.464637	6.781777	48.374871	74.433356	83.228776	149.954338	20.307968	39.179343	1.295514	63.201514	76.799844	45.041942	70.409077	5.248740	0.633756	9.312336	60.722599	11.280983	81.341176	8.220562	122.788364	37.136740	55.007443	51.957400	175.056846	12.170711	39.635705	 
12.408237	0.425329	4.232030	64.511581	48.543158	14.258524	23.609368	148.559595	44.724397	16.246156	3.684758	23.075170	22.819368	1.193409	28.969419	3.315773	12.017519	68.891260	79.162432	20.763087	11.833156	5.153333	13.301529	49.431019	35.521703	76.660097	25.461331	103.903692	14.446778	28.062837	62.259167	9.468765	20.168119	68.979719	2.796912	0.464189	4.063662	36.017625	2.605360	21.088762	11.941635	2.524555	72.238767	3.747480	0.088765	94.435361	41.459691	165.636363	54.886438	18.509974	3.377829	25.856634	4.872030	1.518862	88.828687	5.537733	70.199687	21.379327	74.162328	19.396894	23.551770	42.343089	20.513804	34.776773	10.643306	 
16.028017	64.763536	1.660831	1.414409	55.901257	38.726518	82.079249	14.492225	4.119686	44.182632	10.245932	7.504312	37.835122	74.909544	2.512700	20.140272	40.196848	93.844046	3.933993	65.252279	13.589863	3.185557	11.067380	2.589555	72.464140	27.060435	65.674448	53.503877	5.760385	56.963703	96.807585	44.907323	46.253458	86.581452	10.759984	123.708081	6.945832	57.275449	95.730438	62.678248	7.911489	18.340657	1.687839	13.242425	0.319038	37.900860	0.719677	64.417874	12.859484	23.702462	1.734539	39.913439	50.471268	34.959977	126.067294	5.533004	46.821915	61.809012	6.732151	10.070150	8.056531	80.421526	9.737927	28.319581	54.549527	 
126.775710	7.886754	9.212522	57.454955	45.897334	46.966296	60.104716	4.845778	3.937612	77.078927	8.348739	27.328692	10.531211	29.944501	37.692497	89.794837	84.394381	37.209787	155.489695	8.571838	8.761937	10.297167	0.666028	26.545936	159.817553	12.726856	106.190997	78.092546	199.922523	121.729702	1.270638	51.370610	58.399291	71.167189	162.924279	44.655770	12.172243	5.010694	11.234251	53.051220	11.021069	8.420537	10.815939	10.345966	7.853885	113.170997	193.745319	46.733054	39.157982	86.842464	32.902538	17.511875	25.959117	58.383475	2.431660	10.282262	42.726391	50.866995	54.117449	1.873415	4.096242	50.135870	5.256302	40.764786	18.838218	 
61.710649	7.037186	33.588898	11.816797	22.603391	5.141714	47.434095	8.394496	18.041500	32.128151	25.444461	38.427568	17.314511	27.953222	41.024541	70.385049	13.588384	128.130905	18.339322	26.276784	28.611129	17.567267	9.913597	11.467605	50.200273	20.142893	146.930556	168.530564	44.703006	7.316818	5.414398	31.349093	9.549053	60.933861	6.002414	14.424620	13.102283	5.971957	5.624385	7.268409	1.707455	0.524703	13.911515	17.275705	34.933537	12.718693	2.253887	9.552781	7.586285	15.368715	23.845527	2.153806	81.403947	40.229103	6.715056	4.167295	78.385237	4.328025	50.379620	14.804992	61.838916	177.935868	17.161235	12.425074	23.918361	 
36.694470	4.142457	16.856326	1.974433	36.877288	26.372132	4.000896	30.265752	57.416639	55.316760	25.577807	27.708948	1.807041	23.010859	44.548858	21.972544	55.569781	56.052905	4.951353	43.329353	55.188472	215.237558	4.948926	18.465556	85.154850	63.756789	45.067526	19.182950	42.452888	141.862941	78.143675	16.569051	15.558443	8.691368	36.635030	40.890591	58.399674	22.527672	91.980247	10.444350	60.254374	1.875771	36.619809	11.881703	3.630123	121.003511	79.619857	46.738045	31.638616	6.835980	128.545150	71.064995	36.088040	17.680308	12.918413	73.019202	64.671931	24.130484	129.902300	94.393403	39.285571	51.367586	6.456878	51.403435	35.846692	 
17.529440	23.647510	36.375598	34.329234	39.332734	9.287259	29.849156	82.663652	127.180245	10.379187	15.227192	36.797281	0.138025	37.514713	61.944646	3.366772	13.471060	22.287959	6.215565	92.207170	8.794745	50.647218	13.026162	56.932159	101.183263	126.234328	30.364459	57.525011	18.113239	23.231875	143.075082	11.806404	3.747098	58.021867	31.213227	120.288171	7.465937	19.566741	29.713153	61.963408	2.612205	9.732985	111.633967	7.246242	42.497555	44.906305	5.359993	67.855691	50.158033	35.109298	20.755659	91.713567	8.954720	4.316428	21.623835	77.897901	3.609762	2.950024	108.048224	56.325382	4.451125	36.237181	0.220248	1.563846	10.171160	 
7.068830	53.569916	33.495299	66.070052	41.728029	13.922317	29.370569	27.874017	2.282060	63.731906	24.946518	34.368753	17.267360	26.501082	58.719904	180.260797	7.867185	38.188541	35.004033	9.099797	44.415800	57.621659	16.349004	29.666378	189.402865	38.289111	37.134867	34.868161	91.331830	12.747726	96.185980	53.181077	34.271159	62.299926	27.875738	62.011934	21.376373	26.257148	4.614509	35.220970	105.141516	15.940741	41.895662	3.030393	59.658885	23.909255	10.258029	147.999464	21.162699	33.576573	29.811678	75.428725	3.532439	31.027155	43.769490	1.917762	36.845732	14.461523	68.223575	43.780752	2.790147	47.936296	9.512012	2.879126	60.662377	 
19.878690	14.906083	118.089443	258.199033	1.769611	106.246819	18.508835	28.247890	10.008189	64.820679	27.275386	27.285254	17.975935	61.145912	119.543517	22.791907	2.650903	96.846204	18.942529	43.679810	4.270205	24.530323	18.757041	44.338064	69.677951	151.893426	40.244806	70.039282	35.691814	34.745757	47.788821	9.145870	225.493500	16.734873	217.728708	1.757846	43.395048	24.047497	52.112244	6.341315	14.646092	22.523716	3.688920	34.104296	70.832659	27.459062	15.535946	38.439707	20.424469	57.001607	4.170703	76.364172	123.018738	5.433348	269.646236	126.226023	4.216788	1.504946	46.496412	71.805999	6.565093	15.280869	85.761148	12.869730	87.840735	 
17.587469	47.208398	93.229616	23.426114	10.688870	48.185313	0.811525	72.400811	26.103710	14.525355	5.486570	44.248450	23.378117	72.586754	9.808775	87.386589	42.182541	6.160897	107.203126	50.527908	147.595582	117.772500	73.821827	55.632434	90.912050	2.928129	52.164416	4.369813	23.917538	10.570479	32.677611	27.921855	46.543504	3.893618	22.620538	14.567337	79.640009	41.256327	18.866611	41.851720	140.140146	66.241721	29.019766	6.659332	90.315127	13.230310	61.408116	26.653902	41.616661	71.890724	95.937923	3.960997	45.406188	86.459803	39.114593	26.786363	40.700984	12.075527	37.484097	25.847171	15.672123	17.509745	28.157533	7.670546	10.192723	 
12.593115	40.217784	3.467375	33.258803	153.391078	54.988089	66.493561	16.659984	9.403555	24.396635	1.072654	16.618604	42.443355	11.018631	4.086893	51.966634	17.213359	18.482454	34.785570	6.738632	74.345324	34.496153	14.450721	2.286774	142.366907	3.213941	66.089401	16.647973	4.797389	62.448994	52.956305	24.149500	6.480484	6.289000	14.756402	35.077085	53.353089	40.918066	76.556457	15.754281	55.093266	4.419797	0.832976	43.458805	5.431085	14.378046	95.446605	46.643717	48.676874	18.866572	89.671588	102.150216	207.418277	57.850850	39.973820	70.932921	1.372711	18.013792	35.507953	27.664238	58.478584	48.109716	55.476138	22.946371	26.627750	 
107.749637	40.767062	7.415001	89.243717	77.825930	54.539859	63.060530	2.554172	42.985855	45.708206	29.590276	20.650520	43.233079	18.620360	15.121707	14.757791	43.262768	17.986394	41.771405	23.576624	1.960443	97.847956	46.684398	48.568161	13.434832	10.107256	26.882344	98.699996	10.571188	3.820802	27.775506	53.032669	13.364274	17.430355	24.339728	28.287304	2.620036	57.800399	29.828225	4.702254	16.281504	15.934711	19.549294	30.740199	28.767006	7.225596	36.737249	118.296184	9.471579	62.519861	16.191924	75.002910	71.781236	34.534052	42.740284	10.274999	69.239849	3.377785	52.974719	13.130953	91.125207	2.389396	30.874391	32.943295	6.007293	 
13.094010	8.234563	30.556441	14.374693	81.386532	11.444602	62.274861	20.799794	49.877039	12.527168	106.777800	50.239711	91.609753	12.199367	95.306919	67.482538	3.757067	8.583217	42.000361	94.118819	59.118847	68.060746	49.094311	51.507607	14.332044	15.579484	54.101841	8.961841	27.124916	2.055792	2.249933	71.276893	22.647136	1.886018	3.789001	29.891167	79.229368	0.952805	63.893882	56.926296	16.441087	2.934945	21.555170	41.229633	16.813097	29.754628	10.852785	12.342981	86.779907	7.067551	82.071380	4.348488	159.934288	118.340702	0.692488	33.004568	2.109141	27.597031	10.112308	19.994362	16.879764	4.910593	1.714146	25.205378	41.780733	 
13.756371	70.235660	15.000025	62.742496	8.933670	0.962015	13.704782	12.756813	3.819609	4.093401	8.720694	5.779721	56.569207	35.661274	18.177442	22.583451	22.916605	95.115997	56.240867	138.003883	58.818234	6.885399	29.545316	35.390995	19.265594	59.334218	61.211827	17.337343	54.006277	13.686035	4.795577	85.631967	15.200447	44.717078	13.539591	31.063352	80.827988	25.462743	45.136608	16.151318	16.453337	92.969928	28.968986	16.707357	49.935489	4.328448	4.739695	38.225610	1.126341	0.926163	30.080788	15.051885	56.127803	35.066442	15.721416	5.676229	2.552699	35.563831	12.935377	288.888758	11.242394	44.017337	4.203990	62.440271	32.488113	 
30.845138	20.212740	137.789605	42.515148	7.212771	40.263674	25.437545	16.158110	75.025976	67.179921	72.307798	5.601417	72.253307	9.610885	5.042050	31.079695	53.725794	41.346135	100.639219	68.750622	7.655360	22.011832	67.024357	40.298312	6.702231	19.187619	10.367411	58.163401	33.386145	13.963793	5.153406	39.313593	30.932628	262.081348	17.501680	3.627507	44.645404	84.462443	20.244993	52.310573	7.451810	85.854399	40.946648	2.982550	18.909988	77.956349	23.483152	18.081571	9.677125	57.019578	75.705865	16.615337	30.593040	8.938566	22.650005	80.026107	15.490929	11.694245	4.982328	25.818415	181.714497	67.688670	35.912042	12.923334	69.729212	 
12.791736	53.350572	34.037734	5.489884	10.467957	9.052960	22.925050	27.287980	7.827289	64.203057	145.809235	30.576398	24.417078	64.238556	91.009238	29.373126	8.634985	27.912626	88.248717	13.725201	25.758471	2.386814	5.701692	27.776718	47.520492	122.626386	121.457712	26.770743	1.669760	20.624025	34.004053	4.104101	90.736330	46.325678	28.706128	40.231166	53.043715	100.944068	7.883766	100.509075	62.781962	39.552925	20.862790	8.885381	9.368955	68.866002	4.516455	17.216193	40.388090	9.127386	62.693250	31.235778	79.387421	10.481825	31.878131	61.349953	46.936789	28.211000	7.233763	9.197011	27.125229	2.151844	11.961600	77.625059	5.663961	 
0.574615	37.001868	29.657741	4.616686	46.101623	39.742152	18.912787	30.327948	15.573117	2.211196	132.876010	33.088807	6.165282	5.012867	3.234790	12.705223	28.964007	31.034168	11.730820	8.329971	36.216546	32.885776	2.048549	109.809437	15.388719	48.858029	27.823807	110.045929	34.560393	27.912416	191.018974	67.684329	22.327547	0.894925	16.891424	152.692602	34.116284	67.757634	2.418959	13.419466	22.597283	51.949106	10.819781	8.510941	22.486464	25.394133	24.117254	6.936025	3.439158	108.162494	10.703519	92.818601	22.168391	13.532442	6.195338	1.699797	67.995467	10.793475	27.994066	3.259123	27.572255	0.934956	32.085009	2.183299	238.224666	 
11.013081	53.196388	3.959700	1.290832	135.236570	60.459252	19.353563	29.710622	16.073171	50.405854	6.491223	116.549251	25.162111	51.380860	16.946168	15.191619	9.785210	16.666091	63.739971	32.345096	83.210274	35.535930	5.218965	12.776347	52.555194	6.032084	19.209221	14.414995	6.610488	5.172578	4.614965	6.187362	61.351430	3.964681	29.290592	51.483806	11.473219	44.833375	127.042050	30.615953	6.536313	68.711235	4.990046	28.269456	62.484801	238.020176	17.380025	18.338788	51.731544	56.265250	67.141264	12.669894	22.102850	40.271908	20.588566	30.540572	40.621627	9.835893	6.886895	5.695763	16.612954	20.226902	16.270971	73.359414	37.165743	 
8.707838	4.963718	13.675903	1.972913	56.416406	20.584773	107.885771	46.584791	46.739739	242.747838	18.773025	95.816215	24.588134	15.312831	8.827630	8.901684	23.097298	41.958689	51.871776	74.019188	4.710590	16.516933	77.153505	45.758662	86.414910	70.045385	33.246194	5.575695	27.122067	3.969263	13.247576	35.989336	2.431210	46.034598	34.035278	2.532748	61.242637	35.367829	35.911484	102.399598	87.144952	103.126433	14.285849	80.109809	47.311673	20.266503	16.318959	110.666309	3.701249	16.481697	135.590175	71.039468	0.653301	12.468388	89.268617	18.199161	9.351161	41.091494	0.534601	38.350376	41.651492	7.348201	55.120295	5.251699	101.226433	 
122.323395	8.949471	16.910954	89.486630	66.065648	206.745119	53.111175	46.811009	3.477162	12.441222	20.554125	16.704894	75.764207	20.812144	16.326084	73.532484	85.243110	95.289618	21.065309	29.492980	31.683168	142.863637	41.774527	12.147260	18.065273	49.614481	12.405579	34.626992	103.841272	3.275603	4.606815	15.943512	22.845188	21.145137	8.988009	25.014367	25.689319	23.410166	8.914282	21.513328	26.311325	14.234942	13.998861	10.108473	84.709322	10.722951	37.455541	0.983495	60.203051	75.642921	60.460517	4.592629	40.917859	30.740231	23.485825	45.442698	43.195743	39.233585	44.692546	5.249073	14.402061	7.925655	26.648841	10.129633	33.246705	 
2.612432	205.509284	90.411606	74.228124	6.434055	82.350270	35.917175	6.808989	7.421377	12.224687	19.932337	10.342927	47.716858	54.121157	15.053019	14.711088	10.072138	13.530990	56.019598	22.253220	38.756142	15.067923	41.999353	86.927322	7.938144	5.712115	82.842289	32.502640	86.747089	18.142347	1.658532	23.366396	17.881790	119.335766	0.584306	11.250146	4.926824	50.448811	21.099199	102.639603	82.070262	24.026571	45.022724	65.987437	88.709543	5.661870	23.489676	8.011403	50.196066	59.790352	5.598310	63.523833	11.581370	1.835150	30.589325	103.365924	17.362690	5.315694	1.269612	5.992857	27.842215	3.202664	66.215747	4.767776	3.849782	 
20.924700	57.616497	45.624321	29.706418	10.123418	2.213951	11.666749	43.727531	29.144546	10.797214	23.616838	34.897112	57.372443	14.212262	61.924215	5.969262	8.968247	117.266072	2.723631	0.677757	63.217817	12.579913	24.742390	1.149587	9.079309	24.657194	28.996651	92.918886	61.269891	7.809843	30.799624	115.786872	7.847728	116.199575	177.837194	29.308119	2.258077	72.675653	21.213242	10.529380	14.038765	25.452155	26.083320	3.879417	8.749572	29.987077	1.106112	33.554427	3.206424	39.287557	53.245631	18.962239	41.722599	62.559979	91.620354	1.617808	2.991966	23.400361	2.332939	47.763707	305.521925	15.776021	6.456935	58.559330	77.444499	 
19.723565	92.719096	108.510962	1.940383	54.876870	7.499557	14.030477	16.526195	45.575957	18.166637	183.218666	39.873643	152.962521	6.701741	48.073139	6.577933	17.034521	30.644284	8.354556	2.724661	21.193861	67.554558	63.716109	18.868353	5.449385	44.755713	60.688088	1.697752	54.261548	12.060155	15.671979	2.724550	61.867010	1.087126	134.100502	0.437757	20.724581	46.223555	18.503889	75.806763	39.577027	2.707027	5.731962	5.661935	22.456857	31.413994	5.811958	0.560656	0.351581	23.806250	102.788788	2.213641	46.118890	65.987945	10.394435	5.094885	5.765769	36.311259	14.774569	27.129569	30.261752	46.019328	21.634109	50.172061	8.320227	 
4.913872	100.496968	58.173695	1.150300	79.581352	70.878197	28.592675	2.374403	39.489113	3.577424	1.651378	26.393025	62.853314	0.789444	9.318562	47.594175	29.222484	70.273784	101.644516	7.664264	35.730769	51.451679	37.147007	41.457026	1.105872	33.169850	1.031720	32.631851	7.149679	41.228844	34.726957	23.120520	11.539283	11.489308	58.116411	86.136972	16.783094	70.552576	64.726390	13.250418	30.502105	21.407348	23.313801	87.422813	5.095135	94.849004	25.174925	23.187084	117.274613	9.543943	68.331064	27.642471	13.471185	8.826121	52.696236	40.426977	34.842920	14.491477	26.015113	5.540162	15.277051	29.798385	137.034715	3.592567	1.910237	 
6.226311	5.993919	34.305829	26.144944	60.586914	86.386166	3.783453	35.751779	3.831357	119.412714	30.044345	25.060844	3.774528	158.013569	7.163195	65.915195	7.343650	27.213853	0.609584	44.728687	9.993895	7.684643	69.391329	23.587309	25.407003	26.975687	27.567318	30.851004	30.334795	34.649015	17.895207	83.513767	11.715429	74.100585	12.350548	59.268537	37.620908	36.419359	1.397575	18.992530	23.453390	47.340866	48.533801	76.578727	81.265830	111.095078	32.606216	15.241507	19.870868	15.036785	11.853941	5.529605	12.155724	28.609125	150.460253	36.795222	25.099290	36.802519	3.596653	101.095613	108.893319	62.833648	10.251632	15.291089	72.247283	 
30.829373	6.132006	59.091446	23.986151	40.705902	46.517006	51.955630	188.889172	30.354684	51.600942	9.339556	9.844757	20.033811	106.563985	83.175613	34.391991	135.186873	15.148116	351.003081	163.003664	3.245894	17.602834	4.936715	13.284705	75.559574	92.568973	38.450642	14.100688	21.101232	110.405037	2.322482	2.644882	105.294456	23.152134	70.968965	17.712911	164.110494	28.008022	26.099909	26.586403	83.576543	29.683959	15.434550	84.273939	14.083560	43.903274	21.621352	37.687277	5.079936	4.344889	37.667360	52.480656	49.672469	69.363792	10.282659	22.088830	50.668617	2.353733	3.401788	4.980044	6.218909	3.615493	43.302888	20.026624	50.685073	 
31.134285	38.254579	6.875992	28.872769	6.293380	8.188297	5.809656	7.441720	44.197460	31.845857	128.395806	3.380669	82.249147	42.913154	28.388449	26.233338	38.753970	31.706391	18.651860	30.570784	165.410044	26.816525	38.845038	3.768362	10.355824	32.897503	14.676685	36.297969	47.348499	17.977964	179.186871	7.748095	38.709369	6.877200	86.102139	88.860057	87.697885	61.305781	4.467952	4.214360	3.079714	174.876437	2.919955	8.120501	3.027171	4.872024	10.896431	24.231557	0.469409	13.422197	26.898069	9.168110	93.171251	15.282573	8.279987	36.329247	3.616546	28.943288	0.180502	81.746688	4.331730	27.909439	38.598838	110.827200	3.252762	 
62.248365	16.719873	29.462826	13.905400	162.401949	49.281094	21.366269	9.364076	11.897937	21.513186	69.283407	17.059390	44.651645	15.485133	20.068870	31.016133	24.857930	42.278605	1.952792	197.227113	131.851469	21.311418	68.320976	45.121117	37.633667	17.970054	162.122987	38.619982	19.820409	4.119441	21.519957	30.629912	26.929859	171.475628	46.138075	22.145548	100.208803	23.839185	117.818068	127.335981	32.508325	25.330365	16.463815	58.005376	18.651389	39.495269	47.784897	9.264101	16.097505	6.533153	80.901460	71.229619	3.660842	18.325153	11.516478	75.868259	15.576370	17.036692	31.177412	90.431264	22.125377	3.706076	212.910609	60.856388	34.040544	 
17.189397	28.382735	69.484910	28.059164	153.301129	166.385072	58.615960	11.588457	28.328061	17.422711	3.337507	30.489024	7.963186	10.245354	3.590000	23.890232	11.451035	2.390957	7.785972	62.380602	34.665115	31.302044	8.442483	5.589865	1.511968	11.712308	86.003856	27.498976	15.996117	2.002610	13.450838	172.184415	16.459611	8.463438	55.975971	18.571673	21.216000	13.554952	121.324837	2.604461	4.350135	31.859417	2.986167	0.836435	10.519321	14.544136	54.296821	103.411057	10.573021	153.906758	70.696529	22.524222	2.386453	27.988271	116.155617	41.344728	181.190933	25.547062	24.897625	51.556076	70.978024	4.721867	18.425061	35.253722	65.341021	 
41.010745	18.211438	29.569068	62.491654	22.862995	14.685751	9.875970	11.801235	15.393447	23.490184	83.934625	11.610064	10.510068	4.023494	51.256616	175.782359	29.858077	19.450886	4.418357	58.298012	9.810725	4.892551	19.168346	30.735772	23.210622	43.552260	44.707258	38.509627	46.530217	38.145764	38.215378	5.485856	12.964646	0.867074	98.714933	17.017729	15.050092	32.061133	6.007908	16.833737	28.236130	1.008420	20.545950	42.973899	57.422080	82.419254	6.401744	54.405565	166.901449	22.802741	10.012527	38.803523	43.372675	10.565383	79.856588	29.517768	33.363056	47.506643	44.655978	12.850769	93.144273	3.009578	72.385693	3.709018	60.772327	 
5.300972	212.086830	22.206571	50.490104	102.835159	41.255742	4.519160	29.685438	44.999537	35.241458	82.901508	16.320904	61.359171	55.972701	23.252064	62.490332	86.571670	1.869252	64.565457	95.658562	2.688680	66.904087	40.976498	116.182839	19.265934	10.045808	3.001914	22.384049	1.330622	90.246039	112.319214	49.246449	49.864866	16.828273	46.586495	2.283330	4.309792	36.086079	10.726947	39.954350	9.271683	27.318772	50.371670	77.987363	5.375997	15.991238	2.595721	142.694817	43.342283	82.956411	9.794434	84.231781	21.949877	40.772548	75.441145	73.617160	27.336956	4.083508	34.402462	31.505384	5.746119	8.875740	2.585856	117.614437	1.031010	