64
0.000000	153.891934	13.181313	31.119137	160.348518	5.765845	82.907456	16.581034	6.396641	14.446777	14.068314	42.476219	26.102009	13.887160	95.695458	44.882023	13.431663	141.485464	65.403868	16.191267	14.889130	121.043363	89.822201	16.569774	47.784028	36.682817	43.127078	27.605297	23.694591	18.285124	14.593640	24.731265	22.131340	37.897073	61.645320	40.134131	75.873397	2.670051	5.049566	12.509081	75.758972	1.298130	89.406100	16.651395	85.913764	42.385781	29.320621	41.904576	12.408101	57.196407	21.133959	18.787205	30.491404	17.955963	0.907985	24.437235	25.795342	14.590903	59.903115	1.567328	77.161184	37.295247	43.233509	25.050222	1.621042	 
25.200262	2.005241	28.037082	0.952433	37.691514	36.190003	9.350258	32.514667	11.536272	3.888266	42.727819	3.952207	36.928009	10.461164	83.751879	83.287470	33.396911	94.238439	45.341288	96.645528	4.249889	73.641721	25.079746	47.620025	34.484658	4.166577	29.423930	20.114583	2.181035	22.138992	61.400033	5.412648	5.208280	57.658239	126.597450	44.087634	21.576022	80.210611	11.647204	17.801421	13.839609	78.306002	3.296434	33.375229	50.820458	23.899054	7.706613	5.832533	8.090759	17.799088	25.490151	54.490070	23.765292	9.484929	3.047391	16.817216	35.119920	191.849944	32.844582	60.623999	26.763765	52.280461	7.382950	102.096066	65.483653	 
20.623865	9.620262	2.569077	26.373761	100.637112	2.187847	72.175368	13.239233	47.517873	92.204045	4.028987	23.965408	110.200698	18.884846	12.072809	44.810579	5.470505	18.481750	29.160365	72.599181	46.474614	32.067202	24.921146	2.935407	23.008809	100.449662	119.996337	18.301429	6.025411	23.247279	76.189926	42.974734	0.729007	16.437752	77.896908	4.793620	32.499835	30.702994	15.144554	75.519970	66.228034	4.134388	41.590411	55.844091	18.883307	20.208776	107.632831	15.307817	50.810477	31.491586	7.081722	45.427742	70.516847	12.715433	129.538215	41.623862	34.169750	11.349304	90.984183	78.129489	68.029111	30.870498	3.514758	0.881095	25.781388	 
138.920194	67.327709	177.459986	8.909322	38.171025	58.159352	20.166613	20.378531	12.812443	6.382844	23.731857	93.620139	2.108888	45.253518	4.636976	7.173212	22.752610	7.607966	106.196483	27.671672	14.851397	107.464379	29.713138	11.968313	33.297859	16.454523	76.238259	3.091621	73.118919	3.004321	19.790666	19.219888	83.608701	14.294354	9.126852	9.506427	8.256394	33.326739	42.667762	9.290171	18.681127	36.349794	21.390501	11.212907	36.462199	17.707669	65.751184	45.497464	37.089114	10.896532	24.883931	52.678063	38.695487	62.720605	97.984886	28.698157	20.990572	108.948971	45.475360	10.566792	2.726771	30.185230	60.124960	15.251761	0.731037	 
23.997101	11.934015	145.709177	14.341785	4.086237	57.891683	44.184093	32.673050	14.921022	33.788867	19.239380	9.200590	131.952623	115.805863	71.234567	21.092405	14.506107	46.751348	25.937821	138.115090	32.595108	9.582956	18.871492	35.809186	142.248300	21.368604	7.322034	16.554208	5.492150	47.565618	41.056439	15.773036	21.642497	11.479993	60.639058	67.109256	8.203488	4.375059	19.717949	72.189664	26.471743	50.426749	5.834361	27.236558	91.750164	10.942766	40.265938	10.201753	23.981734	36.619692	104.092138	41.057105	81.287638	67.155315	70.862658	14.162019	56.025091	46.094393	13.920877	50.583130	9.231734	27.164921	18.241236	23.195266	3.659451	 
4.972864	1.666798	40.955220	90.247356	19.265235	11.664132	14.295120	61.618566	5.256088	173.572551	1.784213	29.519969	16.498555	20.831717	6.088331	29.099411	83.142235	50.854483	18.108213	19.187575	7.648911	37.546201	1.897097	1.439048	8.490584	28.307720	2.472189	11.092429	6.162980	17.181368	13.021061	51.670541	8.603594	47.006759	56.738595	5.171348	17.845835	4.590077	4.076007	3.122639	16.573769	9.811571	20.667511	49.640445	68.073183	49.964217	9.694714	20.190553	24.347893	27.957285	13.470359	21.740008	35.289113	43.927173	30.622073	32.268585	26.434172	0.986769	13.684998	12.282875	41.221934	60.761060	14.918984	11.609135	13.740998	 
85.634472	15.718350	7.234838	30.951647	1.062761	11.278696	4.776719	3.896734	63.952568	62.604258	31.741400	28.514180	16.998820	4.328719	162.393649	15.364137	31.198482	53.157144	98.825175	4.820778	31.146402	19.385562	9.066656	31.847439	10.855296	3.453050	81.838001	8.021835	53.644604	9.746783	2.041363	70.569382	65.911748	140.902982	101.011308	26.102779	131.362299	73.573110	8.589153	72.745326	25.075094	14.365270	23.575592	47.105560	8.328431	2.219973	8.139732	41.600668	6.270566	18.700544	12.544561	48.647248	115.646653	34.848090	14.189661	111.367999	23.349300	6.431187	7.453407	36.167048	12.278863	243.823076	34.994898	33.184437	25.654583	 
53.667767	66.447443	1.731934	17.766163	41.774609	6.389465	41.637670	2.305440	21.362857	37.839172	2.787927	243.970082	27.339589	21.149062	15.520975	24.667691	32.458492	10.241010	2.611490	15.268399	2.264017	37.109312	25.861591	52.192809	28.380401	86.807942	43.812851	49.732876	7.644849	13.280232	18.290600	12.495909	22.015371	36.277075	71.517161	94.118467	32.411206	59.038117	51.507202	1.726644	11.608825	16.154416	32.038336	2.960920	43.921996	67.455691	22.082470	81.204212	54.209968	24.035228	79.369045	15.014181	54.688339	30.686467	60.372002	69.746193	4.959210	44.843811	2.500918	75.407920	46.101762	1.250314	9.140335	13.512054	18.789234	 
146.067630	27.744246	58.762633	118.765104	8.298470	54.927024	21.320613	15.195596	19.825129	13.393974	70.530048	30.994353	20.135457	22.359860	47.791140	4.240696	53.017672	27.460606	43.354073	40.647818	50.647811	10.873109	90.586999	105.811151	30.289468	14.185426	24.667063	3.177733	78.179354	13.611823	46.878062	28.421283	7.491343	28.110002	6.353721	26.417371	37.808785	11.509778	33.871723	31.751195	2.570037	8.081006	17.887599	20.285408	40.627496	16.451432	61.547326	6.601748	20.917332	22.121346	129.707279	7.044824	1.120606	1.442152	84.346129	13.559932	116.572036	84.910883	138.919352	158.438605	18.603080	30.023790	61.602786	56.032429	8.825982	 
73.964513	11.992553	31.547460	15.635207	20.774422	124.794908	18.260549	42.982966	146.749876	7.047970	209.757399	81.123355	10.416553	21.107367	17.698536	14.404853	78.403582	54.507791	48.058733	46.892166	34.514704	8.236494	6.058985	6.239010	9.742127	32.551241	37.682539	62.688894	79.723960	34.386730	33.144781	24.402537	58.506219	27.290852	18.211780	44.784838	24.349729	3.146623	67.820778	17.922765	60.061321	17.088467	49.302715	62.484009	16.449651	8.327435	37.174330	97.304801	78.656071	60.230313	9.944874	18.265556	0.589739	37.457255	59.850704	52.627064	92.261350	71.984772	5.790664	36.257707	6.970637	13.884143	74.060641	21.255439	5.351064	 
26.494625	64.478082	45.475898	73.033527	15.584541	7.150057	11.173968	35.002373	0.912300	31.106373	6.666961	64.093017	38.764155	19.934402	131.000344	64.106603	6.382947	108.925753	25.794501	9.873173	26.695647	8.717113	77.729172	95.530941	34.669896	32.857134	21.909052	31.905220	9.491393	5.495360	28.926841	23.420878	23.396791	18.543895	80.094104	44.964313	3.240090	10.767182	12.638586	2.256755	28.031693	142.465004	52.539835	0.979456	27.430110	18.097356	26.714026	145.063565	51.584710	45.331674	18.085880	5.650212	0.516372	32.379385	126.216730	20.310497	73.595766	110.660501	0.456865	3.588188	58.303662	71.941448	212.444824	133.946367	82.494436	 
28.824258	135.247123	28.567863	23.062056	20.072916	14.560553	1.115480	60.910077	30.911179	9.980403	44.304059	3.626050	28.869253	21.508941	38.463113	24.196079	32.080255	60.699475	63.756143	82.380234	55.522819	37.876110	63.725059	0.721965	2.111655	10.197801	92.055803	84.938267	49.477224	36.149600	56.979205	63.282926	1.210062	93.360524	9.535158	165.910963	31.615428	20.347774	28.790248	38.561923	41.475121	45.732033	11.171531	88.401208	6.558687	4.236937	15.136319	147.403027	32.581317	3.047037	50.405809	19.826582	8.970131	11.588082	30.336884	28.038023	4.243070	28.138730	98.463091	67.458987	50.462496	40.407435	5.160739	34.532450	18.550112	 
2.686893	34.825961	24.689815	5.660191	22.807729	109.721429	8.123251	5.167088	106.424399	40.596946	4.575558	79.525818	31.420665	68.054812	31.078027	38.273803	9.946733	34.134779	57.930304	0.919888	19.795515	58.704617	21.416888	62.874035	42.328971	12.888286	81.726397	60.039408	44.648809	81.535878	20.243406	65.484930	3.868014	25.882005	120.828892	29.866796	1.697846	30.581862	28.873913	40.897807	71.721559	43.323758	97.903601	114.729654	112.597081	31.027732	24.424306	25.165613	38.641857	20.956176	9.473005	111.161675	163.014984	87.537314	17.019077	107.476121	8.046604	28.241904	0.711532	89.039537	65.691783	7.048022	16.981962	4.463722	5.834474	 
7.484814	122.476659	55.520542	37.984367	19.547860	42.829664	16.240401	4.554758	5.516355	75.156234	10.372822	2.196365	12.897640	1.947401	3.270760	11.093229	17.570177	95.629957	13.329316	33.688477	0.943203	45.454191	27.135597	123.400883	20.062457	46.024740	23.215634	56.543854	5.350918	72.172877	6.534660	21.312462	36.452195	45.115002	99.759126	19.779917	55.293739	12.665025	6.852618	12.904399	31.689078	42.691526	14.958845	33.115955	2.008280	10.731793	26.501616	58.674418	11.447370	19.175369	2.743845	31.285667	210.528196	1.192279	89.273298	6.730158	10.492780	131.698632	196.203961	22.733421	12.635874	256.841627	28.026359	28.922886	46.853351	 
14.686825	14.607347	55.824214	2.731857	8.970283	33.477473	22.343374	55.911930	232.875148	1.488660	159.763849	29.877224	1.749987	11.793498	11.047339	48.979960	145.608342	39.593190	45.699854	13.180659	32.776643	7.562655	1.132041	22.918268	182.488055	39.310115	14.352796	8.441830	21.986738	6.723196	11.984204	9.959353	3.085939	42.031382	46.895664	46.158859	6.160327	117.621769	43.858645	62.386958	4.423098	0.685830	81.541649	85.276127	4.349828	46.062496	19.941589	60.206468	83.412083	6.482568	6.729929	7.867242	19.935469	162.566806	10.607756	19.383033	43.798734	26.189806	56.068413	5.478335	49.667824	92.357047	54.231464	5.821816	18.995617	 
8.037454	44.965839	36.308401	7.078799	48.533082	55.505766	4.016755	56.478237	22.352312	4.165784	4.501641	17.755372	11.524518	39.798069	2.574305	16.709485	197.611922	58.907379	28.844775	20.359035	17.731712	128.544162	80.533832	9.582445	62.441795	15.101535	9.084866	68.116108	18.943375	29.093290	33.629415	1.452528	13.065474	34.260110	104.484154	20.566801	17.226010	13.414937	8.728695	10.900165	32.370059	61.761691	18.778556	86.260483	142.622421	296.294804	1.304541	69.912593	69.586645	59.350579	6.422975	9.071831	11.650473	1.088873	1.285721	94.207004	75.396151	57.898350	19.365279	5.085635	3.611894	5.900399	7.496149	12.731004	65.053221	 
49.058326	89.422262	101.197619	134.232835	81.180310	44.651601	11.220614	69.543650	85.251953	34.839708	10.404834	10.794541	22.269707	20.340525	239.086023	101.929310	1.190395	135.786009	65.598124	13.942533	65.476459	64.063570	27.728376	18.176249	82.072304	13.621064	23.386731	9.534583	6.888988	37.870080	61.459908	62.003143	40.135695	3.237635	13.194373	2.979913	43.770965	39.816437	2.186685	22.190189	19.612979	73.527245	11.942375	6.301683	38.535286	2.941277	104.204196	18.267529	20.328411	1.054772	5.043328	50.925977	10.453590	9.696851	29.782298	45.490117	167.972311	67.794576	31.186070	23.664114	129.856973	43.548501	31.286622	129.466130	19.529268	 
42.111195	53.344356	31.439981	50.221163	8.759160	122.230974	2.176098	0.986761	69.193460	15.860085	49.813085	7.628569	74.483918	3.771592	7.069355	74.238098	23.323944	12.980630	11.900421	8.058406	60.848001	2.366459	51.685077	1.102193	68.200729	7.816964	0.967925	1.073958	15.798595	32.951706	47.839699	31.139400	78.947458	52.344727	7.296084	22.168373	107.667199	43.059910	15.416627	15.352493	23.899753	12.632393	20.981845	79.287637	32.038819	24.188450	20.289889	21.502222	69.219279	35.079794	45.662211	15.724482	4.400084	121.995562	1.115490	32.788968	5.849059	18.360145	28.749470	114.193513	16.755588	68.968967	91.779620	134.248194	12.469846	 
11.403718	85.589326	20.962318	40.116670	22.388718	202.853944	23.865762	11.486602	128.995677	171.588532	139.810084	3.941599	111.976917	93.471430	27.706959	78.817275	22.844333	22.021002	1.678799	16.790126	10.405288	0.831474	31.386615	5.579197	31.924659	0.229711	23.854678	4.155831	44.626242	6.773820	38.706028	23.387866	78.154325	11.722270	11.384481	22.764530	22.428248	33.326871	95.123787	26.538606	40.052367	16.552524	72.229360	89.999598	0.364702	3.158626	68.516915	30.615058	69.645501	70.320050	36.698914	14.197803	8.936438	9.927177	50.580519	94.915737	10.218309	66.699337	55.873385	46.117297	4.819559	7.618265	11.240382	16.044789	9.928424	 
48.784190	97.492687	31.387892	29.756988	13.822410	79.731084	23.760197	19.617747	49.519029	85.112596	1.376304	1.058736	21.750877	5.899972	106.935157	66.833371	32.345052	52.908427	94.529931	1.762092	5.788974	22.354264	99.845471	80.013478	9.187770	50.465956	148.848482	31.619330	38.739557	12.053163	53.981563	11.119566	3.081185	83.233741	1.724266	15.107743	17.593114	45.594443	35.987735	20.118829	20.384071	19.647891	17.198571	43.295245	10.336581	8.629812	57.070897	1.671345	44.921934	6.740441	33.229899	22.228275	16.836110	18.809569	79.789899	30.884039	41.604142	28.216617	10.342254	143.832254	41.720125	86.465688	17.275765	13.543764	9.444362	 
11.275070	4.203396	67.234169	5.861626	7.388317	15.207714	48.698881	55.118311	15.032962	17.398374	30.270071	113.027305	99.984041	53.035115	42.942078	16.975797	22.502228	27.221841	1.646724	10.077125	8.915935	3.766210	12.713018	63.192304	23.096666	36.528355	70.034015	50.269464	10.745018	159.254566	72.800810	76.974457	37.823875	117.597608	18.103254	25.990568	8.691065	30.717617	112.414929	50.352378	88.162027	8.247360	13.187232	21.642659	27.541244	25.952473	22.198566	32.577452	66.536761	6.992209	51.796685	157.748685	11.194621	23.792697	42.582178	142.730173	18.955054	200.268807	49.807578	38.470395	18.085256	179.872101	7.463337	93.225939	26.138269	 
145.214881	320.306579	23.019849	331.389627	17.216223	51.538388	13.442039	154.226330	124.784798	17.872536	82.965156	15.730077	5.250160	49.104646	111.462906	5.283348	52.093555	55.062386	81.664912	18.801846	4.994555	12.236332	97.488072	5.983407	24.267420	38.329235	30.509561	7.439226	27.566968	27.168426	39.825610	14.703579	54.255138	16.243736	29.915120	8.746036	93.235284	234.338245	11.768732	92.748430	40.724546	1.211298	20.061205	13.165765	39.476699	11.323115	36.998854	20.414651	62.103049	6.069101	7.769427	38.520827	1.764918	85.620809	50.464376	3.674161	89.358514	56.811973	74.082923	46.400830	52.541329	90.188610	34.249055	44.794100	36.244864	 
22.639931	136.672316	66.894049	73.434153	1.452887	131.390142	49.518733	10.855601	54.825900	35.892363	55.546416	7.300188	73.872969	33.705038	33.318123	22.117199	54.367761	123.341494	52.536994	69.678513	4.356427	17.177721	10.775087	54.640593	10.150624	5.339175	46.667829	8.132189	359.368274	46.414972	75.939222	18.005671	30.354822	85.653781	24.103068	166.751293	8.102021	43.608058	82.070626	7.436148	78.535360	87.506754	15.074308	80.068229	112.073867	6.907289	32.572164	90.204240	5.894167	53.344563	1.195505	184.945480	81.056758	1.694252	45.282266	29.566166	169.603814	50.559074	3.934273	43.224244	34.878908	2.118606	10.155517	8.622591	6.050553	 
29.748789	37.443697	25.952783	27.547044	6.079068	26.714085	58.842146	16.035025	59.658528	133.064203	5.213987	4.464777	9.997369	30.063619	3.006040	15.928372	15.809653	32.063142	5.402148	6.831240	25.300985	25.468459	16.201487	3.591030	40.491284	74.017810	31.511238	38.027832	55.302961	23.422471	2.064567	55.937371	83.483285	20.026995	9.052176	6.414373	33.023949	30.359296	0.225816	77.583885	16.875483	152.463146	26.759109	27.760947	75.512681	31.991676	14.757745	31.282483	22.612634	32.535985	126.172360	3.059043	45.572079	56.648701	41.906521	31.424229	31.895419	1.587842	30.816140	5.008966	2.080542	115.841596	16.900231	56.287162	19.314597	 
47.299368	58.425900	6.778362	7.531450	28.353062	10.116206	6.015337	34.787832	6.196315	34.502576	48.174389	37.775802	41.282276	53.479753	30.986167	57.525073	9.857385	39.507085	26.483299	28.971809	0.120219	1.590985	21.338517	26.078932	5.427648	48.791626	84.783552	69.532503	7.942292	59.274951	14.098807	44.580022	29.509254	38.450653	15.895778	169.013899	1.179712	89.106435	108.079528	63.617910	17.648284	20.050750	56.911852	42.711498	51.197411	98.145044	8.241630	16.711214	17.894878	105.929107	31.460340	74.029759	43.815463	52.545142	0.986732	47.014145	0.530905	74.349325	6.071209	36.769457	33.858542	82.696291	27.198095	8.462474	27.124044	 
152.107199	33.549841	26.075244	0.103739	23.204954	30.434787	122.089688	27.826412	46.407825	48.933056	8.474145	105.483514	27.732173	5.982840	14.975127	17.980844	0.794080	33.378528	3.197603	76.966199	7.566010	3.080487	17.641840	203.949987	108.838799	6.782048	33.143360	62.579130	23.602186	8.481591	103.289999	41.269914	5.401759	20.960026	27.890395	9.467031	29.579719	12.958040	3.597713	25.984307	6.511419	119.955511	56.487304	41.985930	23.031355	59.844226	1.880091	125.806659	1.188220	5.552544	31.405329	8.169611	40.090481	25.552719	156.315999	1.036657	1.503390	155.044341	49.008283	94.222879	2.571053	5.318139	32.006844	26.918497	17.888635	 
50.597694	17.758123	4.655902	37.127467	45.849141	44.479631	219.937364	12.469296	32.344552	66.290616	3.457707	16.638614	33.462304	11.274276	23.718842	45.933476	34.493135	131.808658	56.725636	110.097270	7.764549	37.198449	23.772247	14.633197	12.332890	34.070876	16.058879	57.407800	58.259718	2.033956	14.394766	110.829808	9.383748	59.133663	9.265792	6.935840	37.358557	27.399817	6.275230	51.641383	5.347349	11.504024	7.078444	5.040360	47.781454	96.009607	70.155022	6.018017	1.117542	1.324971	24.840128	64.156412	23.640979	2.646576	6.531091	63.082961	58.155117	22.413471	11.907164	5.798725	14.923140	82.865664	9.668462	138.409983	18.661695	 
35.356608	42.077304	23.181240	9.310331	2.968739	3.631854	6.195448	25.763943	46.987830	47.903853	5.181805	5.753022	26.343634	66.649989	6.487760	9.075462	23.944361	110.777014	76.032944	40.433900	1.048488	120.437934	11.521558	7.189803	18.454042	18.127642	70.239199	11.626574	17.779129	45.765999	21.330902	51.243618	4.118421	22.533461	8.963020	3.617729	0.790784	53.135432	29.085860	43.303479	17.336579	117.528470	86.368730	154.993839	45.864107	12.207718	19.052157	40.797339	63.863213	82.532557	108.514785	106.598257	41.154529	28.266694	16.197375	114.962839	35.459579	86.495244	52.855114	13.505524	73.358984	59.570462	93.030470	8.322851	14.810248	 
9.033173	8.050765	73.827799	110.426637	48.046780	24.848278	50.168650	90.945580	53.437773	38.919865	21.181022	21.680712	83.598589	92.511082	35.724183	2.704811	21.209346	54.084443	26.305170	15.057064	45.138041	47.645480	13.048505	16.452383	65.315953	67.002562	8.454224	77.712511	31.191750	10.830856	37.499223	3.099063	24.770654	64.503323	36.937423	4.202773	25.101667	66.344660	34.933385	37.439118	50.372816	1.489044	18.348990	93.436572	10.126398	13.274698	9.170545	25.220191	21.221167	11.574889	41.835803	64.166369	0.736665	38.303129	113.109042	168.315721	140.835385	47.527059	84.842146	108.358894	55.242921	181.956081	56.951514	46.431597	1.955069	 
23.705256	16.924537	116.191447	77.590938	21.550213	3.765685	50.541411	12.595021	49.234889	21.459074	76.455835	5.220582	11.582147	38.806402	37.508862	38.831977	30.953035	15.191165	4.656258	40.792316	38.748360	5.977440	23.562974	24.258385	93.435522	49.139175	7.207178	3.452729	25.399581	2.211532	234.752306	58.211907	14.460138	12.672585	8.331852	31.671900	4.373858	13.943120	2.598203	21.080761	45.305475	29.313333	64.228035	177.576910	30.562721	11.859921	5.487235	8.044231	26.642444	38.095384	31.024854	134.634968	7.898161	37.481094	34.452437	27.178221	16.177148	56.430106	27.213869	12.316431	5.192263	30.939573	3.962003	15.113264	13.875681	 
3.156824	89.689949	81.460319	1.295325	2.971898	57.142560	45.363764	87.069879	29.579070	12.285611	30.746130	14.863760	11.572500	4.936364	21.976094	14.771803	73.086802	39.089238	98.951379	52.306046	83.424565	0.677590	118.562754	9.776811	36.855989	9.743544	204.716541	89.725455	109.875671	38.959533	8.540340	14.652807	150.483593	21.079813	22.378486	4.430648	25.503185	26.455045	17.664169	58.195909	91.442607	79.110788	25.652111	54.683821	113.013823	39.633859	2.156620	13.114862	30.286697	10.602992	6.393262	26.402454	12.246841	54.448345	14.773265	39.162996	62.363027	15.930507	9.939512	40.875939	4.510792	14.024677	18.657427	12.486900	0.985720	 
18.405777	42.695460	12.773349	16.948049	117.311324	9.929001	4.803303	10.267820	21.784855	171.109580	18.638020	101.552874	72.626399	32.127354	6.599086	7.036190	36.739571	4.121501	31.605832	17.401760	3.354252	31.665317	10.220805	26.362981	9.829782	2.324834	54.080720	44.498589	42.570574	73.768390	55.001565	7.220872	49.260759	11.673644	1.246436	5.241618	132.852640	92.469391	14.372359	23.553134	106.226420	54.008044	4.828239	4.575451	86.819660	65.585095	27.545281	73.195390	32.906510	8.385302	60.422229	21.794375	6.433202	31.543607	69.284939	0.401563	48.229552	81.555693	56.146182	12.105359	6.717349	5.005786	3.028190	5.756502	27.306675	 
92.859417	28.353388	85.887417	26.637949	3.540891	2.214550	41.296303	24.415867	174.174438	42.535771	123.395271	131.399847	81.588992	4.937038	91.336497	14.263559	7.057004	42.886768	2.285985	79.544860	29.223393	8.161630	4.158918	72.393014	29.911531	22.726927	3.462143	45.525316	45.284416	11.054108	25.780863	10.588547	2.352112	21.169600	17.740098	50.033356	28.230395	21.791390	53.097857	24.612802	39.692793	3.126977	4.150626	30.221133	38.016446	34.187334	50.073884	187.793494	4.537301	20.337403	17.324334	16.334849	14.874802	26.968348	144.499384	29.696374	6.312635	6.989557	6.169745	47.153349	2.344236	45.387777	8.582076	21.238198	46.597402	 
0.596017	124.602095	10.944855	80.701492	2.515214	70.411254	152.426093	83.475470	180.192328	51.758771	17.068656	44.075967	28.829766	51.734260	26.583781	0.288730	18.597704	34.298712	20.412743	91.391393	96.956151	49.281440	12.945330	40.990972	43.424121	23.263174	20.219169	11.311932	8.503474	27.653032	20.329949	16.109987	61.585299	6.466446	96.563043	36.569266	75.480480	1.253990	46.491709	11.936793	14.218870	61.032837	7.215319	6.749096	10.602945	8.268473	88.589274	62.729878	21.257834	89.761780	70.658660	4.115670	28.788406	13.479481	26.500525	29.423313	16.208382	28.326328	1.678819	83.354726	26.493414	5.579278	31.756740	59.125853	78.460087	 
22.992599	37.676985	26.828183	33.987573	26.457959	15.903444	28.726538	9.184281	54.041628	8.622284	7.447258	15.871337	5.020027	29.225347	3.555029	5.762761	4.666708	26.202004	8.937208	13.491157	3.261968	38.590872	3.957261	22.552755	57.240221	39.019114	45.040889	66.601974	20.350977	6.639124	141.758841	40.983314	44.087060	1.625126	20.458023	95.736424	90.105004	108.178629	9.491873	20.351975	49.765345	34.251933	30.866619	52.922069	46.116302	0.693881	4.177416	74.501962	63.378935	35.778901	102.818878	95.785326	11.583794	36.221082	7.307186	80.110557	38.443963	11.406390	44.534731	14.927068	32.606552	20.572468	60.914114	29.472508	85.560637	 
23.450829	9.355493	14.156800	81.961064	2.755169	37.482319	22.444269	64.905729	51.450954	0.684398	12.245495	40.898869	13.808773	5.267148	30.434008	203.263263	17.972697	22.687247	3.799214	99.822077	12.838838	155.205977	49.437445	5.874626	3.300719	25.242175	8.354841	59.262684	96.392375	18.552613	23.816718	27.074847	63.993910	16.180334	40.104582	6.092332	14.148604	80.325820	26.200237	20.068032	78.170268	72.166165	68.390641	20.087399	92.315549	50.321059	123.330736	2.707619	10.774825	16.802371	22.055487	33.540372	2.079420	76.011975	4.004583	5.257855	104.769408	10.964033	54.563215	172.641368	51.011227	13.398373	9.068431	41.012914	8.611859	 
1.622850	39.924144	53.927390	80.421318	32.942557	62.470893	114.688274	10.768604	22.264496	50.113244	100.051869	13.379785	41.263690	22.650189	113.874109	70.110300	1.546712	89.400337	58.003092	31.580837	9.133766	4.594674	37.259307	51.224666	39.192697	6.353032	43.089838	64.501814	106.800672	19.803720	28.944852	25.993431	16.813249	66.332413	50.041265	24.547381	0.924828	14.960240	76.664958	45.207191	1.235799	37.007839	8.615613	48.381485	9.558869	26.088335	10.631608	93.342219	32.883568	13.160454	32.415065	2.768525	16.122700	1.664721	30.117427	20.963037	49.036346	2.820950	62.264557	37.548312	29.594827	49.171987	15.613043	97.357639	1.952814	 
40.457185	92.857802	12.479682	3.646835	8.695330	59.363559	52.344291	3.496089	11.235454	34.441733	15.106762	100.753947	0.371892	62.984857	21.370066	110.298747	93.303459	96.533170	84.640184	32.935848	46.794927	16.412230	33.136805	15.489284	232.348291	1.931085	107.924258	24.484496	34.484964	46.612831	62.424963	56.363699	11.207917	9.344576	9.662309	156.536428	26.056511	12.307740	67.563114	30.364824	14.696118	21.249278	79.112170	24.465836	50.696366	13.083828	65.389205	12.893047	5.471726	5.748023	9.100060	81.809643	110.362846	48.856006	46.196757	86.932044	49.769890	73.666147	28.864603	41.400555	78.572093	51.257341	1.203447	68.148872	1.796105	 
22.186254	6.137547	10.007496	11.954374	59.884609	208.080059	12.385150	28.212743	152.289830	86.514646	13.233054	10.977507	43.829302	22.095823	10.218302	40.707842	77.730122	142.432105	3.699493	27.196756	85.123958	10.721741	146.266174	8.786092	62.783516	64.488433	7.598278	13.359301	25.364801	32.221869	5.928326	9.458830	8.532982	54.373391	122.463722	63.137553	22.831116	8.067757	1.024488	9.918297	1.331547	128.370350	8.901119	45.592078	92.383005	46.194705	18.149645	38.808712	46.154266	143.251828	13.947382	18.340460	19.185425	74.934911	5.377198	27.642550	5.178550	82.217060	58.014635	23.886334	49.435294	8.798853	58.226273	39.356223	18.066146	 
6.232021	6.536867	20.225280	57.569954	36.374641	44.267693	30.202464	37.913489	16.934944	65.342854	78.918521	9.205873	82.177022	37.903324	59.867078	22.939611	58.710862	114.497990	8.799687	13.367147	113.120172	215.495273	1.980340	24.430918	7.613516	5.372475	17.505667	20.886108	32.308830	79.143840	54.715388	4.369952	4.133772	62.084956	63.879092	5.351050	27.127406	172.737225	18.273684	7.650126	114.829514	1.151463	35.384010	13.828775	2.117068	16.064742	47.808493	7.598107	52.430500	4.946521	48.304368	25.652852	13.942134	22.490854	34.209892	28.371903	31.174283	27.593698	87.889118	168.156621	12.443530	28.164935	18.224426	12.866932	47.642584	 
88.754263	9.256333	60.139073	8.522060	20.682727	2.323144	21.641360	12.208881	100.409821	69.908431	41.505593	48.307755	25.681288	20.397962	69.348510	47.497112	8.963095	46.330210	39.258116	2.147944	55.154302	119.329775	32.871934	129.025743	45.459911	15.691872	129.847297	1.374641	41.462228	15.540983	4.453811	43.634730	139.426821	23.021297	61.314284	60.800096	14.277286	43.297171	13.623279	6.079459	16.478093	41.550206	57.614747	8.995723	52.514517	40.652688	59.847492	28.610370	39.133323	2.959694	11.489094	33.283899	56.459923	1.172554	7.453233	19.325918	15.764279	26.606167	3.176889	25.625750	85.504334	34.732887	45.368265	44.797141	13.191235	 
0.962031	53.234569	96.545781	1.466718	143.894590	6.017631	24.656333	3.875092	2.026045	74.314584	2.926613	59.799445	47.857820	105.488903	83.619398	33.823851	74.933767	28.589632	29.414516	18.007865	42.829873	34.890154	11.919476	13.333366	19.361254	11.275510	34.044475	43.406914	5.464372	18.347223	30.142353	22.977980	143.147947	10.325391	64.075949	77.880434	69.608770	31.583812	37.454648	11.544309	89.877749	3.680819	32.177277	50.629463	40.976716	24.553436	24.574141	74.856266	9.510213	13.296874	54.329133	28.515270	43.926902	23.583178	127.671448	71.955597	4.786947	36.810152	25.362599	95.069214	75.996127	21.580359	73.999966	28.996047	12.548272	 
108.570131	3.881443	4.001735	126.300826	42.376693	8.917663	17.357027	11.995987	85.011779	56.379540	4.016563	41.764526	15.870245	16.830687	41.151922	24.504125	103.675145	61.933987	23.446694	45.669263	9.609284	18.140713	80.557624	41.879720	20.501992	54.388994	35.260074	14.510849	70.839909	5.628577	32.614607	60.880201	29.789116	26.074692	7.334239	34.752270	89.667246	25.215773	15.645378	2.510006	24.981667	93.698016	16.141350	43.992145	25.040235	32.724137	30.515551	17.291663	16.633078	18.189772	30.845719	125.844745	27.207587	28.068184	1.144920	26.649652	71.980743	45.447868	39.034142	16.345642	5.582874	19.442579	27.895844	86.871486	12.891687	 
30.180398	79.766528	13.568143	127.038665	20.874905	63.155931	36.403558	18.595019	27.776576	15.528657	66.300635	63.572520	54.771840	1.807560	32.855415	1.179817	100.543576	2.941080	147.924275	44.587725	48.290814	28.864720	4.472179	113.081093	71.887340	27.659918	130.735122	1.917892	5.655432	2.065675	16.278752	15.768145	9.881840	107.405926	20.132715	27.974279	41.426421	87.943790	27.190899	117.247514	0.716546	102.449467	15.993751	19.592576	25.783730	5.539902	1.074236	5.314728	50.336924	151.499503	17.495979	0.877176	39.341306	14.207532	80.232610	13.913643	29.361188	24.498760	50.615722	18.989671	4.564207	14.707005	16.071197	51.139583	167.205218	 
3.561200	39.408885	69.934516	5.857085	14.882201	83.545097	61.262519	119.876915	25.189645	49.481445	12.585013	19.965800	98.558552	4.053279	7.203836	85.802828	5.988674	17.257448	84.096445	47.910228	6.587722	32.017168	39.370100	78.086087	2.520986	34.349995	47.080874	28.955345	7.712608	10.721323	33.933151	49.965637	112.401788	16.751894	107.243880	31.574225	8.076254	45.341648	8.891866	8.556504	36.610710	55.241355	30.327202	162.136763	3.429356	121.190901	69.654412	14.576075	0.512026	108.743338	27.392039	8.161955	5.661960	70.285112	169.986246	6.194809	32.879351	68.419774	188.189857	36.341825	8.216455	38.322844	62.844997	11.696509	57.199641	 
6.348127	1.773526	18.907589	49.958983	64.718320	110.863271	100.592432	252.330338	11.512331	14.581827	10.847514	10.263596	33.780284	7.237647	108.389365	12.901265	12.521100	50.013695	33.987486	89.944409	5.046228	8.705900	55.446117	53.116759	13.454558	17.753755	45.508019	45.327210	9.379152	71.615189	24.987390	6.295223	82.786847	269.031362	1.327622	3.054683	48.890135	11.980298	159.424345	2.814001	2.733426	15.832052	26.829737	1.291754	21.686364	4.447421	15.497646	20.298061	39.614807	53.206491	102.597785	67.948501	4.805064	86.524242	30.361251	13.444988	28.918931	4.586553	27.057985	34.980161	13.760074	21.072454	42.003571	18.991253	2.334645	 
44.117071	34.027025	1.070284	1.244771	157.091494	5.717155	8.155604	4.527957	13.954120	33.055704	43.839612	26.634544	13.208650	4.362382	10.956110	15.036636	37.479982	34.790411	6.931546	92.324866	36.742654	186.044785	68.807990	10.731243	44.320884	20.788708	11.043135	70.291530	43.494104	12.938884	11.477718	8.908068	64.277021	34.748489	51.316458	112.586902	2.406796	7.828386	212.759833	43.234073	13.600151	34.355157	63.990146	88.387593	6.375694	48.902771	0.738691	37.535928	7.295593	64.182437	26.957663	60.261772	33.582342	22.869288	33.647979	52.390753	6.290736	108.117961	14.471509	6.541674	37.096678	15.027217	89.337159	9.160681	3.135783	 
95.714933	6.098574	46.871300	55.808454	84.924425	44.097335	19.376330	100.298227	55.099030	21.444910	51.271180	32.797934	122.277620	2.566758	12.139265	23.463563	13.715748	2.009919	26.961945	12.980137	10.574704	1.604497	38.158567	0.960443	8.091606	52.255538	49.226548	21.956352	35.923818	6.151950	99.219107	56.696219	12.919775	60.247007	29.635217	7.622521	21.101998	87.799789	65.366393	39.014908	4.100690	27.470980	1.766101	24.860219	54.943516	39.946144	11.708146	5.881695	1.978179	8.980041	9.042451	111.327926	13.027402	129.455097	57.165293	23.820180	67.935252	9.652769	18.993539	10.204737	12.126748	35.750206	133.756545	62.744772	30.300189	 
28.303677	0.938964	117.820398	47.993469	1.856680	9.850615	74.621308	7.596392	6.846424	57.644014	59.177526	17.513688	11.827085	90.192528	97.389073	29.571293	16.775948	22.938229	10.932271	74.218013	3.518767	2.312605	66.609697	9.728880	36.329562	33.548384	13.465135	8.169644	20.679367	78.328470	54.022979	3.562399	19.885775	4.705426	11.664956	30.189697	45.026884	47.181992	25.237267	86.499913	26.897348	59.064192	9.531708	0.477288	72.069945	79.935540	20.954095	0.839830	3.250282	76.938547	49.476788	80.816588	5.113579	26.511451	14.836041	67.522145	35.395125	21.886288	20.474834	18.953860	3.235079	41.791645	64.524719	11.075877	31.492274	 
1.033540	92.770178	15.900393	90.113481	83.008540	40.072494	12.761406	6.194796	103.511331	36.745398	30.190822	30.549731	123.521345	43.556505	37.098252	5.595740	112.136992	2.897202	20.184943	126.511569	21.028152	19.057924	67.800166	10.428691	49.029940	5.715473	90.850337	51.336149	11.138205	1.039892	33.156272	97.428522	17.391106	7.295885	28.726244	67.848622	54.187456	92.216037	44.981283	79.306035	8.885373	4.995492	67.785649	17.639177	8.512494	13.891075	3.482826	93.709245	3.593637	10.480683	20.705681	48.072953	58.658344	28.703866	31.923607	19.566944	4.313734	26.405621	25.753525	70.854212	8.913058	30.438468	3.967196	17.348349	25.977608	 
60.143872	2.509254	27.590882	52.212319	14.316840	2.245635	6.048497	10.603095	3.777141	45.940454	77.039304	21.861326	14.392303	59.926953	156.202883	70.280554	45.468200	2.112551	30.324449	17.176409	56.420492	14.116742	58.822355	27.954140	8.950341	22.493006	52.862153	7.143366	20.010545	44.109012	37.250336	0.828577	45.710205	88.202992	1.273596	58.858056	21.347635	28.315275	21.531478	19.172544	93.570924	2.360849	7.600292	15.210035	41.986853	24.095600	35.357105	3.609013	16.966139	68.544164	6.087834	41.734635	37.178384	1.075189	26.035831	79.011042	54.208861	39.819120	40.624739	102.787596	4.558810	22.365732	0.791569	80.105336	100.552501	 
7.056930	34.735762	6.253308	21.094328	4.224886	33.411266	35.113084	1.495140	21.616947	55.519677	15.979630	41.173668	8.627841	53.255275	23.428467	24.440144	2.244856	123.962544	28.274185	7.544370	119.988887	66.526534	9.478082	12.429873	140.195604	53.751732	21.178230	86.208643	7.605572	31.476732	71.900418	181.107679	78.330923	61.761073	21.456895	2.221411	24.405892	4.454513	37.710262	16.632121	42.699591	96.049619	71.450050	50.163447	118.405238	26.542073	2.583288	50.670002	15.704056	3.716914	55.905322	9.394445	86.116769	26.397538	3.936031	144.466446	32.128261	8.905380	11.388611	19.740868	7.663397	24.221074	113.320300	52.726539	23.378587	 
7.017025	67.347648	20.048654	19.830503	133.852699	4.420559	33.956179	2.708655	42.155722	34.106840	46.048092	3.403455	24.820513	1.269424	26.960816	9.881244	6.338749	26.935780	104.671887	33.048089	11.104980	28.260473	7.627714	132.681018	2.014390	3.384112	22.211867	0.797806	7.271496	25.339667	246.092507	21.799061	9.911163	0.637866	49.926721	130.995765	0.974512	14.069824	7.626232	53.056200	22.723133	10.984242	26.703015	99.492170	51.562505	10.375528	10.016540	26.871978	14.458157	41.244209	30.787357	113.487899	11.503278	39.572849	28.308001	53.077164	24.238856	22.154012	63.792590	34.890739	17.634319	39.747064	38.158015	19.156000	24.671262	 
15.360397	70.502927	161.704175	55.380745	31.771352	9.631198	58.212984	5.561098	9.727787	13.197014	29.083404	129.422804	3.983274	20.025014	18.327528	2.412190	40.858057	10.862965	46.884945	14.950220	4.669903	29.916611	20.380394	3.837438	63.224426	36.064273	36.333201	10.811119	41.855704	25.821055	152.286701	1.969308	9.298383	83.114578	33.199496	59.642188	30.950195	0.614578	76.708113	75.882471	5.862225	71.815202	13.172831	66.592800	21.090609	32.389381	98.813402	30.399632	2.232964	137.010674	43.166303	8.551842	2.977522	0.088643	169.060807	19.507747	15.420116	1.350606	50.796739	12.885782	31.723561	151.446690	139.106147	8.768668	19.250356	 
6.091752	51.327602	55.564655	34.850058	26.352292	3.480573	25.858193	11.730337	58.102959	27.312249	62.560387	48.509017	40.030628	1.971608	25.600237	24.658473	7.690966	90.204517	26.461633	23.883771	148.342709	100.221949	3.034505	37.726099	25.359048	4.616090	47.904138	4.053933	73.938914	69.500867	63.916631	80.036880	52.279820	11.287637	132.585445	12.075488	59.470915	55.127328	15.759769	52.603642	77.365993	81.160824	7.219594	25.038041	36.804019	22.745646	27.386082	22.091962	8.498725	24.242219	1.136319	67.344365	9.831430	19.311050	9.730264	100.517101	11.335519	51.753055	108.505028	2.038847	10.360725	6.323986	131.731954	26.732513	3.926469	 
21.453961	3.483293	13.941111	9.585779	20.252270	24.972061	34.432087	24.562989	173.095860	34.124607	82.493343	78.462987	32.663739	21.564323	86.400021	34.259939	118.941807	30.272128	33.382739	5.770060	11.602957	23.319075	198.994092	35.293096	0.911713	105.451706	27.488558	17.543151	178.505050	13.439128	31.299386	18.976897	24.603965	5.869161	181.404116	63.642694	38.304398	118.701198	24.977235	66.343931	39.249767	9.650725	9.390670	13.654318	54.091389	14.864170	54.617138	15.405241	102.356481	29.012651	169.860149	40.112862	28.247615	12.568837	1.438387	2.786649	35.201369	61.531447	16.111717	45.041939	20.273218	16.199033	54.993392	27.918124	21.120706	 
6.717726	9.303628	60.329708	54.499443	32.609203	0.881439	1.863423	17.432640	125.232144	80.127595	83.312544	99.795857	0.806403	36.385590	47.799252	73.685206	41.827682	14.301575	1.856031	41.370253	22.644900	30.191819	18.669558	16.449458	14.794396	3.384525	143.755301	94.056491	3.651981	19.184313	26.372479	10.815292	33.591749	0.545989	169.833597	61.394744	4.996699	26.471609	38.635057	31.539666	33.373428	117.065840	13.711271	142.417334	11.410574	17.553076	84.393253	26.613256	4.298029	54.606534	24.104182	23.337875	31.829648	12.265357	8.886418	89.500192	0.651016	0.753027	9.892049	40.779177	2.459457	51.772553	96.926864	35.971439	42.090901	 
22.436754	6.383570	19.399435	25.494283	42.249111	5.999329	52.422805	0.946420	3.669817	16.291093	2.115101	13.863330	96.576421	37.410497	48.774789	17.515289	49.978770	37.977978	22.628461	57.698941	90.526564	120.202489	17.389769	27.907314	33.381951	7.236474	3.829891	56.676482	32.393591	95.139995	65.797059	60.186363	42.157246	35.091900	21.945030	79.575680	3.813769	172.559647	40.249971	4.700772	59.124338	64.588992	24.760591	8.630706	69.763483	5.237474	29.265852	77.277066	22.972750	94.366330	44.471434	7.821334	55.077746	1.983514	6.709775	36.099102	24.259053	32.122951	95.627171	85.588596	40.518589	45.718000	55.620277	147.683115	17.776973	 
23.257697	11.927455	33.051762	9.818083	2.880996	11.105212	34.570236	43.743816	23.179637	36.105127	61.584550	111.403644	4.648433	0.934198	30.436453	23.021339	101.578586	2.846336	89.779909	58.690864	134.440806	49.114971	12.931632	83.242776	2.842937	25.794960	20.327301	9.306319	28.093994	14.141439	23.370460	23.876210	66.390517	31.169606	34.147292	33.673896	30.783456	22.835642	97.576611	23.660373	32.935132	60.216583	119.959335	29.654291	15.485637	1.570657	18.267368	42.990692	18.165822	2.122843	1.888493	11.773565	17.312727	78.886654	174.048864	23.454592	6.631676	77.272625	5.253165	40.827553	30.038752	63.674832	87.783580	38.099350	38.334812	 
84.288109	67.136977	92.135798	214.392527	106.985794	36.264129	32.644839	42.140989	15.227430	64.720242	4.021046	29.076050	45.878329	60.213100	129.118505	8.159284	8.889803	0.839254	3.307404	36.421562	43.826756	140.297821	20.028421	72.433045	11.862332	1.654749	76.797601	119.563167	27.674975	92.767135	29.381015	49.824052	1.985816	4.260076	38.016753	1.855889	5.031045	6.120595	6.358476	41.355548	19.845640	6.947933	76.621356	32.143621	26.669504	8.600963	10.988084	15.604907	59.994164	60.394346	32.237991	12.816288	17.380892	27.910588	4.280131	2.227637	51.506550	78.041935	12.281046	18.678983	81.988420	6.095997	5.618493	42.690645	32.857725	 
37.500616	13.724421	52.674825	27.277983	105.131041	4.736518	78.584966	21.918553	4.850004	4.460652	3.077234	10.756388	40.965683	38.696135	186.614387	40.437001	1.506226	8.141715	86.877173	0.505711	57.730069	30.696694	52.993437	38.707685	6.619142	0.582888	50.898896	1.490644	32.412816	52.617256	80.890424	10.743837	123.357806	56.960303	31.568939	12.689233	83.158199	21.855563	8.336086	64.589340	9.597705	63.533953	30.653042	20.081595	40.806516	14.445995	22.183565	47.986384	26.435070	57.481556	9.044480	11.588332	31.920682	48.686887	14.987731	101.358793	51.662746	63.995614	129.313190	77.768463	6.298307	9.337027	33.422820	45.853963	12.048008	 
134.761002	11.694859	1.506160	22.952257	56.938674	32.877124	113.900258	120.191864	21.663300	45.973862	48.470974	4.706141	12.606625	25.217162	50.088067	2.423448	15.878296	11.410285	133.084615	3.728431	22.790124	71.816154	82.702644	1.113208	30.297307	43.008958	65.473296	17.082025	59.165862	33.574207	24.593399	18.025087	48.760334	60.537520	1.496827	9.424635	17.971125	33.918105	49.862575	71.290577	15.707646	64.474791	1.662912	10.856591	19.532767	47.574910	105.404076	35.064770	8.732720	31.093085	12.772697	26.462168	183.975266	94.380830	41.728918	45.689864	6.121367	44.176080	10.548856	46.370181	22.840858	13.622972	33.524274	29.908043	106.943480	 
67.105215	46.352875	9.870133	41.211100	93.085145	22.805893	3.845066	9.220526	6.377880	8.842700	6.241942	39.412763	168.697782	106.146381	3.238068	39.821474	61.151920	65.877549	6.969459	39.867427	3.979964	32.325591	54.359870	27.387788	62.148780	6.442155	9.110013	61.364079	10.171189	16.863279	122.738789	8.113962	39.132744	38.729568	53.435528	67.444870	29.778474	6.100284	120.647793	24.516837	14.880414	10.898642	80.880351	21.521450	83.448796	6.831317	4.864736	13.912268	127.196488	36.824481	272.643596	53.636696	3.165725	61.953827	6.766910	37.082082	39.556932	60.529678	22.041558	12.497766	5.936664	65.268394	0.071810	50.716442	44.279169	 
4.614158	1.777435	66.274332	28.969246	6.016300	107.746603	62.750064	5.489847	18.664927	6.973930	4.645810	96.269135	1.896834	41.210995	12.670422	118.468397	22.305447	23.877011	10.913820	107.709326	100.527577	5.196654	41.293159	44.721160	6.462708	8.112949	30.085482	4.853638	14.499142	24.927964	32.818268	10.635783	33.263292	39.023080	96.729416	56.460610	184.637161	97.003351	24.067852	119.701220	11.702026	39.821799	144.204736	28.606839	33.710652	9.576661	2.892803	30.163051	4.131291	15.027280	2.884382	3.111259	11.771510	135.508142	159.414267	75.290599	32.493626	13.590516	27.936141	61.835402	12.164416	18.968281	8.833795	0.595541	6.386416	 
0.697921	36.993359	14.600416	26.366529	30.455917	6.404741	12.539784	11.279299	18.684588	20.394983	31.043745	40.567534	18.517740	58.070955	76.342097	129.450425	33.521489	16.677579	114.574744	11.540770	18.193026	13.975185	17.349070	27.073224	39.286405	27.077800	96.415693	16.529955	96.508965	28.878958	3.174624	16.637704	15.493339	29.627461	18.869064	88.289907	15.795170	44.416214	4.509788	14.818234	24.882776	16.825343	39.210912	0.909489	80.935849	10.297917	12.306967	11.631055	33.213794	38.818213	62.272001	3.355880	29.182083	2.038100	11.926197	52.689820	9.543241	12.376322	22.778205	15.240540	54.227483	56.868014	44.057014	11.496705	2.990077	