64
0.000000	2.409855	3.670761	64.258642	0.692987	80.730456	8.813901	12.023314	39.194118	45.376530	1.457318	32.551148	10.057463	73.068400	41.184713	40.556706	13.283483	4.095227	48.515901	133.748996	48.669566	71.796631	17.446261	40.786258	5.138350	95.748441	18.721332	16.166986	28.245589	56.149951	7.234600	73.252978	180.291589	21.296351	44.709226	12.986383	64.948599	25.411622	7.532949	8.330976	47.185475	24.337408	137.816161	93.254368	71.436949	40.147184	57.054289	36.974231	0.859538	138.382412	16.324841	23.879699	61.947413	25.780761	7.968348	67.536045	55.355977	67.857063	28.309122	75.275852	29.783292	0.605995	6.101360	47.647450	3.157324	 
68.644259	16.964093	19.229026	44.870825	139.470423	69.609992	6.992145	15.008785	5.184009	10.654432	98.209775	7.041251	15.999411	115.667083	21.566594	27.288362	1.033909	18.139640	1.502138	29.870626	11.624185	61.497777	6.339967	87.685001	32.384558	26.547142	21.978918	33.112221	98.042667	9.031980	111.250617	12.140724	22.591270	30.097194	37.928198	12.531336	44.390822	36.627259	15.490232	30.178412	80.241706	46.075022	12.664290	77.117867	55.141902	18.182118	25.035416	103.591606	9.813345	21.138456	15.270086	61.046588	9.773231	4.114783	7.091057	28.701781	6.523914	5.863395	146.858070	60.277006	59.990038	15.820221	33.947769	5.084414	27.073419	 
62.925626	28.058227	2.186608	112.594913	105.499144	85.068537	85.092133	76.867496	1.722719	12.116289	9.025501	3.060084	14.788102	83.390802	10.322625	122.767902	4.057240	48.307146	64.962025	17.003257	8.912086	12.809330	2.770262	11.369547	7.837794	52.725255	25.340170	5.250152	5.075859	77.510885	39.977185	18.866313	11.826819	43.700085	77.980285	3.238529	10.105523	241.617241	25.542958	26.572526	31.433213	60.853561	5.867130	5.761750	32.339085	55.129581	29.348923	80.630888	37.247862	35.077885	24.834270	10.102482	46.823406	44.909517	51.587964	9.529851	27.474320	33.062091	73.998783	39.768942	18.184401	30.848555	66.855608	329.219086	5.583828	 
33.523444	131.285366	21.729121	6.053532	21.839645	31.949945	59.449052	6.242276	12.937163	89.418614	63.603262	96.711407	25.309725	5.054159	4.470594	22.380020	50.955820	84.310185	70.342262	26.039553	86.549028	42.797307	108.448701	0.711973	41.931695	85.533154	23.375066	38.601834	40.463605	26.229916	4.151058	21.074147	16.780845	21.064029	18.941842	25.377758	32.941637	43.672855	42.788828	7.936074	18.729902	10.483123	38.578530	14.840677	8.885577	38.175126	46.865511	112.756813	65.779922	75.089982	4.844222	23.783587	10.777927	79.367376	107.900249	63.236490	15.374819	17.935600	0.380988	101.759725	92.762418	12.297328	44.987752	86.922133	114.127217	 
17.925990	24.923646	6.308706	37.234681	6.160504	9.112425	17.609495	35.326690	51.785015	6.937230	6.466014	60.804286	16.001135	28.069109	51.222292	21.576279	11.169420	14.044664	13.031477	45.942325	69.435351	19.263306	122.049310	48.399431	3.769231	82.580133	6.600071	14.742264	4.629737	66.205821	100.763454	9.153898	61.655066	32.545950	0.168995	0.781061	11.687463	24.918117	12.109482	78.230842	116.469332	8.544912	3.899022	54.451399	35.875235	39.015222	4.119550	38.442785	8.073993	94.887689	59.926335	93.004844	13.321302	49.894270	105.730161	93.941778	74.217553	11.331556	1.172715	75.826574	27.012574	56.787150	14.167465	1.784810	28.845741	 
56.159413	8.277447	57.765870	14.545414	38.712880	19.615419	8.737325	164.255184	49.279630	15.848988	17.303051	6.804798	193.445172	4.108169	11.421790	140.764997	2.095017	94.944956	4.921044	9.713008	1.398851	69.730800	142.869135	5.630868	1.675727	2.132370	43.077343	28.188650	73.055186	19.396029	42.435641	52.446191	3.666277	7.093618	44.428021	75.595898	13.972420	15.740865	5.550053	1.757427	35.584981	0.957886	46.153023	18.553639	18.108984	35.521216	86.431069	29.547392	9.497411	34.993196	117.156804	24.217564	155.922872	14.522836	14.218680	79.675167	35.085787	63.781843	17.597019	20.238631	3.112033	57.874614	4.850216	47.197004	14.070745	 
12.719360	81.507445	21.871488	6.625141	24.094258	8.295607	4.059998	4.004570	15.415869	125.242154	8.267095	29.372753	4.738502	11.072033	17.903055	2.548943	18.507957	73.373839	2.902863	0.980884	38.289871	19.923888	51.422312	8.418062	4.464386	30.351303	37.270680	199.775250	34.967089	55.436279	38.365952	19.381255	1.860336	2.056789	81.437558	170.888348	19.690236	4.031890	34.983967	38.968052	23.640509	65.451115	32.242127	4.895538	34.726009	9.393405	12.349248	6.153328	8.791910	18.822129	7.181382	15.156945	28.759780	3.138038	32.029280	27.408717	0.302856	14.172071	61.187811	69.507180	17.414081	14.251157	32.450571	49.078180	1.334886	 
26.430375	29.945403	35.113571	64.664777	13.304308	4.592327	12.669356	6.631121	1.999479	38.896647	14.162632	23.924903	16.336001	5.756617	76.599360	6.329952	14.414526	85.626627	24.754967	64.667823	151.167906	0.851438	19.157645	14.875404	3.657454	21.038420	12.396360	41.263195	104.519939	28.524533	9.837084	7.706581	0.356523	46.759936	2.537357	20.437447	19.000287	18.677896	12.885217	15.146658	35.691108	162.357029	31.275877	43.177730	38.364735	16.706965	53.471166	6.461170	19.824202	14.740279	71.073503	45.512837	1.293238	50.095599	108.014350	1.045688	30.765118	3.864596	96.573784	56.681409	37.263356	6.373068	69.158379	13.596409	113.248508	 
67.200905	10.801198	26.213709	15.588104	31.208208	33.825869	1.900957	1.761975	39.427803	24.004517	5.599566	6.968635	41.948720	22.920238	28.518362	2.853846	49.756628	14.555146	17.870924	2.626450	34.753236	24.019454	28.900583	99.983048	67.535699	13.015356	40.309559	18.127186	39.197649	8.851062	13.003532	55.427839	123.228684	8.487421	43.798070	1.279790	19.575975	56.586682	69.646861	18.000427	19.717569	63.044201	43.719195	46.523523	67.349988	18.026683	16.699531	97.399182	60.045014	42.470162	12.571789	34.883762	98.194595	11.750872	106.196569	84.893109	8.012647	27.628458	11.260985	94.235873	25.769656	11.405983	21.423318	66.238651	9.956972	 
70.815774	72.789873	11.901341	19.741571	38.060354	4.688186	202.804420	5.183804	31.367152	6.530704	86.146432	22.509286	18.947313	15.648178	25.147615	45.325864	1.136109	80.888721	7.152393	35.998277	47.354581	14.497485	35.195084	4.830687	5.170685	64.918965	2.243585	107.692260	44.569420	4.498595	8.052652	35.645597	24.137641	4.080519	124.070130	50.286826	21.444761	32.222369	22.080125	50.277751	1.390760	51.627755	11.230171	31.558975	20.328195	34.600252	6.978571	26.096666	3.263993	13.264876	5.113859	29.018879	51.262390	28.942182	82.725676	21.684099	114.017719	285.105456	218.067802	43.986030	35.654434	27.627229	45.868610	4.361617	50.132257	 
58.910019	252.345346	74.105045	16.086739	47.604647	38.864165	112.658415	57.672935	48.766612	48.189050	10.911385	18.322707	63.166610	39.284441	35.396995	40.480262	1.438603	85.188642	10.961844	5.231988	5.841525	37.734886	21.918726	8.948861	37.459606	29.969872	7.037832	23.536084	10.916340	28.640337	20.071291	151.924583	75.419106	21.152393	5.797923	69.230717	21.076597	16.592748	75.394808	39.390121	54.238816	82.588143	50.838361	62.498599	57.537346	15.277127	3.550745	16.983886	13.922483	23.090246	43.243996	41.123058	66.006108	71.061291	8.294390	7.744688	40.343299	66.066945	24.108507	25.294901	35.779625	8.353462	33.162932	34.366193	108.969304	 
24.821905	25.711333	14.947319	68.528087	25.165382	13.660873	2.905846	35.233009	56.249688	16.002025	25.790434	3.009285	88.141898	4.767176	43.684903	6.595834	61.228693	47.829328	65.847063	37.638793	36.912602	27.113940	1.514116	14.527874	21.566450	17.337307	23.286220	8.506880	0.550708	13.695115	193.570505	45.352550	6.795884	2.412749	66.891902	18.806244	22.532208	21.932342	30.717417	15.619039	4.370716	6.236444	17.974913	21.473915	3.168419	5.937937	132.025592	16.120827	7.051702	92.740331	33.212093	39.726522	30.281852	66.693603	22.657076	53.031558	32.266324	101.295277	243.908197	0.465810	4.472480	24.027582	11.690844	5.310201	21.651155	 
26.511627	2.172532	16.526838	61.307205	45.320265	78.075640	27.243118	5.999008	72.204639	49.889783	12.503136	16.628303	1.035100	76.398125	22.289023	24.804417	101.616455	6.812369	29.149005	43.436634	80.301250	6.762996	58.319327	68.155805	0.862707	129.681895	45.818298	56.464017	19.221520	66.300515	47.818672	72.700708	81.767863	27.951845	71.613157	72.708753	35.636157	22.994406	11.374636	175.824102	13.953645	30.907551	40.858167	48.638183	19.819362	13.883960	81.821742	7.514951	69.235320	37.246825	5.188901	32.818293	76.318901	113.940990	39.824964	70.993765	20.440479	7.437687	18.504965	83.559923	18.218483	4.482358	44.859652	68.162159	10.253922	 
51.641963	90.802166	56.952823	60.521623	14.654411	16.723737	18.286044	38.361209	25.384541	21.907970	177.432889	5.208186	9.066947	2.349991	7.934282	23.758517	33.151769	58.758277	144.723237	53.939088	17.366231	2.770360	2.771892	8.903171	49.070133	79.391299	104.911906	21.647476	59.417975	15.885646	1.044250	12.805218	8.703647	83.115488	5.763781	15.360385	68.615617	55.079199	4.287343	6.271145	34.936963	7.884489	9.201981	11.033474	6.259225	0.530137	16.833513	139.914286	8.891132	28.597018	22.904173	24.451823	1.342765	70.543843	129.141514	9.505963	187.583297	15.999187	63.446763	107.270845	18.750747	26.386876	73.059360	27.021632	11.164248	 
6.030664	17.054247	15.872238	123.937091	24.918742	14.114919	48.102508	56.277132	66.486512	42.686447	73.469917	33.338593	20.490389	125.777063	0.075704	101.852067	10.930447	13.507498	26.677410	31.922255	28.840505	2.249458	4.758064	105.041003	5.438358	16.232186	23.298777	0.117173	18.941755	44.068451	19.867436	8.185939	25.714866	96.880292	16.312495	51.786803	10.129909	45.100673	65.501520	35.976863	34.538709	120.028512	60.452041	8.228123	39.995004	38.196098	16.295311	25.352397	17.016417	10.842266	36.886635	14.137448	32.872052	123.498502	31.211661	5.364967	111.501393	26.107515	44.574467	9.457971	56.317307	37.726646	29.518282	33.279207	92.600338	 
6.625284	38.108883	18.396575	43.967679	4.390997	45.925084	8.255493	80.987031	14.899850	27.055365	19.731088	13.918166	141.546219	0.443495	2.617290	3.773880	8.057948	78.554768	3.173968	10.661840	28.963783	41.676460	60.793648	3.032926	2.868250	46.596225	24.672016	17.036440	21.782099	69.790212	3.923330	33.561657	21.338131	110.938965	131.928631	50.352265	12.374830	59.103419	7.374411	51.347287	21.547766	27.115687	3.957391	99.092933	20.322924	80.201837	23.485574	13.075397	5.870252	9.054493	31.886786	10.484943	94.586861	32.961281	6.437132	13.322693	12.423496	52.220029	6.167739	28.827564	15.106241	6.156460	29.463698	37.162067	12.545461	 
7.606010	12.483934	3.118103	27.073368	39.309571	54.846407	19.834774	4.928836	0.204058	6.796070	11.214115	22.425506	102.636395	20.323276	13.443929	12.987912	0.788726	50.172738	65.775523	5.797109	6.773766	16.473863	1.240350	2.387180	19.834338	76.479566	9.856133	20.078622	10.876622	31.016086	6.798627	15.658793	13.541184	6.060166	49.062926	15.437732	10.360503	79.337566	18.853751	2.803594	136.708147	59.334721	125.405060	69.845651	8.797080	1.524277	22.151268	7.978161	7.727987	26.738643	53.448264	33.571329	113.761378	16.626883	46.252222	65.182697	4.089550	28.789926	0.341728	36.850517	0.408420	7.447355	15.442612	17.389832	13.070648	 
3.753848	12.027312	29.250474	33.392904	45.125249	12.377733	60.446452	9.024561	97.105116	85.789758	7.687133	48.647264	56.799570	30.892294	141.623886	18.730495	220.565201	11.114997	3.970767	21.484810	120.145456	1.146322	5.282236	17.696591	72.432677	35.818029	28.812775	36.043025	47.879294	32.753749	11.817533	32.485007	76.102205	26.097893	10.879075	29.840887	19.661634	58.043739	0.995013	4.266991	149.555673	37.875100	32.306738	15.213640	16.032042	4.239104	64.692408	27.116779	16.241723	80.253125	29.589494	20.419752	10.920038	101.460105	94.256144	2.014905	35.961646	28.944244	66.421372	13.491609	38.511294	48.921605	0.409349	30.046599	90.405872	 
218.976318	64.349201	48.132651	68.537888	13.080834	13.980087	19.206691	81.683862	23.159640	4.332999	35.949264	7.201020	13.344782	0.626237	5.884977	3.017350	14.357332	43.584605	11.352434	86.013445	23.688772	26.731083	15.923675	5.079577	36.940812	67.426007	90.118578	121.043350	23.067199	9.301646	13.663160	1.095908	109.792380	31.191769	33.261468	36.047635	141.450724	15.136019	5.150655	106.093727	57.540125	12.365896	133.268512	159.160485	1.386321	40.953860	16.135586	81.456441	24.609466	136.258304	15.601941	23.444419	6.615114	71.970050	8.762417	33.620607	2.465809	11.471199	4.692132	75.164288	82.959162	116.660171	77.940172	69.399963	87.103754	 
14.666791	13.313839	43.452543	101.314310	40.105481	52.860779	27.269458	6.130763	8.603610	13.870765	26.021992	32.427259	24.460205	53.919718	4.701256	13.476694	38.560736	75.031332	56.062694	1.027424	53.575977	136.112865	15.938803	42.699010	15.547767	10.206325	4.806638	1.342067	61.360846	6.549936	142.087345	12.727406	5.120165	14.408615	18.687036	9.174077	15.999101	142.701281	42.468604	38.323024	43.753893	35.946147	64.140616	79.365164	10.621910	125.833796	24.698079	24.225896	87.238235	43.074242	48.782597	17.665291	194.698595	42.742628	18.968466	30.997948	9.967638	4.645508	1.598057	18.807680	13.135889	32.760051	53.151750	60.167742	82.903129	 
23.714971	64.907476	98.870599	9.507144	29.439039	20.839527	8.240158	27.476154	23.004561	5.804384	19.003166	76.532180	13.352481	59.484918	74.346835	46.194778	12.324137	61.466928	56.642808	52.928664	0.574455	20.610612	118.840467	6.405619	15.310050	71.133361	54.835893	78.531536	29.124816	31.642479	1.556882	17.022214	53.138500	32.135390	10.640664	18.497545	99.945088	1.399883	89.566430	4.409147	30.726052	27.865682	5.303460	2.812271	117.430268	50.023473	17.931013	12.585903	18.192840	20.338597	8.087925	6.793898	214.651400	0.984221	60.998960	48.832454	97.970538	2.552277	47.232100	7.008550	15.644977	3.367982	7.784520	9.847271	30.236695	 
19.523104	66.745488	241.764814	138.415920	6.126262	89.058201	4.022678	10.964590	13.144285	17.464578	36.005318	15.674597	57.626214	172.233515	17.841519	44.483346	69.913699	25.213008	70.537934	14.890840	18.883949	2.606626	8.466992	21.808073	21.694597	28.287577	11.596239	22.153222	5.881969	14.361630	64.887368	20.218697	5.291127	7.561430	8.480548	45.439301	58.033189	14.943705	66.371919	66.404223	22.892427	62.119275	108.454529	31.438820	16.439679	38.091245	15.489171	10.963615	158.527646	11.635908	60.325634	11.213862	73.961096	18.199708	42.147226	18.640918	38.496782	139.340254	23.420283	41.060219	29.126468	55.426287	3.456730	61.066125	52.019496	 
5.710366	9.652940	35.024950	35.681331	29.309029	18.239934	58.581602	6.313355	23.152710	29.325628	2.978294	33.299234	120.850602	10.985084	44.010818	15.564003	16.239173	47.226040	163.125212	14.782430	103.112435	104.109384	5.227451	37.996088	8.607917	8.474182	32.568235	63.439779	51.269774	59.900631	92.616993	18.466420	50.610518	45.290664	6.709111	37.474699	52.981870	11.726287	78.667321	89.700105	25.755588	33.103080	6.669904	61.990733	38.918936	38.504677	35.141692	88.275562	24.757495	2.211600	11.816911	7.159877	13.833849	98.990311	33.707329	13.246841	10.360851	88.507613	58.566188	54.142394	12.583858	27.690323	20.562001	27.794440	4.871415	 
17.656260	63.748876	19.107629	40.860779	22.911988	64.576162	10.648440	35.043339	90.399264	26.131817	3.793384	11.083724	96.911834	6.464933	43.494227	10.803997	20.125321	5.859167	34.377246	43.200239	72.066714	75.958132	62.208345	41.952809	5.950398	128.376719	5.229117	112.699720	41.431060	14.778442	46.391374	9.904585	62.332081	6.545600	10.131510	35.519565	1.040024	22.534591	10.287334	82.735746	13.782855	167.403375	33.709280	2.742825	5.660993	90.998913	107.308050	0.473607	37.154281	10.264391	46.815288	21.156825	6.446417	14.782131	91.792228	8.604206	13.477351	10.790011	47.798800	21.572842	72.224450	81.128658	285.345399	57.822883	36.797790	 
95.894662	28.625334	20.616659	16.180467	0.466064	41.730648	20.779294	42.329791	40.844264	20.627881	11.813380	110.984285	97.164077	12.813325	24.315302	4.935264	1.126378	27.929073	19.670876	99.403942	56.410221	6.729031	1.174899	48.888383	0.811120	46.929736	4.694598	0.883122	33.858503	131.233282	16.029404	106.652059	52.874181	27.222164	93.559752	2.519706	5.319451	5.035191	54.954187	31.118500	23.901739	24.077434	54.658269	38.369714	95.998606	0.835104	25.406036	6.836941	11.092871	165.008205	82.506965	8.932307	31.041453	36.705670	169.596910	65.005479	140.712138	53.148870	29.500791	40.431395	89.909825	24.961193	74.852931	2.007716	47.965845	 
41.041772	19.805058	17.261326	61.748556	14.351286	7.111920	4.531138	11.490107	21.477555	5.899784	5.757483	52.123303	22.744006	17.101879	133.005414	66.098219	37.071306	4.882472	106.420410	37.509519	3.639418	4.315449	103.942852	13.773895	0.730493	8.188909	145.836602	17.426842	79.323453	14.379089	89.079955	20.891897	18.036397	85.087536	40.289110	12.036125	43.658869	11.329147	5.620775	30.275535	32.846872	17.010535	10.498588	64.179791	20.324378	32.599043	6.987812	64.798356	16.291695	51.062453	32.910359	31.188965	13.143266	44.509875	9.135406	158.125431	27.716539	54.616622	14.345797	17.958029	43.595085	7.238866	42.150403	7.082036	68.648094	 
36.936191	3.006330	18.392109	23.610763	204.799375	122.675556	13.853978	116.406323	21.834675	10.885627	148.310005	25.611324	2.948450	41.576826	7.446863	17.133038	0.780758	11.245656	56.293152	110.262369	114.049747	90.694346	69.795438	39.068603	27.093490	8.755803	1.337656	5.063855	2.578738	52.961270	0.987680	52.025489	68.549213	15.376715	55.670171	52.230612	266.923580	39.612773	31.354049	2.412471	150.224915	120.619335	10.830264	66.030022	61.931048	8.586533	21.576511	34.042395	24.983715	69.089026	1.260925	172.573908	6.053294	38.939876	72.463431	9.726241	41.806671	57.387073	61.379025	41.794709	6.960463	4.138075	35.821754	40.766068	30.708071	 
17.547718	32.755927	38.106264	5.805084	157.536494	77.940719	1.655843	28.489634	37.797199	15.259896	40.935867	20.144319	0.485221	11.166726	14.061386	36.106886	36.163463	83.750633	123.927001	42.212667	54.589174	53.538551	0.442120	11.706216	17.247404	19.333612	54.551695	17.184972	10.245028	80.608459	15.231947	134.842938	30.097148	1.479849	56.803259	30.090481	89.227356	84.933058	93.314544	15.593612	39.818276	51.490175	28.973822	6.131740	3.013673	28.156974	1.031512	81.046069	2.342511	21.305438	12.206657	8.762049	23.490124	26.790960	78.778929	1.444971	62.724746	51.912539	10.193555	103.317596	40.513104	89.612349	64.275243	36.568987	22.396380	 
11.931821	10.740314	20.810473	21.913612	24.883054	30.734270	8.115076	237.783589	18.754405	25.662227	117.261612	23.135751	33.519064	28.245905	95.721677	19.897501	42.145183	54.877755	22.216838	13.991230	72.790452	54.615322	38.281425	51.156434	38.707078	1.399566	4.350278	4.427858	2.345773	153.017872	56.458162	14.056830	61.967010	15.341847	10.373655	32.434795	59.625197	92.865139	8.771216	17.201001	22.705059	66.723974	10.047895	48.217439	12.279657	50.192585	12.742863	48.499778	11.653660	12.479377	42.584217	8.340863	64.437913	52.045015	39.585026	20.873041	62.024197	44.151873	48.326126	53.245741	52.661203	40.558018	27.429614	123.232928	41.651362	 
11.945542	61.399252	0.748648	55.802399	83.693005	21.848481	6.593795	151.671172	45.073113	12.401545	21.139009	65.815463	21.842316	6.908773	177.225894	28.047348	4.198560	83.433934	5.363535	3.602950	36.310973	76.382487	84.118761	88.554740	17.104923	121.381924	4.740627	115.373341	2.324160	7.754625	48.633028	16.983018	67.768223	120.780944	122.941403	73.336793	78.580977	58.640646	108.079891	17.337720	42.597759	72.818195	2.931605	30.951638	11.305460	2.035798	3.624963	68.190051	230.277377	13.403725	7.411993	70.107434	34.697861	39.270537	13.055091	36.832748	43.261011	94.711955	20.883545	24.889980	18.820207	34.120605	7.709858	118.269841	30.308594	 
37.356414	29.320361	22.779367	19.669320	129.116164	33.371864	7.620011	14.616853	184.359438	26.923760	72.477070	9.285203	17.261547	12.793431	27.558647	49.536035	43.905651	0.362611	12.063604	37.598765	188.266401	180.425190	0.241609	78.266365	2.144416	2.896027	23.313459	41.488372	30.404598	44.895615	12.793915	35.959411	6.256892	17.442611	91.079163	37.667325	50.939825	11.555311	22.883666	3.649752	76.245846	13.472045	8.635730	33.198897	69.677880	31.518180	2.056792	46.863147	23.018505	52.342236	107.736537	44.269908	8.422019	4.207415	43.354986	13.295632	52.582795	63.949775	2.159017	101.799851	24.675395	92.261277	40.155716	25.579087	26.030111	 
30.712426	2.364704	16.846903	20.772838	85.194550	18.356193	14.103400	42.580412	188.567187	6.246379	102.619734	0.969536	89.233664	96.537455	19.061538	82.125474	28.617483	59.877677	49.165627	1.049278	26.641466	26.574509	9.851248	23.985603	5.468551	30.666137	66.752856	76.773748	35.931454	43.986089	11.262900	3.864009	13.559140	10.854081	40.376273	10.745908	39.125481	11.446543	65.270258	19.066450	11.208206	0.262534	27.561559	33.245952	7.082902	26.947667	12.467350	52.039177	18.785482	69.392287	51.024177	58.271216	50.127911	80.085668	15.595338	18.381206	8.891582	30.212574	12.036485	49.070624	73.753960	29.930934	71.835310	0.652074	2.949010	 
162.796485	3.028649	26.612238	20.356786	70.629301	114.874050	1.066638	3.705019	3.490352	4.365270	1.590974	11.053499	63.898578	60.990612	18.921664	38.910542	6.219835	6.265239	59.250563	48.255320	47.154104	131.986362	16.904059	142.296479	10.533662	6.463079	0.575381	7.438418	48.674822	17.353170	39.620334	18.898206	0.282933	8.509996	53.852410	2.215264	7.328366	23.776859	7.118236	3.209541	46.447364	3.415991	12.481652	3.219648	0.917044	184.761636	205.583467	1.677031	50.939870	74.620395	28.750676	11.277944	51.251978	100.835594	20.130747	62.003804	39.882054	59.958802	26.764449	14.986713	52.026418	46.400427	77.765296	89.131335	8.388348	 
93.340856	75.618308	38.533673	45.001608	44.602832	32.330845	27.784248	35.847926	52.834410	25.005540	25.237619	24.668267	54.757342	5.281960	43.791674	3.398259	11.145438	49.101106	92.695638	197.975061	10.790915	92.326329	25.774116	30.536403	12.206207	41.376697	93.562057	54.337720	58.414050	55.467134	8.179164	15.896463	46.216976	19.506138	35.460729	5.993065	5.001276	60.827641	31.662771	31.131584	82.604855	30.646274	13.401332	63.915514	13.534328	29.525682	116.900593	7.086148	20.587907	39.338119	39.800153	12.570738	75.258524	61.734711	31.439650	37.426423	56.921865	46.263664	82.193499	92.053131	50.438257	32.041241	77.102810	44.762318	96.315637	 
35.713242	8.665654	29.594271	104.016499	15.661621	68.192876	76.862384	64.232609	189.101760	18.138606	7.354333	21.285855	4.385143	6.657763	4.905174	33.489904	16.869347	8.925597	7.259145	17.698526	16.556463	9.498293	13.845343	68.745746	57.810959	38.112992	59.388575	40.488212	9.999636	25.840179	129.366948	11.617144	103.191616	37.684561	3.285124	10.105828	5.793370	23.493927	13.849127	11.127441	23.831095	49.093060	125.010455	9.844124	62.448327	79.374283	1.358885	207.649330	4.904842	120.178381	1.121769	5.257394	27.623930	9.505839	21.695439	23.346186	5.083103	47.925437	13.718461	49.483722	47.010229	7.792992	74.325923	5.451447	2.862173	 
12.603487	99.335944	33.401474	55.897581	14.722381	16.493041	19.067145	13.021974	68.895840	79.177322	31.630046	8.046486	17.695719	1.796559	1.974262	5.654500	2.538815	33.924610	7.857871	27.400500	5.524863	23.500121	45.481559	10.303983	23.351576	0.539942	36.134007	29.264364	49.585257	24.718612	38.688832	21.894869	3.129671	150.250384	12.790956	13.795839	79.892709	28.084827	60.511335	54.487144	25.155239	6.203255	24.322702	60.839751	18.870376	104.230284	20.033819	76.592568	42.965962	1.152830	22.266279	121.800375	68.740803	81.314992	2.016574	141.147013	18.309555	16.702476	23.850535	5.577132	43.730416	36.556131	30.857445	33.952951	20.829534	 
91.132293	24.167586	2.973722	36.824167	35.410933	57.973238	18.200385	9.916193	48.600888	2.280260	48.676301	26.012249	11.428154	45.178529	7.585974	1.433842	8.831760	23.221787	5.370854	40.391999	77.048706	12.036879	35.496854	25.839671	54.165237	33.736012	76.914385	1.205240	24.998190	40.053639	10.808697	22.772905	7.582079	23.938575	162.053727	11.711993	11.001817	118.955997	27.417963	2.326581	115.041547	10.864208	98.738559	65.295577	20.639715	83.224817	2.693494	29.589573	16.327626	68.678994	73.190563	1.167050	32.732633	1.417276	28.193930	48.578469	16.714277	49.599396	58.326084	19.009918	1.325014	124.865358	9.813626	80.710978	17.970403	 
52.786628	18.383346	31.172599	20.884132	58.728334	16.310468	69.199852	1.017400	14.293333	0.773646	9.845594	7.885826	29.932371	31.084833	41.237204	16.120205	55.473961	39.177660	42.745812	12.690578	29.885318	6.944513	28.624130	13.207967	91.910262	73.011549	92.580421	9.131447	137.555874	29.782178	55.678880	1.132632	152.704378	30.074798	8.151167	1.180674	14.441717	5.384459	33.015763	62.831777	103.164545	17.889277	0.399525	11.230232	18.584494	61.430482	11.685858	61.906906	11.949353	8.125038	18.715030	17.383796	30.304250	22.440032	2.611656	57.147289	24.428541	53.688851	2.490232	22.247751	26.316156	12.345264	13.669342	40.425272	17.675124	 
45.804721	31.128857	15.355053	8.538828	9.267028	32.552530	0.524497	11.825924	9.693628	2.566018	42.847186	19.806466	14.532024	21.580693	20.197652	65.936521	10.856192	10.728601	5.172033	60.143604	9.863088	29.193901	6.548133	19.835767	44.201909	36.910745	62.990035	64.517727	12.382829	26.848496	98.694804	6.879822	43.752354	35.792263	15.850933	5.987286	18.337075	13.354941	19.565594	19.815787	11.488208	71.682172	30.674060	38.592550	67.346613	67.524543	51.289650	159.136943	28.995807	2.164531	18.567967	10.706056	56.534050	100.364419	0.403019	40.654543	16.240082	101.521232	27.001459	134.010760	30.916714	48.054537	33.299967	17.054671	26.379915	 
24.245457	17.785532	17.798484	16.201407	200.123371	47.867758	24.524896	11.017934	21.697602	63.923403	7.118032	8.972407	84.144817	28.613854	48.949312	110.842685	21.714883	10.001401	19.530240	44.869994	2.536290	16.826481	1.191196	44.282350	43.260488	3.317565	59.182307	96.751746	57.170803	77.493682	23.134488	114.927955	98.769989	49.096716	31.650826	12.414999	31.128812	33.681765	5.073467	10.502915	44.214638	55.963587	122.604380	15.343221	56.996890	33.052213	14.496909	43.244772	13.880520	89.096195	16.342721	6.383267	51.840500	155.620946	2.516944	42.987878	27.127752	11.220345	53.678574	2.547021	0.784145	4.175012	170.091516	68.002876	73.229509	 
13.546870	21.893871	53.444136	7.265749	100.317289	28.351593	18.581628	21.606382	1.615524	26.036664	27.676861	48.942090	0.493034	1.546849	104.880426	179.155676	64.610471	24.202243	38.502371	54.050645	13.255071	51.385832	11.439535	122.573989	43.511381	26.314140	24.394794	20.386295	35.316851	36.141696	38.310810	13.648278	96.870977	4.503573	9.449898	11.654571	2.541144	3.036810	11.363224	45.592058	3.701563	9.079010	60.009191	30.592051	37.453812	4.710141	28.800951	42.977884	30.313441	2.506791	44.973652	84.400540	198.916413	21.775855	46.369893	38.735448	23.840146	18.250089	47.393314	14.844752	5.316006	1.221378	16.479030	30.631080	32.829815	 
73.013497	11.581437	46.836022	93.197562	83.744583	136.606376	4.165294	45.862476	26.385764	38.625115	13.852299	72.590682	14.622284	5.376116	47.406368	11.864710	53.934855	23.004319	89.439304	28.087556	68.084525	38.683977	86.890923	98.753473	91.660851	14.714782	14.756560	55.378180	47.975722	4.282731	1.524946	8.402541	47.612175	3.801301	52.922626	99.332601	28.827600	37.444267	146.169858	12.895700	47.466652	5.190824	5.753941	43.267993	19.748924	3.261779	61.210344	87.871756	12.110729	57.694495	57.426241	19.516592	54.899549	33.380964	49.879587	9.691977	39.864451	49.115496	19.984958	49.205050	8.528535	87.212381	3.028529	13.206154	70.274871	 
45.172543	46.164830	54.273820	62.345451	67.021876	26.778005	32.846660	25.792225	72.963085	2.947760	6.471073	87.700421	10.686960	33.849466	57.490796	39.536120	10.334066	22.423948	21.693998	43.574512	18.465506	68.116357	58.274315	53.871344	141.962686	9.409515	17.678519	6.542087	51.510854	37.008133	17.786071	5.645206	27.321737	9.663901	29.277743	43.791772	64.971641	45.442207	76.404858	12.454117	16.382373	59.112450	4.407014	46.882248	51.131730	48.336043	43.520098	10.571760	7.707838	50.584852	9.173951	61.237303	83.910592	31.992329	7.475937	26.376500	13.556478	128.448200	54.701953	40.387018	19.807624	13.729407	24.024541	78.569613	173.740620	 
15.275710	7.093563	56.083548	29.884180	56.048800	22.186711	4.704623	20.621094	32.469086	35.018117	54.972361	9.070433	66.627333	13.824697	11.232955	107.068606	12.704223	70.988814	175.311423	7.876552	14.844369	77.082289	2.113221	8.182511	48.736344	8.427731	2.581747	14.733144	1.004703	31.561094	100.119388	2.587050	30.230912	9.436527	116.734286	1.835440	25.960495	78.947972	65.952411	1.472465	22.948427	36.059706	10.388306	3.870933	29.547452	58.955191	11.485381	8.197538	61.225048	95.388257	70.962672	6.649770	34.779485	41.232205	49.146267	6.462271	21.038525	12.143434	22.110517	4.761189	17.089354	28.610498	33.849153	16.931098	1.830143	 
11.161383	13.204210	64.001455	39.352810	30.106082	69.892787	14.433443	0.440119	13.127461	60.766261	33.549848	38.724332	28.223384	13.593411	34.628658	1.666178	33.483625	68.037446	96.747151	81.420072	55.763856	40.777662	3.589315	66.678106	11.444874	5.571719	11.682091	66.607358	56.165177	23.334559	14.676238	17.385612	30.336158	36.855540	89.234308	44.062777	20.732230	23.560278	9.914562	16.438487	37.464226	91.451627	49.481199	32.385392	18.974440	21.429360	8.815480	48.616868	15.021512	59.148914	46.146702	3.769056	214.986849	191.367377	81.625177	45.809765	44.173808	11.485174	1.951819	13.977418	54.749839	31.845900	40.370627	7.509440	21.830554	 
87.020529	65.335993	23.539979	24.833637	21.297544	48.297043	22.016529	22.020291	2.010725	27.397533	42.847357	10.041371	39.791628	61.726190	21.142574	11.682979	19.249038	82.191868	22.037543	232.293253	86.677783	4.367402	29.844956	60.887688	98.835406	17.449307	49.278328	15.708073	27.706392	42.972945	58.215192	7.018506	33.802243	0.274550	4.216849	10.416796	3.329878	46.146557	97.347520	12.195509	11.063174	23.189758	25.127001	104.130064	12.059434	10.604057	12.000384	6.038851	38.490057	44.060886	31.662068	18.209515	33.681921	14.588917	148.626529	70.884300	152.446064	10.944768	115.958024	38.540494	39.371150	21.931007	59.638675	25.122531	18.729743	 
18.765599	77.425066	53.995700	58.242186	22.622558	18.779635	1.199206	1.003461	59.853657	12.429441	92.798819	26.379754	21.900203	9.503683	8.805988	32.782998	135.489969	16.216808	60.499950	10.200077	110.196232	10.833345	79.687621	116.235469	2.669096	7.295709	7.659751	48.819961	40.012760	6.516817	12.355000	73.639968	18.462890	181.406958	20.280866	79.225808	57.829608	1.525278	62.293558	23.358944	25.989047	25.633280	36.082918	18.908034	188.673058	54.810390	2.440248	16.941033	8.684051	10.868399	59.645501	6.253403	5.931675	96.798884	77.902516	53.995245	7.211393	130.403611	6.902640	21.482522	62.105701	30.777141	26.565289	41.379154	37.289952	 
12.920210	60.138670	16.777120	57.523991	64.525810	9.282376	37.459068	3.756000	52.260369	43.418015	85.882414	1.220246	109.248361	6.825562	41.521607	6.692268	72.355869	7.851114	39.876159	85.709812	62.740851	35.615390	72.292695	8.388064	3.552734	7.052234	32.829807	83.449612	85.731349	82.810364	59.310040	8.751018	30.257352	0.223824	22.156846	0.977238	86.792094	33.912029	5.912338	10.907292	13.967686	24.656043	77.995794	43.896286	41.522741	0.755752	10.357557	4.339156	51.097191	29.090497	52.066714	40.575528	11.678801	1.001848	52.065713	28.390299	63.996634	6.237114	152.655611	56.415659	23.077491	18.649891	69.896883	87.895710	30.010827	 
51.569396	46.252404	67.807158	16.331552	18.888018	135.348693	66.755252	2.877355	22.545854	4.688151	53.852765	4.763412	7.172444	40.223881	16.117885	175.317720	44.225025	23.528194	121.804081	50.917139	4.909955	22.202399	65.563743	9.957187	0.949178	92.829925	118.243741	13.930635	88.225574	6.359406	14.954502	3.726748	30.929660	22.563637	1.481315	10.384409	40.038836	37.269754	38.578546	2.631430	32.966476	14.186266	20.355983	19.759843	93.340931	108.865098	9.315969	79.180804	4.385038	40.860213	48.996377	18.723227	10.092561	30.458104	28.863240	20.623070	17.621548	10.682606	34.776538	16.946945	1.109501	17.043211	60.712823	13.811163	7.959135	 
3.704645	98.237557	30.500679	87.834838	75.164603	7.707454	1.514701	28.682393	40.667143	147.786060	24.983517	35.802804	24.981143	24.126350	58.038600	37.647745	66.871064	96.712282	33.394418	104.640179	48.818264	29.613748	2.377366	62.637418	10.603502	1.324282	28.615447	116.099728	35.788183	16.508648	32.504212	49.807858	5.535654	41.222124	14.960856	208.568559	68.930094	62.053795	66.682433	50.250212	6.273002	32.336889	11.676756	105.808732	56.705957	22.312353	33.878810	7.974851	0.208240	3.244624	46.451842	10.348933	34.061428	7.512527	81.686788	24.886995	44.167849	86.451196	20.477529	10.879922	4.786359	73.554287	1.348351	11.663918	79.759867	 
55.393134	5.365539	3.133471	77.205201	5.576130	43.171841	4.122219	15.856577	15.997318	23.692439	9.798266	27.018060	43.161229	54.137671	27.393900	23.672297	12.015833	53.361713	3.380616	30.994073	8.620702	52.210453	25.965707	19.882864	81.844913	20.960398	33.256810	29.297605	0.594513	24.612356	67.863592	55.295791	81.278125	15.542079	18.946616	25.322715	7.688522	68.383626	10.062001	68.065943	6.416714	21.752164	27.284453	73.485776	69.565771	23.970031	54.883864	86.761323	0.882332	11.673851	2.234364	186.968437	22.339179	109.080795	37.926496	41.405029	80.218952	21.442074	46.705188	64.116060	16.549717	20.832532	18.712661	7.363222	21.110909	 
52.884810	9.666160	11.466854	22.152576	8.741091	22.561514	52.725767	29.388467	27.272668	0.304140	18.658208	92.922972	36.326724	75.991852	50.531821	126.636763	50.271904	12.009729	78.693304	15.930436	31.679455	79.071155	37.594678	43.301602	59.245783	49.516500	20.264814	19.067840	146.327208	12.129229	26.369582	7.845590	15.421832	99.550856	20.621448	8.149871	38.654399	20.246198	3.002980	4.650437	138.172129	39.304347	89.733937	48.265437	122.397535	93.800682	11.490916	22.471083	53.648602	123.450497	31.207462	2.487038	20.258451	138.933736	7.050991	9.600822	58.203350	63.511649	13.262642	20.196909	63.295021	43.349738	16.233550	39.237854	11.429369	 
36.773665	37.449666	56.384707	9.033511	52.851605	118.986215	24.285607	93.514236	2.724022	28.856239	25.762433	13.844720	52.402197	20.359312	27.141221	70.392317	110.456712	14.301109	30.480411	57.228119	72.864596	163.863105	5.539006	2.870248	4.265591	31.592574	28.865509	109.021352	52.639817	67.841296	7.355182	11.055931	34.527951	34.632019	71.845282	25.319784	29.084066	72.736191	20.139298	132.857162	12.934207	16.878124	114.411819	8.524709	7.447280	101.330138	16.579890	15.478290	8.408856	118.028364	71.749385	3.520170	15.170050	118.120137	38.819367	16.088234	0.607528	15.059159	5.524886	61.796062	3.130201	93.596084	58.243263	40.922670	0.706900	 
28.251064	56.898175	43.289220	177.232044	29.722246	46.629141	8.525662	5.905637	1.552625	40.082840	53.169042	13.385600	15.970416	35.397320	12.775576	2.953200	67.908792	84.175893	49.035305	17.418017	168.524327	78.975603	3.807414	6.539541	69.386453	5.277569	160.873386	53.746198	31.668647	124.357941	1.217037	35.284138	3.229709	23.211908	30.116676	5.255564	15.441565	27.589920	38.283856	5.476036	11.525994	39.871701	28.317707	22.672436	10.121028	49.480416	2.355799	58.093556	19.159742	1.022631	23.531302	65.118470	47.282689	7.123010	35.543870	27.605375	4.625279	27.317365	52.609615	2.336778	54.866226	26.676954	32.331439	10.577695	29.708016	 
15.233726	84.720828	20.471379	14.610441	98.191896	46.301373	13.354019	17.121946	79.884548	249.300597	82.967047	26.308141	49.141096	20.093672	79.576753	6.423150	10.309221	38.901127	61.124745	79.962946	20.655020	29.371386	94.729867	57.329564	30.862538	145.049441	18.291857	28.942021	52.108964	1.635008	56.764717	8.142645	125.604115	5.828780	7.674369	30.928293	107.592634	13.303219	143.103879	121.785425	24.527790	26.201930	1.255023	62.422140	79.715127	49.991485	21.085454	9.947468	9.706991	8.075067	17.413778	49.448260	49.597724	4.235688	4.354621	120.960626	45.575956	38.733323	63.387262	8.155448	46.952424	1.342609	9.088695	49.786291	18.644067	 
55.527235	3.438744	10.276568	23.606546	16.709754	42.448090	84.899011	5.367526	164.706314	12.140971	47.367291	45.257063	67.028213	45.514323	13.324794	5.485544	8.644754	24.202368	30.587387	97.522110	41.633491	28.436745	71.085913	8.341567	46.666490	27.552388	67.225940	69.987744	107.990695	141.548069	2.496994	13.056789	63.807758	54.993507	12.704118	8.531059	34.466510	9.322786	58.617968	111.793843	98.653882	0.242322	65.496312	5.492455	85.130930	38.201261	68.975314	76.982367	8.353463	2.786197	13.201523	0.752962	19.703551	18.254676	119.122013	0.572828	22.428980	37.482632	15.024705	31.580355	12.106582	8.845423	12.703772	154.156645	56.067711	 
14.864576	41.572194	58.176969	131.385940	32.389585	18.506327	35.228991	6.752653	26.109891	109.917295	18.537372	112.608618	21.472261	30.722275	119.598516	43.402700	76.086594	110.166053	28.011654	56.471492	44.976859	47.819098	30.681360	16.859716	114.821468	3.147235	6.654815	6.228383	12.932280	22.626627	75.187704	26.298503	141.637485	27.865018	22.069773	51.008001	16.005406	5.281221	32.675184	59.398565	29.859261	8.878849	51.540379	31.382851	7.094718	4.638547	14.091711	18.028267	47.322508	14.828042	4.650934	69.044825	81.429110	1.332566	80.303507	73.646589	7.692150	24.320187	34.246016	11.218726	24.776557	9.908565	3.834247	19.987268	86.702441	 
63.008033	15.929701	6.338072	45.716291	25.513511	7.906865	38.989540	44.577737	27.523489	48.162377	41.377850	20.130864	4.019439	1.218584	13.445080	113.698420	13.076565	62.313610	15.645511	6.430434	2.968248	22.650059	187.864802	85.289716	211.572045	24.683238	69.099696	12.715542	51.657448	6.521630	59.208429	23.615976	4.654652	25.251425	47.565073	4.971919	33.852000	3.605076	1.748397	13.897891	86.248669	48.820418	5.135199	76.729830	93.229373	77.814364	1.988375	23.334230	38.340672	58.543496	18.135636	9.325620	36.682008	74.586918	137.114810	27.634654	107.337321	13.047361	36.284223	32.764737	50.925383	27.925037	19.512173	6.029168	75.832450	 
63.593023	9.773044	175.207443	6.217815	61.625963	1.504192	30.738336	4.179474	70.976525	25.691009	156.453667	16.584822	19.558256	95.271998	11.773969	12.774993	1.851471	14.583331	50.965198	63.904741	83.241590	40.609779	5.550070	4.409046	8.612764	10.410840	26.292087	11.575511	8.905494	33.932121	48.065203	44.277413	33.835651	104.614831	45.787443	54.281437	23.928273	12.995292	59.544329	49.805085	43.257587	45.088060	11.475933	4.772436	40.127045	10.588292	2.216965	23.750905	18.727708	1.313393	1.664338	46.173910	56.209252	108.796400	7.659319	85.045183	181.969831	33.409634	11.414261	46.716561	20.339418	14.639918	26.291093	20.480500	39.087430	 
3.799873	22.570649	51.811193	58.770646	51.630277	63.091738	12.236497	0.980332	20.233578	82.347666	44.796419	18.232463	14.218927	36.931278	44.267785	18.933335	48.041856	69.044253	88.864713	81.179570	61.670674	11.296269	88.570658	9.627973	83.549712	60.722156	61.727060	8.498891	191.087602	42.564380	130.352967	27.123083	0.825638	77.793919	65.606441	39.377257	14.546173	51.742492	3.070883	18.141843	108.577674	15.327406	8.130384	14.009421	62.042014	150.846258	11.645689	14.084878	16.669525	31.682944	47.144883	10.566509	10.232326	50.790083	19.726161	162.491736	90.990335	16.756516	67.676307	0.256837	42.623254	17.154730	26.008702	5.484886	15.889725	 
52.986224	130.265028	32.813225	24.308508	27.250856	36.264556	43.705113	45.045220	173.769284	28.778764	15.058192	5.553382	8.656447	4.172689	40.814677	6.989033	29.210614	2.888349	15.002894	19.763593	11.589402	64.997874	15.276365	67.307483	32.019524	102.502170	74.198746	35.126417	9.600790	59.582598	7.797843	41.735812	68.469294	42.386725	64.458784	31.976645	33.004816	50.545263	22.122604	30.105751	15.870894	38.057123	9.774191	11.027457	16.123460	15.882032	178.061808	102.800661	79.825978	22.368611	0.411538	61.108118	22.123773	21.108644	21.835041	25.345146	99.744525	1.936983	3.251976	3.114458	10.181576	29.519189	67.103666	2.837681	48.914092	 
9.650748	160.693426	35.631239	3.694918	15.971518	79.180822	8.060082	84.021783	51.189511	9.806837	73.797562	3.540388	74.496871	54.765308	58.880928	71.627499	45.642696	48.154227	16.280602	2.873218	39.584076	76.442673	5.988983	15.249455	92.678769	3.506271	17.864108	87.109556	93.085534	98.901469	1.872392	41.750596	36.140783	47.906134	18.634195	0.983767	29.344696	50.820192	31.235741	23.346330	2.378646	28.220890	4.606972	30.401381	33.407623	12.756386	32.360266	0.434309	2.808202	56.638953	45.702357	9.190310	1.139469	28.671083	6.500923	131.238269	32.529701	6.257636	7.902902	44.125545	4.867648	3.300097	27.116678	69.586331	6.091799	 
6.746823	29.883776	48.436679	27.711640	5.534092	31.494708	2.007329	7.647741	43.159372	24.973210	25.354151	28.291328	7.670501	36.263061	36.750064	8.301085	31.733509	34.717313	9.653261	45.709700	8.617901	184.654348	46.993802	3.799430	12.257883	1.881643	28.377541	57.032094	10.560646	68.423979	34.520784	75.616677	73.434277	35.757622	31.844095	46.504325	275.114745	14.802194	4.900309	158.656962	27.178761	14.847762	22.582977	27.734674	13.289703	17.836603	7.566202	182.660701	13.771928	3.576849	23.826664	8.538699	5.257631	5.435820	8.711451	45.877741	100.376589	70.882351	48.205141	0.828903	60.139156	17.454648	6.197247	207.522303	3.657924	 
10.386222	25.163805	41.246617	2.336756	18.701180	12.942770	58.157994	208.384522	0.516243	62.266063	11.513079	2.577966	6.724490	4.467428	113.395933	7.030434	28.749023	80.993528	6.952375	20.208054	28.325836	16.614924	0.183706	19.573418	34.898881	26.685034	1.112621	0.183745	72.990243	19.330809	5.341993	9.889274	53.164730	26.885166	27.104297	33.989447	48.040111	17.913486	11.582425	50.365845	3.397318	276.356566	15.191967	317.164139	95.990951	22.991743	106.484276	3.507130	9.870693	8.762783	11.951989	4.686015	5.637394	49.784277	23.274802	89.741048	10.862260	9.996925	3.942299	44.713286	13.035241	19.015540	6.122251	5.790101	47.899263	 
17.544188	0.182006	23.637575	62.341255	61.005466	9.096745	154.404162	50.524349	11.190039	4.533071	14.493646	35.540237	135.930310	19.088020	221.826857	13.149343	91.604689	18.456819	52.417846	78.816053	24.937567	61.743881	16.782933	17.392356	8.843407	54.521402	86.500786	92.689145	24.821906	8.012934	87.611781	20.310010	50.892422	78.806407	94.884379	40.318254	176.620938	116.829145	102.790294	193.154100	88.910319	3.154116	70.543009	18.468897	19.261881	93.591383	8.751891	19.585812	3.076292	11.650557	31.423818	19.285891	3.195086	16.489810	84.918262	116.211984	36.486032	5.553893	11.062540	75.575618	6.429712	60.424343	33.072228	0.706137	13.762369	