64
0.000000	6.133661	131.716307	58.777463	96.456961	49.948177	45.274432	23.193471	3.331132	178.368410	0.451546	70.109909	2.733113	45.875264	6.135789	83.712288	34.223141	84.008557	39.643222	64.470828	29.278879	6.012727	28.528003	24.288683	28.791125	112.799424	133.554904	23.898166	33.142335	6.439686	50.146748	2.299632	38.166117	1.060857	26.659841	7.818630	49.180331	72.543814	53.156991	120.284852	31.475711	99.075034	37.591559	3.581116	126.580351	50.796240	12.123778	81.710374	119.057721	23.749713	75.898059	18.892832	48.069851	80.633701	66.668529	64.162036	11.473011	31.718134	5.758761	69.170468	8.733304	8.097100	101.028206	12.418857	73.887151	 
25.691456	10.531856	193.400979	33.810495	73.204673	51.046116	21.229353	7.337240	47.530718	34.046911	14.711797	8.137651	54.895873	19.168082	59.673570	6.264232	17.443890	62.234937	6.028082	27.003847	45.395363	194.578745	14.528337	16.721631	163.213746	23.045482	4.356011	1.940957	6.131779	29.704056	12.010621	24.811865	17.711344	40.909382	17.364044	39.637431	12.455331	57.058987	40.892697	18.089165	10.656230	28.112840	37.419101	68.287246	3.461995	4.033405	30.619943	42.156210	17.091210	86.754838	18.286954	35.855421	12.720046	4.731650	7.629898	18.522658	11.658897	5.554831	67.223617	107.964092	1.262491	43.883113	9.284104	20.615051	32.354201	 
87.980812	25.949718	2.938978	49.687537	26.084180	138.051132	16.761658	56.825754	2.072675	19.196710	133.018133	31.822458	19.515488	30.579280	92.701191	4.951569	40.544562	38.485803	6.130508	17.000830	29.438040	1.080786	110.617056	59.406326	13.522505	1.989872	13.550879	13.238041	15.984465	43.355929	34.299492	11.571854	41.154072	1.465620	2.480230	41.600654	9.522544	57.970121	11.653429	1.504870	57.008472	100.688749	19.901231	40.341381	23.645397	10.661338	20.171872	13.050696	4.178988	5.760666	7.176349	20.381638	26.317716	45.386207	42.366127	10.545457	31.723796	50.532984	19.386052	30.892555	79.288527	38.408489	28.438064	2.964863	39.071910	 
59.942178	9.032597	76.095639	9.579888	54.045133	73.220200	140.022204	19.401417	40.934086	16.159935	131.131268	31.514761	49.728527	119.473746	196.415436	33.976200	101.813325	43.867759	12.150629	31.098368	20.858939	63.974327	19.502364	58.640489	89.605714	13.128943	54.130888	6.481400	3.955442	2.346109	26.771714	130.594237	76.301827	8.122893	33.995276	22.683572	58.147022	28.204097	117.680633	13.794630	3.138565	27.826221	37.902135	14.486193	61.747304	5.884298	12.173947	32.458495	16.125420	24.068010	3.732569	77.028850	21.154686	8.196677	20.231776	36.192108	21.844623	2.529669	1.728329	39.158730	51.096922	48.399785	64.436251	29.193669	23.242396	 
0.607353	75.863637	23.124424	12.406873	1.205025	2.926322	17.618912	9.022153	26.663010	34.678236	38.566848	5.919375	3.447233	58.372327	7.729222	18.735295	45.813064	70.521948	39.376845	26.466896	66.251460	20.950124	13.046728	44.025069	48.421934	125.775375	40.984241	12.157228	65.107395	12.113341	43.923747	50.813957	8.702306	6.431269	49.620230	11.622931	22.100899	3.685910	32.245040	33.062037	39.393283	6.169148	2.443781	155.226507	0.767475	4.182448	49.317323	87.851755	74.684125	70.568480	49.753997	96.169569	63.733846	41.793057	76.210885	10.297125	87.375753	92.842774	4.277681	36.172443	59.753130	34.696548	70.875342	32.078994	4.258005	 
19.567399	83.501381	50.735702	55.947923	11.732563	0.892396	62.325983	59.250060	2.906085	82.881687	51.857779	11.892471	18.483991	2.521115	36.669592	58.287070	60.237018	66.092823	51.835189	11.804208	48.575126	14.556069	3.126057	2.529133	25.203638	89.452251	34.117910	28.813736	3.140604	25.568581	63.543819	27.503099	2.395614	109.369168	1.934637	7.863496	95.498324	17.320775	11.195954	110.778719	51.232751	1.956288	15.696549	49.436119	36.834284	178.025054	8.792031	8.879250	6.550474	50.207402	37.529564	20.280631	104.765385	46.401167	6.842886	3.821298	23.422920	54.459162	16.293823	135.040767	85.859763	45.427039	113.296572	4.477774	4.634255	 
8.306735	76.200263	62.666276	1.000987	10.250079	0.767986	2.543715	8.860307	165.285529	78.057874	57.143114	114.353386	18.060530	8.989363	72.587403	34.039038	29.028965	13.051593	74.672822	15.422358	10.631339	102.700309	25.317731	57.806331	155.316801	51.819557	13.765448	18.539176	5.668116	5.661096	25.727095	36.298070	70.295701	44.183437	3.667844	51.896552	93.404925	39.738344	52.966523	0.466913	7.790995	28.050198	52.730610	29.400619	56.504803	44.306140	14.128715	62.274807	16.606308	3.322946	30.994055	3.356350	3.980890	184.332126	44.961721	75.787122	100.736799	47.807019	6.286494	9.427995	98.202029	22.525408	68.052660	164.171010	8.186638	 
6.996324	61.499725	57.382633	15.794375	22.388149	14.466085	8.293169	0.756412	7.598783	9.262224	16.205707	29.743415	48.614378	3.480503	96.334171	35.441270	0.125546	12.236040	19.709026	48.939589	16.868097	1.030519	1.985661	52.468983	47.318533	47.380858	52.514033	38.967996	180.918401	66.196576	99.601776	57.585431	19.849546	57.944627	24.629043	51.614835	74.025564	38.887961	43.588198	10.988226	128.159841	6.187997	4.143814	60.891821	21.402551	12.254674	5.715989	53.297980	21.547710	121.089664	6.737295	21.607523	12.163033	21.130905	26.612822	5.252431	15.167295	47.989153	11.348722	6.488174	102.768133	123.506537	1.324923	34.906748	41.073453	 
6.812823	69.716245	72.544351	21.417805	113.664335	29.903043	98.771508	113.690756	2.006579	23.181390	19.225763	9.899806	53.628377	10.880562	86.853732	27.189320	2.363212	38.818712	48.552811	2.331135	13.277578	25.984793	13.282532	41.045679	11.872384	92.520905	68.948064	98.269008	12.995391	85.125256	1.006249	115.697863	18.314606	4.233227	68.845508	3.729601	72.247464	43.530210	1.369058	2.578218	109.857312	14.862394	1.601766	38.336240	102.322694	28.635343	39.982796	35.832870	90.395950	21.970931	66.342191	2.172386	98.385118	75.963926	37.011640	44.262339	11.747611	62.009402	44.241616	2.400286	18.076929	1.834765	13.942566	123.280439	62.828448	 
67.488670	17.343842	38.616806	7.887260	90.769845	27.743289	39.295715	46.078375	38.378074	3.935740	25.814731	25.991047	102.827817	1.281137	64.774074	93.500127	14.786448	83.373307	75.926796	28.806672	119.431747	75.633099	31.570457	112.478714	30.309135	16.697646	11.903199	14.171103	13.955175	65.799858	12.376676	32.954927	76.291405	41.063597	29.362287	19.529915	56.450348	9.845085	16.080100	115.564246	6.378173	12.412513	56.908307	24.084191	4.860931	38.448016	28.633953	13.784554	20.098842	36.958403	35.367800	51.286950	62.478642	42.688862	21.202653	47.274482	62.602777	91.587796	9.468637	24.313045	1.977446	63.545709	153.614356	15.345589	66.286837	 
20.377359	15.404511	52.693710	31.514448	29.876157	119.113161	26.448796	34.581028	57.315590	18.814754	13.545007	36.321488	26.987344	27.095349	79.819502	110.873644	8.279930	73.323763	53.621161	100.325018	0.399545	144.588228	42.681660	181.146987	9.236217	30.130571	99.819806	33.132991	26.547676	12.711213	60.066214	7.338922	46.280691	6.387926	6.598393	46.113075	49.288292	17.605082	11.599986	35.546919	25.330212	46.244226	13.103479	9.403868	23.893681	51.886215	76.005480	6.164432	14.076996	14.787637	36.482229	3.308199	68.776279	103.992841	25.488492	36.396176	4.783790	27.532721	72.952851	39.380746	38.832573	48.494782	250.153035	14.292828	2.003868	 
50.957704	30.046845	14.798897	95.331877	9.154766	28.582365	8.004540	12.608180	73.249588	189.029854	140.285556	22.322072	81.794044	38.550212	131.395616	97.628605	29.018790	24.988245	33.599457	60.194235	30.982143	1.905754	60.537409	38.044372	3.763994	33.925745	59.055054	102.649540	1.639389	5.804645	9.748086	28.524468	23.374672	51.382167	8.774471	8.973449	21.714274	28.892217	7.092946	117.920407	11.202440	20.450606	29.356500	39.740842	33.923887	106.982985	23.287986	27.950442	7.821817	33.494462	104.207829	29.343966	93.565939	38.317195	47.781763	5.277303	52.470257	40.375313	6.989624	78.706058	110.772558	55.383554	0.940457	31.394851	86.362024	 
17.095224	81.529387	25.652013	12.647767	5.951828	8.117617	11.393581	9.106202	94.628648	45.882257	4.933496	36.060105	11.410484	44.500185	38.269184	26.914310	1.752190	136.830988	149.358293	20.752980	32.216964	2.013646	52.998441	10.237653	41.013622	9.661061	5.424114	1.761684	106.922592	52.660899	3.007349	107.148444	16.287566	1.588690	3.766864	15.446193	9.185074	26.730594	9.572660	36.188409	111.715628	4.989239	91.997982	25.095118	32.757123	26.654207	52.446716	6.199931	61.019264	29.901348	18.823162	41.425353	12.200039	134.805427	5.735708	65.743797	49.315879	76.079857	48.450256	9.257229	11.139733	35.491315	4.337624	69.839013	18.849260	 
18.808294	61.396968	18.062477	34.530876	43.950824	32.305025	51.511009	17.624299	22.484683	33.476828	93.674861	1.453299	18.412005	5.425871	56.249930	10.711207	43.679731	76.589994	26.609228	24.897671	51.318484	35.685158	23.575637	43.979703	6.753774	1.370567	18.366629	28.163692	42.767396	33.872846	32.150087	11.592219	40.144672	8.508065	49.721384	105.385297	11.313071	45.463089	1.645721	8.148979	26.711273	19.650611	48.788781	3.983155	61.977729	28.010997	18.180202	59.066385	16.764683	52.308184	43.923620	6.400766	61.589614	39.686638	13.457478	60.063869	2.021722	1.192358	43.713641	37.981599	13.592930	40.316639	137.580212	32.219136	73.426739	 
18.601918	97.747173	106.856474	25.329767	54.288010	13.346751	37.969780	6.027495	9.029526	6.806833	1.679983	88.385837	50.485140	72.332421	6.959572	19.522090	46.072921	28.373256	98.073447	172.281730	38.164568	78.366353	31.080664	11.513810	2.378447	26.599645	80.056768	38.850563	35.064166	58.500667	22.020995	8.076666	16.843305	35.063685	75.628917	15.450217	32.644217	21.724376	95.815405	48.673809	9.666510	47.083942	21.491476	1.024350	55.313597	100.811995	18.513803	49.355809	64.196379	51.479520	34.782494	46.581340	13.356256	23.986558	85.130015	26.826218	53.154870	56.073789	2.384369	2.752445	75.085017	1.940435	56.007637	10.273884	110.628976	 
9.629036	31.155743	25.388150	32.661030	12.804706	40.580007	22.776198	33.238432	32.666844	18.422747	15.404386	10.577837	22.965450	35.033335	18.460067	7.792376	27.933760	50.743196	16.610777	11.436101	42.267838	13.328538	23.918355	104.309930	89.114123	30.208547	9.603859	3.476007	1.015553	39.859279	7.645874	60.691846	17.822106	10.631481	13.660182	75.565645	16.149536	49.898105	5.481480	10.522621	231.422508	6.944704	17.097020	61.352118	24.589947	6.401329	22.458692	29.700249	4.601302	3.059755	51.279189	43.211007	21.569028	98.341917	22.658166	129.802756	32.212559	25.990113	77.377118	42.269112	2.230631	3.484713	8.380243	71.135176	88.516258	 
33.084400	40.308909	203.882588	71.238769	117.695596	22.525013	80.388971	110.031502	74.023542	9.766220	62.087379	28.674890	5.490366	117.271310	15.084744	46.296840	1.061222	33.675845	10.631534	20.070776	11.358312	1.612212	9.843990	119.048660	29.829016	27.950374	29.991293	10.535922	14.721735	3.357967	38.152657	4.159784	30.689876	98.279355	69.310599	64.564819	7.658259	1.837154	69.627662	46.583443	25.987945	13.512116	16.079608	20.836991	3.311729	52.742846	54.150781	64.352719	2.786364	19.216415	263.310867	19.675101	46.548079	31.649260	67.892852	0.916073	45.878318	13.940973	33.094936	17.676624	18.357660	90.613956	6.036525	79.924266	97.380708	 
0.711739	27.839941	68.252285	13.302029	19.853268	11.079712	8.954608	36.599879	38.765504	98.418284	21.093061	11.773414	101.266710	54.553803	224.426784	67.128269	31.337204	1.319916	180.061419	1.004064	72.317414	4.931224	18.501743	7.328996	25.083900	15.425052	17.631254	34.440589	87.652605	40.249672	86.917201	15.174780	3.246872	3.054400	13.095888	28.155136	53.795741	99.016640	17.409645	23.580900	10.834905	68.505790	17.958600	2.686731	15.651629	4.995831	65.626697	55.401885	27.479939	43.208670	28.262616	76.390985	5.262746	5.114968	17.951553	4.436923	4.596439	2.924418	15.062041	79.021936	31.582215	6.534125	0.510829	45.264651	61.043586	 
75.736597	23.914785	8.111150	17.386447	54.012607	12.930649	24.250080	145.084905	88.479371	5.598125	1.945314	55.111148	36.492105	44.758074	131.137635	9.238938	1.854029	38.015299	1.665899	70.455346	6.172034	46.465312	103.240887	10.232273	7.474913	35.710693	3.628780	41.711371	103.773584	41.531957	52.122799	5.069801	108.852706	120.117459	9.867735	17.568625	138.347822	9.044954	39.397508	70.212715	113.974070	19.385198	86.950802	10.331434	88.183099	132.913943	65.173409	44.352488	101.341538	4.039188	1.733327	56.726582	1.374327	11.343805	64.520475	27.190393	26.958495	14.846975	30.602744	54.769439	13.194278	20.069504	15.789065	71.324461	30.570479	 
40.100583	11.108351	31.790416	142.386600	65.651189	68.450321	13.195145	43.995741	25.221679	71.632475	9.638483	59.443268	156.662743	32.037295	71.056509	0.873750	1.737697	2.358098	18.594707	12.057657	9.478039	7.337850	5.317981	23.212155	114.497931	73.369607	78.231889	14.981382	13.909549	15.951237	8.121011	56.974727	11.635080	30.922048	22.410543	10.553874	62.146827	4.605176	3.128527	85.573135	15.571088	43.637459	70.760794	26.060356	37.171036	5.267508	29.017434	44.407390	8.527149	79.621623	7.744223	74.688569	3.357147	64.328011	6.309008	4.771191	15.830273	76.641543	49.704815	7.931504	0.458968	5.009721	3.615842	6.681824	126.934179	 
58.500735	115.554741	38.722069	55.798452	2.611763	51.496233	0.679865	24.598086	44.419252	0.905034	62.871979	0.512697	39.175569	21.712565	28.913757	5.481639	12.731484	43.455259	17.713065	131.694909	2.637345	136.954305	19.354946	42.549794	25.502688	17.211404	0.345006	14.573444	107.785658	15.993393	5.261002	149.941608	11.501499	26.969192	70.426470	20.024167	21.929757	27.796306	0.900158	51.368886	19.767103	40.559760	52.513607	28.083790	34.798871	12.630971	88.451524	10.473426	27.300994	34.698466	161.365694	64.784887	5.665482	4.100257	112.927892	94.971264	108.124198	6.863648	1.244074	21.370689	29.289879	116.303779	14.667268	7.773338	55.878000	 
92.528597	38.340675	78.601441	23.019487	12.964712	20.443054	12.792112	48.121915	12.552019	5.862212	3.227445	32.506836	1.765469	96.641723	46.712426	33.130309	20.177977	0.960286	126.607298	51.125420	14.813964	11.356777	0.999694	215.590441	67.350606	4.541959	0.195709	9.073663	33.017485	50.423334	23.839849	49.407998	24.755404	36.646953	10.362520	55.073788	13.264036	12.121888	2.942446	16.943467	2.244394	12.750445	121.929872	3.245245	105.030913	17.053208	17.066622	55.862204	26.191583	17.602898	13.716009	181.004236	17.406503	16.011864	85.332818	35.969728	74.009214	5.089390	45.179948	42.607323	39.552407	151.286712	32.539036	5.120847	62.498572	 
12.881816	10.416817	82.788743	2.494345	13.948119	50.987345	55.011041	5.654594	68.215824	46.450126	51.265947	11.233749	15.284404	40.510547	48.344770	31.687380	1.085073	50.593812	83.593227	103.480226	5.692150	1.135297	7.411034	16.904566	56.892658	6.844701	21.043571	33.155149	55.650539	101.344551	48.682013	18.318606	9.871344	6.607317	5.715769	14.433619	77.236787	32.401837	8.410222	89.387295	8.070346	20.819184	18.692026	10.115037	2.992339	22.909058	122.090067	28.956681	48.065078	16.931091	3.213224	84.278253	14.604595	30.821277	9.946658	61.824789	30.628932	24.710165	38.952298	40.522969	22.246937	16.504271	2.400942	13.590607	82.276153	 
95.890378	19.579014	4.851368	14.608384	28.999949	31.184485	80.092821	1.978905	108.743320	20.287462	6.334834	19.724789	3.693560	30.287352	42.625828	23.244556	64.354618	20.744810	230.378493	14.309265	5.727380	42.843710	102.294512	14.127881	108.814648	126.971156	23.348098	29.575296	23.795955	4.562389	22.221455	128.206065	53.572744	72.968320	174.355993	23.772369	1.343787	43.447249	10.757353	5.275004	56.102299	50.801985	40.772776	11.601907	64.487734	12.335556	115.933748	68.041521	35.253406	9.131809	14.450707	92.902512	28.873082	36.287712	46.422999	46.086434	12.813946	14.015604	45.043419	59.169656	41.363631	68.556847	72.620846	13.496245	56.343492	 
45.375097	18.889147	25.567137	39.813866	77.640797	26.038431	48.841047	57.404451	1.932472	73.108225	44.611941	16.837337	10.701688	62.695526	55.079437	17.634775	52.574639	23.372160	80.505340	64.250113	14.367144	75.663654	33.790017	1.227148	3.673738	17.933108	12.813573	15.635731	17.773666	8.295777	57.450293	81.806624	75.208110	45.557194	61.622057	42.963788	54.911678	7.750690	25.680778	13.162027	87.404406	19.860968	7.505169	33.810852	33.917777	17.467015	31.042946	22.673419	107.865995	103.526661	5.925113	64.260993	46.705378	79.091175	8.960433	54.850100	13.026207	6.047316	32.966782	93.156401	33.482681	66.723848	23.942956	61.216485	12.470479	 
22.744617	11.559420	10.261931	14.838990	41.024689	19.011966	95.124675	8.010101	4.340185	11.951334	98.301657	44.511027	75.317787	49.547598	67.930832	41.702376	105.719210	26.980583	25.664353	82.479418	69.773808	48.583575	6.613381	19.935998	2.585849	8.636957	27.669090	124.148816	134.470853	32.582871	27.917236	40.869547	7.952275	35.088492	11.611424	41.054472	15.661248	18.424424	56.594083	40.795098	5.180641	9.054833	34.313485	22.835531	75.285510	23.192909	127.615963	59.117367	20.274798	18.407775	3.806956	1.719921	9.229218	16.728102	46.978341	106.244185	16.050574	81.697634	10.502559	28.236494	4.783951	43.778439	20.251794	43.346389	29.076525	 
14.785530	31.124148	55.558183	56.024045	40.968325	30.004579	7.391207	97.627104	5.261494	0.815669	28.871652	36.986643	70.845875	49.442603	111.077538	17.720042	6.034596	37.847800	25.164018	11.731783	35.431069	78.613425	37.218173	36.591804	87.804568	10.556366	4.077366	39.584660	15.559797	29.584369	9.419106	111.984938	93.857005	9.724355	20.337501	33.447039	22.993664	4.544340	14.926259	91.001673	37.184984	170.784841	51.741116	0.566817	18.024931	101.926359	64.103981	49.517762	10.138942	40.371249	8.969669	28.615587	49.517396	151.855833	39.816757	1.832537	6.273944	55.548959	45.033484	28.451931	7.318164	6.267734	18.023785	17.880529	55.003958	 
16.124073	94.334527	19.902949	0.613724	0.254459	65.983634	0.883052	22.635695	11.404750	12.442750	108.882965	66.479811	27.858796	60.105107	45.993991	31.908248	22.225122	25.336534	19.475452	41.694443	315.770523	80.088535	30.532111	2.764949	52.304212	63.424119	7.057488	12.471234	55.228814	57.655723	23.612670	5.389673	44.159033	60.675217	73.430323	28.716002	77.056258	48.012722	19.537251	26.543989	47.647978	29.950924	46.454210	52.633281	73.008204	60.469312	5.057544	2.826529	3.831559	93.421724	6.364147	33.034469	10.475932	120.748871	29.059228	0.917119	2.586849	133.874942	69.336780	7.541503	18.711971	40.515052	8.259734	0.894341	17.582058	 
31.099827	22.011504	1.782502	33.016321	85.786391	1.387835	2.550657	21.509091	58.220117	20.185309	16.422625	20.342967	12.739004	14.857079	35.066078	66.491027	3.803166	5.291856	11.350998	36.462539	14.875470	100.572922	38.871432	23.346900	34.295933	7.704479	42.978079	43.510402	6.840016	7.716329	106.095778	72.813063	5.349251	24.411790	4.967573	5.551936	7.660261	1.583617	0.872692	58.526344	3.289448	65.172911	21.708029	91.083880	91.073077	36.668913	70.321516	36.457818	139.352098	12.071322	26.565262	7.227216	42.631689	12.832577	191.920546	20.187735	29.067166	48.258650	109.408165	24.239767	0.453754	38.764048	35.518840	3.315784	44.065374	 
41.060232	96.296142	40.465763	4.194011	110.112087	60.120464	95.946048	55.474030	34.340829	25.985359	16.489679	19.878845	27.050565	75.137021	27.174388	8.087449	11.518142	184.544416	12.500000	44.929081	26.550709	2.712730	1.714952	17.432302	49.488101	4.466100	20.264584	154.335147	27.933649	7.521579	28.233202	15.815911	5.442109	68.259202	28.032445	21.064872	93.588135	49.888018	18.100593	23.418326	3.994043	58.626363	43.429792	11.394156	13.337917	10.343773	15.105971	137.480729	91.531302	43.065381	19.252176	54.801804	41.566683	50.062040	39.096954	18.177358	162.070243	4.998528	97.746303	122.030873	33.895592	88.510112	33.319649	118.031226	17.509037	 
7.065121	16.423405	8.346915	9.696565	39.541608	6.572420	14.396521	3.514382	1.421487	6.680626	2.139535	113.792084	31.335011	7.207348	10.783710	17.626247	8.108380	71.165527	43.978697	29.144040	3.119043	30.298454	41.222453	78.559982	19.132087	42.284942	5.718360	19.532131	43.839011	7.138499	0.847909	21.184462	46.958371	70.642802	20.568745	19.254267	28.122856	107.300662	12.325946	24.210219	29.753040	21.880942	58.446664	80.975712	92.353881	2.291682	2.407633	50.415517	58.934030	16.193601	25.620372	57.109161	12.012031	9.867919	65.329989	23.224890	3.307755	20.274434	0.920166	28.529794	8.450005	0.593783	15.355626	0.966218	37.420915	 
5.252529	7.820359	3.839543	0.747365	45.669899	6.945174	30.133326	21.278833	4.369566	30.672302	18.678468	4.171513	8.770414	25.686867	14.523632	11.216513	189.274586	41.658857	107.401375	23.577399	35.109348	24.900147	2.392286	44.161506	22.296226	40.835794	57.758735	80.760722	1.527220	26.682050	115.189367	5.021890	73.320260	19.211306	21.154883	26.994669	36.024776	16.484054	9.148201	32.569604	19.275090	61.825258	2.768051	0.341948	6.373109	75.526139	1.822871	7.325438	40.556454	22.733358	160.398268	47.661458	31.974716	52.144120	119.888482	54.061725	21.698741	11.028646	40.481851	31.517739	77.048723	22.670232	2.564171	138.843213	97.548355	 
4.477315	23.531237	72.501123	32.892591	34.251154	19.122244	138.046370	18.704191	148.946473	9.970997	11.922633	32.407850	142.876240	85.804190	3.953838	2.284106	24.391342	1.334387	20.676019	74.024317	106.621158	48.097347	7.584670	18.446616	169.037652	51.207993	14.629080	3.163400	1.982530	0.931024	67.852787	36.901239	3.191385	13.160824	11.594603	89.296744	139.994853	50.128853	13.738978	0.460428	68.029402	18.436465	40.648050	23.244042	10.454931	34.993703	7.840155	17.914217	25.407567	1.469903	5.124205	1.363901	26.133631	1.761271	118.638989	49.610279	20.540234	18.583612	36.797268	1.356620	57.994686	56.290518	2.107841	27.504713	86.548121	 
53.377693	45.703563	57.994975	86.025852	19.607153	11.890818	46.887497	79.061863	19.398140	4.236508	58.685889	44.052494	38.214789	56.226958	7.548329	21.683783	34.176688	0.682516	29.610235	75.559349	72.965421	34.120488	27.531639	75.624322	25.548327	64.233498	63.317069	55.132366	111.448742	12.036854	117.450797	10.589324	150.902610	10.207515	54.260808	25.631682	39.334000	4.310563	2.385807	93.828119	30.341081	96.173003	192.822519	79.874321	29.307311	210.850110	7.937723	109.516368	36.216924	16.464217	172.572485	96.261659	90.992146	30.881058	29.843409	16.772731	191.746164	21.071342	61.985568	42.435973	40.674993	54.165274	97.883609	12.624780	54.934992	 
15.868167	31.835404	17.619011	20.877765	62.543219	85.932345	50.957057	84.038938	27.132930	7.752836	52.268678	0.850419	4.729497	78.405903	31.514908	28.937861	17.586119	43.803128	4.884990	8.138169	20.832514	171.772525	18.512810	53.519665	20.075286	3.809422	6.522821	14.370826	3.886993	7.195706	213.894091	274.423413	56.070455	7.956149	1.353827	56.424936	109.060972	10.702880	58.050266	6.856042	80.785399	3.934594	123.725749	76.769910	13.583553	34.413499	19.666330	8.701325	36.962898	18.655458	39.942105	7.662363	68.083111	3.193602	6.262442	53.147737	36.317540	13.026990	4.115452	56.579388	26.487697	6.539077	7.709473	4.531648	21.620457	 
115.770521	14.680100	40.467776	61.810359	46.306154	5.738925	44.765170	13.687190	70.545956	22.692042	5.851496	22.746944	5.148810	30.124331	0.866752	3.305935	5.035338	4.481394	60.004352	22.720438	9.092101	97.830989	15.333205	24.968341	44.103928	88.770110	22.823279	44.437940	1.537316	65.030301	12.911439	31.468962	16.215984	173.433094	89.847208	3.570444	58.516094	7.469821	63.935114	0.959747	42.668100	86.225415	27.576228	1.740433	185.776224	111.521574	38.003973	37.493800	97.584830	0.907568	113.329688	5.025482	4.739055	3.424770	8.232668	34.406672	58.374635	119.283830	28.042829	73.818244	122.911047	8.884131	50.907998	9.733567	7.996897	 
28.284040	43.396014	22.725586	7.539653	91.789609	70.657930	11.169554	9.888364	5.211545	43.306099	1.300328	9.256306	2.525147	97.544776	1.522204	23.905694	25.853321	59.108419	32.422242	8.045781	24.743398	51.112819	150.195726	6.013387	18.331883	8.509896	63.399589	26.388095	11.167916	56.252580	17.343599	11.156719	49.296598	55.497976	38.395165	49.934268	0.864950	16.382937	28.560040	23.819966	92.798036	25.793061	7.990979	10.721787	1.774517	22.807272	1.032531	106.971137	62.244749	15.195539	19.550840	41.431402	0.911011	21.605827	44.167244	24.943319	37.829114	2.247090	39.216669	39.587569	104.687411	59.990729	33.305175	39.708625	171.469662	 
72.554902	26.397327	18.823519	35.141793	7.623973	13.401459	34.523846	82.663448	14.091419	39.572204	48.542271	6.915185	36.348285	57.149959	61.819879	29.149586	7.386671	107.387303	3.188177	41.158738	11.282004	5.329386	0.976352	53.363029	47.160947	93.334888	13.550048	15.401905	7.735609	8.987211	119.404084	53.878583	1.527074	13.262033	47.776533	40.572651	13.861993	2.325374	2.038827	11.924741	88.802741	53.094373	97.031107	97.223410	8.701933	38.384646	36.181072	101.559557	26.250853	24.753253	13.456375	54.795170	110.572185	16.663609	29.821456	34.779714	36.631082	68.333714	40.447013	10.730528	4.023013	211.367294	58.024328	16.134576	14.187547	 
0.851145	14.966729	54.910768	82.399089	51.702055	2.945796	38.141558	10.229154	12.323344	9.620353	11.534433	3.330015	25.007470	30.442908	48.959036	1.598994	1.721833	2.543519	46.893428	4.067499	16.645544	114.898959	19.382858	21.036115	40.730745	18.366790	28.956233	41.532434	6.611182	57.868395	127.129323	38.015137	20.007354	56.049985	35.929844	4.770826	8.425481	26.984987	17.137676	105.959014	7.639990	25.182614	5.522239	71.375856	57.115819	20.077224	98.633806	13.539381	59.381884	11.155480	138.456289	20.038660	25.050365	5.796901	23.346332	9.710990	79.812331	138.373496	90.936992	62.307407	123.332599	39.327241	40.054601	35.898050	6.218291	 
37.424368	3.501424	4.339576	104.366032	121.103692	113.896699	105.451866	24.110249	10.671311	13.631898	10.698305	15.235655	92.934866	8.727644	11.586670	58.428033	4.017141	50.159055	67.788142	63.862781	78.726115	19.754344	36.113264	45.003353	12.622150	12.307699	52.254946	28.058537	73.383730	23.978088	4.939505	31.731990	88.736647	113.348844	44.140924	14.589195	4.219466	163.879216	75.492319	2.424587	21.939012	20.616893	33.308997	30.003563	63.550457	55.127380	70.042148	20.173806	77.766559	20.723825	126.404988	56.872943	32.545617	4.702256	62.480566	30.021027	75.920406	62.785129	14.607635	110.597530	11.254556	2.036521	223.783794	53.275974	5.737559	 
56.510632	3.618511	6.728348	10.622310	154.301198	14.186363	12.003915	40.581871	25.753019	23.699800	127.619564	12.307573	2.421808	2.976196	31.084467	3.612496	16.690838	2.089131	23.039036	38.413370	17.498402	13.642925	28.685029	0.651119	114.990978	21.825816	18.500244	32.980270	74.186510	63.048736	47.033744	35.590588	53.611396	6.256888	10.507881	3.773331	16.877136	13.268704	29.035473	3.234606	8.155600	0.319803	14.732973	20.488404	117.325872	118.237393	19.854863	113.433122	4.787763	74.288575	8.836943	29.425226	53.611554	8.718473	18.004814	5.338203	44.654392	38.169999	14.480047	6.567246	8.981682	190.335936	1.649639	32.398690	0.199997	 
45.460885	60.805522	12.998373	54.261857	86.725021	48.092414	10.580774	23.714000	25.963052	23.913457	46.742507	16.866947	4.912812	28.843985	33.788715	87.329033	11.637645	3.737083	8.811965	8.533436	24.521675	4.103597	146.486768	37.245771	79.370036	17.550937	58.376997	25.513312	4.056671	4.253356	23.227576	123.951562	64.699623	52.494535	41.368709	8.822204	2.692830	10.419472	20.919623	2.260331	15.611463	6.821978	45.884908	40.921780	80.291944	93.089644	101.078601	69.850129	5.664307	53.492027	76.031122	3.653898	15.469503	41.782343	225.723314	141.172158	2.154399	29.167970	68.522619	26.118024	74.776950	38.020513	14.302236	156.606057	3.329645	 
35.178264	67.456894	141.311870	92.059005	26.267173	7.397652	31.632282	32.733871	27.067640	128.702650	9.170190	37.619150	9.731071	34.472352	31.127119	111.841466	35.161806	27.189455	28.143342	48.267201	10.513478	29.715336	15.594449	148.067943	31.483850	75.263916	3.021709	86.937796	3.306629	28.042525	92.314455	23.956437	36.362805	80.789704	15.762784	45.244268	34.252401	5.132245	67.856076	35.933194	7.066827	38.426701	4.297259	120.072624	36.239298	45.796171	42.291921	6.211211	253.344994	12.148149	46.862045	16.136933	40.975822	95.358663	46.345058	35.164281	19.242228	70.438768	5.462010	153.749007	72.815071	45.318939	44.716718	55.903136	56.116809	 
63.127400	5.693041	15.352821	123.093591	29.997562	62.426972	12.396582	35.769530	41.218896	13.468801	38.797462	55.047118	40.156651	87.475061	93.928244	100.544891	72.325176	95.767250	10.262010	53.528841	164.306658	144.999595	128.955168	18.409461	79.717498	37.020681	4.354286	10.736264	47.708288	2.730747	15.976285	5.791792	7.029765	108.728084	34.777612	59.137336	201.972949	149.271337	111.461883	11.396351	93.200867	2.369219	49.959364	5.749554	1.109102	124.299906	21.419131	15.077539	36.137931	45.748646	19.215100	9.462380	29.389862	10.840645	36.465544	4.836858	38.056197	41.585453	106.111661	25.704358	156.872583	121.146730	28.581954	19.980544	62.151759	 
41.335286	12.712272	64.677937	7.175980	68.291801	57.040377	6.334854	104.560938	31.471345	38.426058	3.855114	77.414160	61.456634	30.288304	97.952411	15.363699	3.228751	179.681334	13.894327	6.010924	71.879451	41.538354	55.544095	28.331906	17.084193	22.330737	75.087263	6.622111	29.541093	179.455985	8.997185	32.074352	28.885687	8.595468	12.360240	91.801770	29.729283	42.046052	9.769414	14.975798	24.294806	23.167645	86.425471	16.600084	11.182178	199.808939	7.527175	29.060330	44.168673	10.271068	6.998592	46.919143	2.570242	11.162864	34.662575	53.870340	18.005249	15.926746	15.166933	2.222674	3.143201	8.737112	19.043088	94.688955	3.921505	 
5.563495	56.021190	8.966605	17.379419	33.082895	62.257760	18.504026	1.953232	49.455179	54.952454	23.778038	100.316452	23.934801	3.107647	57.835944	35.664017	38.683328	5.995352	123.258161	53.230304	22.773760	46.307969	14.772341	48.454656	66.234532	13.707317	41.721514	114.682472	4.505078	15.779911	6.156990	14.433087	0.439634	26.921023	43.185466	72.193051	18.027239	39.008322	40.605848	6.676062	44.028826	18.780668	31.498327	0.739553	19.325146	4.875247	81.881580	7.640674	122.511438	37.880853	57.425356	24.177185	2.020849	14.269436	46.419797	25.195596	104.306981	15.558581	70.493274	3.769308	23.350245	96.220510	1.479341	154.148182	15.132510	 
8.804761	8.288396	44.152764	101.519924	45.354419	114.086503	2.029484	28.460171	8.330757	20.297626	16.948335	21.417814	4.403934	17.858392	6.252384	46.530338	20.800956	64.385466	89.818529	56.207461	57.235703	63.639901	10.779808	89.410072	29.697925	29.274513	8.035588	28.620104	107.345700	35.823091	119.159516	48.304672	12.486151	22.048798	105.666205	79.116286	62.123413	115.794690	2.128067	1.658401	70.311056	4.096168	27.720784	91.950425	65.341729	12.873191	8.029701	8.584238	17.704582	4.059514	5.026715	214.494588	1.563635	138.456559	10.432284	12.787220	26.168955	52.274973	89.374492	10.519262	62.112398	36.477080	92.936789	101.579738	0.350383	 
91.859363	69.481772	56.835835	44.614892	66.667278	22.026840	4.533973	76.806641	31.904373	2.833608	40.878030	17.049432	7.793045	179.274386	23.802424	12.280345	110.760957	7.406459	14.310538	30.947570	37.458795	24.306920	60.420383	7.173821	3.942383	97.329306	6.206457	2.065630	6.245713	71.444844	108.665034	11.973964	74.138164	38.495030	27.298093	3.054726	65.486483	36.243444	36.125110	3.655420	6.304455	28.490840	41.644409	75.108064	13.357913	103.595087	22.646981	1.451676	104.660503	25.940738	67.980834	48.703855	164.237678	39.339534	33.993363	24.857641	18.964891	39.888891	113.173702	27.734337	28.376581	21.698460	5.263405	24.828884	72.937272	 
9.758134	27.034003	30.750085	18.053765	1.793474	9.867278	155.770052	9.916714	8.168690	83.570257	109.858141	81.576072	10.172344	2.672861	61.483809	19.214068	97.691619	37.530562	1.941517	24.445684	43.068085	105.776161	19.181230	49.232579	5.547915	43.297471	17.246987	58.030246	6.200220	6.438249	0.414484	26.179464	29.615321	4.825486	32.907068	52.849726	7.756747	3.066395	16.902334	13.541274	95.733214	13.813367	80.632804	13.962372	4.498327	5.657351	8.392671	41.101095	12.061249	11.576828	4.759906	231.082264	59.321638	37.047705	22.902816	12.201509	199.623631	1.987847	23.646247	83.584574	111.026977	88.188328	48.789128	79.278640	53.604389	 
2.974357	15.970047	34.265462	6.916648	42.437838	25.532381	37.924690	88.648607	43.642779	52.181268	21.983276	34.906467	55.383805	26.448897	0.378251	55.569484	13.682211	40.765942	71.707561	25.481600	47.891728	9.738023	21.340051	14.224633	24.558456	163.805086	32.672782	6.098558	8.536599	27.825918	72.227898	84.838700	16.971531	99.120637	1.708284	19.940071	195.614416	25.188981	35.017304	71.841693	9.173842	72.427282	11.705302	1.735924	7.691235	8.706712	2.425359	100.271633	22.819438	2.109043	63.842154	143.549134	2.382806	101.470792	14.909215	26.731557	204.966438	67.379296	0.780516	5.567611	177.934900	17.410846	15.588642	30.952643	36.391847	 
52.154651	10.264879	10.681043	17.025345	57.133858	47.812609	25.426559	39.342168	19.473828	53.609621	53.393731	1.449470	58.003418	96.797037	83.104791	60.645201	38.504803	10.066509	44.270900	69.197074	73.119740	63.157680	10.949335	42.522648	19.822395	12.288265	33.516914	90.395900	9.621068	33.131491	14.939707	45.964424	39.626755	41.785015	3.032502	5.733218	21.000725	67.219161	29.159484	95.981345	66.353942	23.367194	8.066644	7.595122	101.922079	19.792425	120.205695	95.229028	32.145640	46.812941	15.462934	45.225375	17.431749	61.573850	81.859553	10.896785	6.428698	41.178607	7.229490	1.448334	89.522527	4.518615	21.460752	0.524129	282.573683	 
56.941676	23.628878	24.046712	10.449846	8.358592	40.480334	13.447924	45.856634	12.725051	50.268444	1.911663	198.782006	110.107573	43.669519	61.796725	35.156939	56.106526	120.038663	25.290322	7.607916	42.270957	14.284574	51.236764	9.584162	0.713413	0.410747	138.897863	23.271587	9.032779	4.934135	21.959529	179.746417	17.003927	53.314440	12.755747	37.128197	67.062179	11.286144	26.185900	99.246089	21.679536	69.079363	131.263416	15.885366	40.832729	59.613456	52.070432	11.565073	39.835654	52.713204	29.594769	6.786360	86.668187	7.103489	20.637264	77.016426	71.353109	35.901267	64.149665	18.112728	13.173404	11.970256	24.943984	15.142698	28.629684	 
58.057623	71.475516	11.645275	16.149221	6.738584	38.473357	7.191880	82.756672	35.785429	125.166574	60.329501	29.863375	34.245904	23.607168	22.366709	14.515433	6.033021	43.663739	48.147341	18.324986	11.529839	70.613651	18.250154	13.896883	8.501054	73.050929	66.520170	66.486719	50.653798	32.034628	14.602679	0.805896	38.467301	9.292533	63.752755	72.977614	25.500967	8.858030	65.827119	22.969615	6.086604	2.038054	13.518824	56.486114	39.204038	91.506499	10.339418	16.048871	27.907201	33.309126	46.957296	33.992420	6.530221	0.967138	15.323928	20.702306	8.617403	38.149824	1.199128	13.124469	4.779024	56.732253	70.478748	163.558699	42.502801	 
9.601205	169.301400	23.433806	23.249636	42.220960	43.439533	25.857027	26.849259	0.639328	117.657549	50.327745	44.313891	16.392658	3.312453	49.668579	38.340773	9.553363	62.513974	33.695554	40.665631	9.998980	42.301072	23.374299	13.696636	30.166932	11.994522	2.120635	66.773987	76.730959	39.549484	18.710266	39.203184	15.394380	4.439596	36.213433	56.740098	46.326977	40.780209	11.346979	18.323257	2.233298	45.981913	48.857586	47.688734	74.003404	4.281189	34.077358	32.124596	13.760446	28.882421	22.366813	10.795204	28.344333	4.344043	40.509009	85.132184	80.958932	43.718560	38.361716	83.846495	13.940880	83.258100	121.362227	13.222556	1.505505	 
36.579500	20.303404	26.849444	49.086372	12.968992	33.078212	32.374720	30.067776	10.250733	36.768917	3.319703	3.043474	164.577485	40.447383	28.306181	84.391611	17.322590	14.749633	99.875474	66.675019	77.371740	86.447203	19.064680	3.109421	51.061421	40.155573	19.988678	2.225483	34.418609	9.739393	115.951295	44.788520	29.112599	1.568376	72.379704	110.909690	64.876321	17.586140	7.388810	90.767154	21.242344	27.799542	26.140936	2.462435	130.277604	7.097627	29.535978	37.625253	15.512280	14.125118	8.355407	3.995759	146.675344	27.865694	22.516721	35.082004	3.738823	6.084325	107.407258	11.432238	97.364525	12.990599	1.558702	10.797299	3.947269	 
4.964736	9.163846	14.150295	9.834033	6.565782	17.871824	25.193716	6.155906	24.972022	39.739375	14.936529	104.662055	20.214227	4.820557	19.878588	111.792514	34.012381	34.553331	20.375586	12.510580	66.928504	62.259620	23.128032	45.093901	39.062484	79.610372	65.003571	39.144691	55.886367	3.054972	29.617795	27.963894	0.508869	35.134054	32.159263	16.400254	24.187301	54.989359	49.349319	11.099159	81.590197	27.069220	57.850488	6.160892	46.359894	3.769124	15.691064	2.768045	9.817713	11.222057	74.611874	11.135406	1.876096	24.316914	20.355840	4.797143	4.247193	22.863174	12.795137	65.181785	14.831932	16.701264	2.806704	91.324928	5.211339	 
13.507220	0.749975	66.693527	32.092418	8.593595	8.553798	7.129288	15.963749	13.499600	5.741225	27.887845	73.520424	36.417524	113.051129	73.713092	32.032956	40.487461	3.483861	56.956720	58.761545	25.360662	81.246987	0.319752	30.422077	9.369100	83.520335	74.388647	55.452077	43.126879	87.404308	61.205615	18.220038	63.415716	1.921974	17.382649	15.053700	62.063116	10.562265	2.197772	2.430753	92.760823	21.850781	109.721546	11.871419	129.999992	49.897481	45.565325	5.190990	45.307059	86.110611	19.192970	22.657810	26.967816	12.529870	98.205167	101.902236	6.372231	75.494917	3.299713	23.193071	14.383322	46.444936	83.604475	11.168641	34.183014	 
90.713230	23.309145	92.616138	31.968778	34.538892	2.373917	53.865361	12.892416	25.248241	60.273281	20.792139	43.909620	91.589758	13.407948	52.096409	68.295525	21.097298	2.140822	18.980278	23.597649	65.708431	45.530481	18.073694	4.227076	92.611987	96.237453	44.400247	129.138380	60.841498	36.505936	12.327361	12.672167	14.992339	19.052010	36.454931	92.133038	3.591131	5.916690	43.709863	205.122099	67.957704	8.713640	1.153987	10.545005	5.692358	10.187710	17.217878	102.548057	21.665728	24.147956	57.536675	104.898726	1.374699	1.141865	3.191151	28.936229	37.276736	1.946936	4.865058	43.298989	17.683336	56.526289	15.442810	24.633409	23.283522	 
2.045846	14.843363	66.376345	50.662442	104.174716	99.047361	52.598365	27.784321	32.898005	29.109296	70.334551	12.840913	16.074680	151.340351	18.036340	76.908132	48.658600	31.592372	68.606604	40.058923	28.838203	21.344358	35.319862	268.279572	24.479230	48.208572	13.588651	18.098595	36.880093	73.158385	94.752180	30.001666	3.769763	10.330068	10.531076	107.589393	127.517982	19.713333	10.484249	45.222563	18.733591	41.422885	29.029920	4.459093	66.586461	67.924025	8.163902	2.456589	141.489273	10.562192	5.500725	11.481286	21.746047	75.897772	14.237295	13.727049	148.006228	34.405007	2.527914	0.657361	106.569213	73.331225	25.984487	95.094058	47.557400	 
14.988206	24.108801	11.508795	25.533173	43.456340	1.398472	22.420701	4.662410	0.490388	41.770822	85.598333	26.627904	100.241627	76.505692	31.506239	55.232916	15.781848	22.947220	11.745889	31.463942	112.478582	79.460821	7.678842	101.341708	19.661569	29.525632	9.521788	4.640534	0.673376	16.395214	33.489026	10.083605	13.708144	78.334409	120.755696	31.213464	126.365245	2.775736	31.362018	0.560128	41.588796	45.278176	20.888128	6.427109	16.271194	42.235981	18.648212	107.323877	66.805292	2.664060	32.003721	17.345010	9.746311	2.328046	77.844201	28.398971	27.843376	35.419374	79.306256	3.538181	11.322072	1.526147	10.541841	93.104638	55.538598	 
28.203160	23.344357	15.233112	33.258866	14.046510	41.538105	102.023330	60.769149	125.774636	29.863190	42.702654	59.326952	27.222812	20.149206	73.777809	24.206618	78.258938	23.854370	13.670784	11.552997	23.514723	65.879022	113.713334	93.829131	47.539770	25.164314	3.102304	15.728228	55.077750	9.282037	44.604106	7.886628	96.904085	99.859776	105.167837	17.822189	100.084358	9.957262	127.933235	11.666716	23.077420	10.006079	64.229549	46.599599	6.133995	62.022902	165.784647	18.663043	30.721419	101.076780	86.840621	186.384605	18.828077	92.486432	20.762002	28.234880	2.421821	35.099360	22.525468	61.013711	0.068450	21.096304	11.243712	22.189531	3.135226	 
40.669939	40.019466	101.810908	0.791675	64.096368	30.575930	110.306873	4.929845	26.498574	13.962772	27.101231	63.901732	40.634437	108.005905	0.364709	77.169796	6.345133	95.983255	42.316926	31.578214	47.517082	233.060197	14.629754	59.132926	135.333925	112.739113	129.312811	3.120336	22.137760	58.725090	10.119122	43.266179	16.050655	175.742498	14.612788	21.411022	14.742288	18.384024	20.619833	34.913103	67.105926	6.854325	10.355401	156.263934	0.263237	17.349411	3.625855	34.349884	30.859897	1.145068	8.026679	54.337227	249.265463	29.685255	15.514701	14.656190	24.777461	20.500553	78.925760	72.791910	96.548805	2.559961	9.594946	43.054434	30.351030	 
18.086027	6.849070	18.876756	6.884830	7.452119	19.148876	3.254517	47.721152	36.863408	74.208328	144.491531	2.934176	140.191317	31.357588	70.283334	37.438450	103.671896	48.546548	54.760198	58.610275	5.428633	1.367005	4.256930	21.434678	1.492525	45.641398	5.653281	15.013371	36.911090	31.972722	48.833059	8.319207	59.567051	40.309414	78.550413	104.793584	60.804025	26.520373	12.709710	32.666290	16.710978	55.871713	32.335391	34.844669	13.241523	28.417662	2.981521	56.563132	81.389334	15.308214	53.366581	43.168343	2.228460	41.098722	51.319396	21.521998	4.637373	15.440136	30.779104	9.491115	29.993361	40.578077	12.551501	38.298231	7.569784	 
29.185599	14.796512	12.022131	2.502965	26.602099	7.704404	20.165832	6.135761	11.014239	106.397101	42.203225	72.047051	9.810054	28.680425	56.909881	51.773952	2.492322	12.994948	31.497422	33.881855	16.724213	85.970009	2.204501	105.783159	21.224049	1.501011	25.813912	36.322842	10.991932	4.406624	19.970469	22.073924	6.962067	24.254169	26.136788	22.374967	12.969338	7.150338	156.663298	91.406236	15.059475	18.124869	34.908850	41.707596	29.997212	18.305514	17.246192	6.302763	20.649237	99.244890	57.879616	78.436193	10.279181	37.613236	64.241558	45.256511	81.999362	9.948437	19.969516	28.565447	5.114815	50.026256	62.028508	1.158508	9.105403	 
33.562525	106.787519	62.506494	20.702133	0.646176	10.945719	26.871981	71.917881	11.017085	140.354177	32.347013	32.735722	113.683096	36.775028	26.019362	22.629881	7.300927	94.245942	62.943070	62.198880	19.406437	39.839318	27.583709	14.826892	85.614518	49.525512	100.773850	19.433849	1.415386	65.297010	4.437549	31.039874	19.383052	29.518188	64.274734	143.636157	65.811688	22.539291	8.677379	53.897061	28.428296	4.553309	137.500108	112.091924	134.642550	12.189690	44.394131	4.408065	14.430550	9.691227	70.272903	34.872337	30.877058	1.408010	28.584600	1.520110	148.563541	57.633374	41.913459	13.615046	40.444375	2.603479	16.689573	80.601167	18.817697	