64
0.000000	23.043826	24.852527	9.773932	38.318912	16.653640	11.604614	6.463628	36.778575	60.820305	23.381806	78.739217	8.174874	11.477363	75.446716	33.480520	36.101307	22.431720	35.038480	23.366973	66.493505	33.307750	77.837544	43.124913	38.233760	5.557827	18.485674	36.509013	54.775755	92.452302	214.319146	57.149462	34.838921	62.049033	11.249698	42.104994	36.595399	48.736808	38.341397	13.999747	47.341306	63.887751	66.863058	42.635734	20.129250	2.006671	80.424433	8.246293	16.553666	15.535443	17.043688	62.663924	3.940695	93.423307	113.860724	13.245641	14.873460	27.601185	51.353166	0.562463	58.582840	90.992237	9.361395	67.021735	64.275803	 
91.656070	0.603657	60.088367	8.878707	40.681675	8.439859	5.079413	13.022041	14.390973	65.105741	26.281261	4.220270	73.968750	13.077125	39.512315	19.816979	51.838428	21.621601	5.804538	53.137323	2.542018	3.717061	12.726414	81.367376	2.589672	33.681345	5.029736	73.968763	44.608485	50.587872	61.127680	32.996014	249.289079	67.768988	89.359279	7.092507	76.237416	0.935122	3.345907	6.574514	27.180658	15.625804	50.687773	2.731634	28.392821	43.681278	19.774380	24.951054	48.534218	6.404535	5.679742	79.545448	5.706509	7.126064	81.191859	58.323611	3.257416	22.856120	26.069115	114.987773	10.734691	7.197367	12.877881	53.312498	28.756114	 
74.439491	1.507085	4.544494	97.697025	91.736463	25.947459	32.572058	26.748311	22.380429	52.918351	52.375513	51.264416	25.194571	5.198151	11.071361	77.148379	71.500283	16.619849	64.073698	23.965380	25.616255	11.426435	29.780711	3.528665	58.720978	23.403603	134.436958	17.761440	133.857832	35.295671	16.075811	15.325287	15.569382	31.157824	19.482985	138.851024	16.266011	36.811313	18.945929	49.957521	120.946595	50.597584	22.632939	1.869864	40.582274	38.805440	135.436328	12.286226	114.120655	20.475236	74.406654	89.661210	18.076308	78.881786	65.108885	9.617872	10.667956	29.876767	1.934301	5.027876	37.584623	36.706125	247.530135	18.031458	16.462203	 
89.873439	26.548612	37.315836	20.832464	26.683310	39.651714	73.344828	24.029798	137.169267	36.159022	32.185670	134.751445	115.590596	4.457467	22.749214	98.334521	40.558411	15.580052	25.877837	36.101274	3.934052	86.278813	56.330044	4.203792	18.657328	9.997845	20.107007	54.881244	12.229907	15.441355	31.726637	53.592926	31.107004	17.574569	9.929807	110.355160	17.186991	95.617485	10.615097	47.575392	4.817390	12.064416	12.021787	69.178851	179.316680	98.357306	22.753114	47.770586	95.024807	88.531822	14.616088	34.423776	17.708366	20.466165	3.412314	17.688652	92.571674	11.155715	45.294551	2.993756	23.844243	32.146712	2.055709	24.643174	83.802567	 
93.158786	21.237546	10.267398	48.507701	14.657768	55.172714	37.837328	141.621970	52.612525	30.457198	55.724881	26.072791	15.099853	9.551904	44.985832	29.959516	61.855394	2.421092	88.717822	43.328789	5.314627	67.334908	12.278194	24.883261	18.656422	115.385962	112.472138	12.882621	27.279320	60.229323	28.785552	127.789233	4.058629	36.375018	42.016223	3.982241	34.980303	0.606939	74.872111	19.314756	9.321810	49.117403	30.243470	5.351191	30.229487	30.892531	28.536067	40.145161	40.137967	58.033995	1.869229	57.398474	33.486889	116.739125	15.004111	8.009352	2.963805	70.658435	24.390172	27.974207	198.345864	121.940490	25.911552	4.833133	26.464065	 
38.402783	10.308370	136.611945	63.116033	61.235293	0.548016	14.634343	90.993652	24.870372	159.027561	54.611418	85.458942	0.843192	22.915041	139.092155	25.941873	85.517486	93.327222	45.553846	20.411655	66.226577	30.459126	92.069660	100.820920	93.231880	33.155192	3.523987	39.745019	61.654358	26.537014	3.051211	12.124245	79.325989	191.231541	1.357305	18.642111	1.936225	164.390261	2.455657	24.918308	47.558589	26.409181	26.421871	10.659971	24.414380	46.359482	118.154108	7.194370	108.701601	19.084581	79.928109	12.044902	5.998277	188.855894	3.229585	49.196292	4.053542	12.386196	50.868223	62.390550	6.002032	11.632795	47.163786	35.320800	7.537387	 
4.745785	17.682510	16.698473	34.507351	38.869367	11.292108	17.943534	69.260254	10.956974	54.201299	68.002205	70.832895	5.771890	74.823378	2.519307	51.524128	10.706978	16.319359	44.651614	44.443992	22.281678	12.689646	71.779801	46.728440	12.906692	27.214866	7.116329	66.098029	114.809967	255.803345	100.071045	28.126799	15.701252	15.491071	10.429722	6.662148	39.548446	0.911270	6.653070	31.817969	62.540986	24.626972	37.369368	105.144226	31.691519	9.630746	8.191677	104.346188	8.909154	3.005643	60.540412	3.922758	80.413268	19.593146	28.899786	31.196375	0.751436	117.445473	18.914713	35.366087	5.761802	31.975187	33.249924	38.880587	57.648033	 
143.628569	41.636850	131.773864	1.994095	47.229058	86.939517	17.273722	1.414006	2.538127	29.833181	35.324738	21.413018	32.048649	59.094352	232.723874	3.901319	20.495986	50.850723	115.741748	32.569084	43.661254	46.490414	33.793099	29.488071	6.138150	0.305099	122.991976	2.977290	110.047622	5.021478	2.606252	10.807959	108.214668	19.628110	8.301515	23.533306	64.194086	5.254913	22.071948	71.519680	77.310764	12.383312	33.134796	7.334423	23.721276	2.485324	23.944004	68.134394	42.831083	7.170947	19.530117	143.011735	15.801227	31.311458	6.033271	22.392936	3.619437	113.432234	99.452557	75.031888	9.668225	34.755921	0.927325	18.583843	37.207741	 
91.626224	43.374505	50.529551	98.298634	109.152250	20.005831	4.116530	1.544561	7.580658	3.334551	42.576260	8.047671	106.407880	24.290657	20.202253	69.423133	35.682006	10.740369	7.339917	7.729732	29.472767	36.033994	46.908514	28.226276	57.133943	21.731905	59.209307	44.491118	13.680441	11.210423	62.646552	21.416411	50.799231	52.433031	36.849050	10.161990	5.895123	22.114802	16.781355	19.212529	2.399703	5.331825	1.054791	23.399858	22.606816	7.679148	41.918586	60.102190	67.839573	1.020456	8.667758	19.873393	15.825874	32.065871	185.137192	140.740358	73.534985	45.438582	27.189501	25.067267	27.100725	2.430451	3.205450	7.705607	68.434070	 
27.005173	19.206555	191.198547	47.677392	68.195746	37.244470	27.280425	23.701106	69.365776	13.258917	64.705731	18.388087	1.171701	17.257369	2.749019	22.385780	33.032458	4.814982	10.799447	59.116396	62.091413	3.838533	77.427752	15.157250	43.830089	28.437910	21.201931	37.641415	30.396417	34.871857	23.774839	6.446706	36.470471	80.263884	104.389769	16.706013	25.551493	12.894117	31.818115	10.070576	2.771627	28.944964	41.338461	15.599515	34.635133	19.117527	36.683506	13.759628	4.554157	77.535420	50.412063	11.040513	21.465221	53.395850	62.544836	124.178328	11.809479	169.159580	107.843016	38.523823	76.096860	69.080826	6.317876	14.399577	8.819419	 
44.520933	23.099819	43.261013	10.958215	49.334977	85.043252	22.871114	263.682326	64.252366	3.927084	7.461131	49.974935	3.828796	16.659968	13.501808	16.244598	22.261595	18.229344	18.484532	21.562884	22.819184	5.977377	2.501948	9.969007	28.121209	13.919560	8.739794	58.886963	27.465833	62.314139	112.260476	8.961298	64.821808	99.993570	34.484841	5.336621	30.478896	22.211739	17.128682	2.868354	33.236874	44.228343	42.865373	5.907230	60.907987	71.169580	57.114806	10.693730	4.445152	16.686308	27.553516	17.500444	30.367085	40.924256	79.543513	52.089399	19.835850	48.828324	34.442427	98.564062	52.052163	2.733515	138.714592	5.335432	4.321472	 
44.444882	18.255009	70.931430	1.005669	51.425688	12.391387	19.431349	21.314397	65.047130	17.547499	5.040189	22.524130	51.394540	3.435155	4.020376	3.185569	29.856976	7.926902	55.853881	12.815407	55.554532	7.174655	13.300366	19.138940	66.896396	5.173619	46.287202	77.970958	15.628749	27.408283	4.218551	1.788016	22.241492	3.627742	23.717453	37.828945	76.817524	8.271105	32.408072	12.620868	45.904361	5.162036	74.818638	129.050086	6.660177	15.585078	53.099755	220.994004	33.570153	94.228321	7.851564	29.748967	63.653482	4.532714	4.854233	22.849604	39.751846	9.970534	90.259314	34.541072	6.296295	46.828784	64.947192	27.424697	1.630258	 
1.244096	16.161995	54.467771	24.135504	20.254656	9.767718	47.735301	144.531194	34.426688	49.542251	19.774187	2.699193	8.063141	6.407756	53.188122	24.116635	24.350602	127.986368	25.959347	92.739032	17.349242	130.676475	229.636125	29.332537	36.508899	79.625276	28.203290	44.108592	17.077221	3.119370	14.212251	66.854998	155.441568	28.957018	28.654372	15.540974	2.313729	20.449953	3.456660	46.308716	18.033682	30.833060	29.952454	3.207441	66.176946	23.846270	1.879396	3.991144	5.939420	31.167685	48.298844	12.745654	15.489638	42.026199	40.307470	35.327698	52.273959	15.919697	37.301836	44.930516	24.878821	72.393605	21.499545	1.373292	53.561254	 
52.671614	81.280672	60.979245	101.314156	190.265904	59.702635	153.141270	14.075749	70.710800	118.332002	0.290371	71.499833	20.293289	13.515593	0.566361	43.378642	24.394611	21.068205	28.007137	11.478259	13.087784	4.135603	78.026697	13.098452	39.649232	7.199433	8.771931	66.298927	73.355390	19.338579	62.761548	4.490415	6.589899	69.919216	58.238393	27.421027	65.584983	3.870344	16.469856	101.010435	13.802680	52.564292	51.376220	60.677995	59.517839	81.457882	0.514973	89.277239	128.237526	1.384734	26.656678	26.011040	10.641253	80.445108	37.291829	75.364105	38.796158	1.176861	47.674990	28.232409	53.284609	39.041762	20.852533	8.525343	44.955529	 
3.063781	32.877766	9.163689	6.027711	1.935225	16.390540	20.671091	185.491939	34.611301	124.185428	41.818855	4.938669	99.542080	12.269029	8.700712	75.297497	9.016894	74.958881	163.527258	53.428325	112.284989	9.010155	38.566334	28.660890	57.755961	8.178048	41.257206	25.678475	89.641251	19.537194	14.650133	14.645617	26.810970	24.319555	11.107254	6.741468	64.038026	70.016873	4.115857	46.884402	26.860251	30.742765	81.602083	30.855906	55.166928	61.396373	19.041237	24.428950	84.295643	27.716248	24.471911	1.252194	107.473117	50.165625	1.262512	9.691558	40.002480	12.476031	10.296730	16.821062	18.532429	7.075009	4.525630	9.464126	61.263580	 
31.321267	45.818513	43.068075	91.680773	12.714059	18.990950	35.774056	57.151249	7.734023	108.689974	7.648649	56.817001	50.693681	29.104850	56.824831	19.276717	25.012085	44.331882	14.562397	14.017712	36.597569	121.413092	66.847444	15.489933	16.045165	28.433940	1.123404	10.312587	65.294208	10.872005	134.545468	39.767648	10.666824	7.809738	38.529550	11.766394	35.684378	6.572478	7.600088	118.915408	91.509425	4.467838	28.867023	93.849798	39.684086	8.008172	15.175685	7.789225	12.901727	28.196678	24.721629	53.842437	98.545101	110.318936	3.018585	10.493145	32.203684	2.980818	4.831032	67.492431	30.186958	19.654290	85.951988	12.172927	71.540832	 
27.652836	17.913931	40.212086	78.636274	29.677340	42.935410	118.533555	16.318874	108.405089	24.690862	10.610967	4.159252	115.136438	1.632042	34.382435	115.258775	0.883926	3.356736	76.851664	49.036905	42.953797	159.223568	8.887716	30.064715	41.042428	15.480843	19.751590	54.212175	9.247509	95.248125	66.133921	14.814867	44.474963	125.637608	4.503541	97.819203	27.846353	96.641967	39.004784	10.718677	131.005581	21.360590	67.704554	30.594515	36.095022	20.093969	1.461729	2.174270	112.502097	4.301336	0.695757	16.393012	20.349060	44.447900	54.063277	0.833515	8.011154	4.187478	1.809812	24.215005	36.409875	2.220638	21.718132	19.208304	21.737851	 
37.896878	2.745807	3.379654	12.933854	111.126360	83.743648	22.947035	120.607714	39.902343	1.010298	133.527804	7.719195	20.988802	54.248438	6.344841	93.933782	49.935233	0.210439	44.866506	24.608673	117.634985	15.215461	69.363321	27.204148	18.491829	3.061060	59.606312	0.714342	78.660819	1.024847	7.480435	3.763012	15.059242	5.192579	13.947323	77.203671	4.471813	22.560982	25.421347	33.004737	73.955594	24.098387	10.069772	11.216137	15.174059	17.879306	13.554080	79.493573	46.245911	38.851503	30.076248	84.701305	150.447871	2.174431	68.704013	4.385643	43.229874	76.242199	29.741651	114.443618	28.229541	54.394284	15.766051	0.172058	61.677354	 
45.419297	45.760045	30.307916	27.507274	51.386560	55.249995	69.655062	0.970974	12.500019	9.265652	1.721245	23.627759	39.221636	87.005987	28.884086	37.321300	88.291882	72.094613	16.418821	22.338158	23.282252	16.633274	1.517926	124.383875	45.578413	91.133583	30.762945	10.930534	61.602295	19.731534	12.928827	25.043553	17.172150	15.936637	66.900992	24.386778	20.939680	111.287530	5.294023	113.420511	28.470167	53.162336	3.025352	53.609447	79.341187	54.485966	29.834582	44.862094	105.814612	56.170314	7.954376	29.015457	62.540685	80.416708	35.165256	2.576551	68.108139	2.717201	37.806365	19.090056	115.218410	146.421915	32.014199	221.429830	13.727125	 
137.754693	57.474024	32.248610	95.417965	31.961179	35.094289	39.921636	8.326556	6.531209	0.733602	43.302134	2.758264	13.959197	44.001957	1.284307	49.766088	22.143669	48.438961	0.748876	6.594091	11.725314	120.679772	35.180740	129.086001	4.944928	59.856054	92.997325	127.703823	17.408969	22.789229	52.415828	6.016987	80.920675	32.042874	10.307272	138.097076	24.435122	26.661972	159.291477	96.960785	30.435862	131.676079	20.528508	51.163248	22.170286	25.260023	18.503987	30.793418	131.231458	7.860031	65.413850	47.398098	41.302953	7.376619	39.668379	13.044178	8.360018	20.440035	28.082975	19.589773	46.668615	34.378594	7.151655	33.842600	40.039542	 
41.305402	59.059490	14.448868	10.401417	45.510357	9.109673	1.732085	13.632835	64.737673	77.102749	70.730166	50.737568	15.296556	35.193693	14.332382	82.257609	50.152979	44.207088	6.222621	30.180314	6.976721	18.533359	4.051519	58.384389	22.001834	12.349130	13.293471	1.542351	12.832518	20.016279	50.663575	86.712572	22.476649	33.089911	12.081333	19.531294	59.830900	41.211674	12.975082	16.457880	48.647392	7.126274	90.087915	46.101191	13.101615	27.300926	69.906753	7.619632	142.404275	70.601476	18.494588	87.866621	38.577733	15.039255	8.533286	13.922746	65.829769	50.075862	16.896045	53.807367	71.313859	17.594525	2.190868	3.150877	0.276915	 
83.687219	1.886726	17.150409	14.445885	59.498342	24.686661	109.627824	23.100466	115.420264	2.349030	1.651015	8.424945	21.939505	16.980113	96.776776	59.377665	6.211611	36.393448	110.238252	57.078428	47.410605	8.987767	5.726157	27.878848	46.366819	91.943136	39.138345	0.166031	16.016471	11.391617	4.113030	50.817540	52.881497	57.146472	18.695961	29.608774	12.187460	13.517671	38.257427	1.858750	12.157138	6.781902	21.063957	20.779909	161.762947	75.604630	110.110881	74.998199	7.841809	112.276701	12.020129	53.346402	80.240003	127.118224	44.490982	118.582790	123.634788	13.876046	38.087503	11.479436	27.631134	17.400598	22.646095	39.601516	47.373061	 
9.685407	111.592342	59.605384	34.766388	4.041851	153.614641	113.742614	2.169995	4.592830	62.953760	11.511544	60.719744	32.176037	5.868189	75.767701	44.522925	145.576764	32.474719	31.044087	63.064783	85.615619	11.843141	3.481666	43.205673	14.467601	15.278433	119.574715	3.497910	26.351331	30.534036	41.814002	11.722958	37.470180	19.777458	67.393806	26.523422	15.461090	33.155921	26.930037	78.575027	3.328935	38.227012	115.336857	16.637138	21.063585	5.025861	10.147470	10.311815	19.726409	140.421398	86.912423	5.822030	27.452538	28.786362	103.601894	7.596061	40.776472	23.915839	76.879368	45.035275	26.720814	13.379399	47.524639	16.568379	22.141636	 
62.420164	49.402903	10.668240	34.135522	88.077214	24.643394	4.612618	57.203758	26.308237	20.301847	22.088027	9.436692	25.252231	57.198385	13.795722	49.972308	117.217940	13.658133	5.538047	14.386112	123.841590	35.048933	40.119894	0.914743	88.505606	54.041505	7.494351	13.451278	28.491974	5.613255	94.738631	13.934770	2.159588	71.199186	101.013281	1.541585	87.495518	42.970146	85.541415	51.789131	9.245586	8.617581	27.173036	5.011101	26.382288	164.298469	60.864986	6.483116	13.062480	107.419478	9.979168	17.876458	4.869894	28.657178	23.645116	34.311922	22.639579	44.130870	138.797194	55.693029	58.559509	50.383314	3.838338	44.610883	12.392880	 
18.524169	39.481503	23.450252	20.021087	0.881455	113.635389	1.841102	29.828736	16.582783	17.827689	0.722372	16.223701	110.646095	4.039418	42.198134	47.582439	12.751795	20.247730	40.516737	72.546300	5.946526	26.360443	23.943370	10.884057	6.629362	24.740646	39.793158	29.771357	62.981041	30.402393	29.541989	107.183064	12.386784	19.468390	13.124825	81.642323	34.622760	25.617883	26.603239	51.765942	27.641795	31.987407	152.363836	46.972958	36.248676	34.746462	2.789340	67.846025	83.817388	7.696684	10.754442	121.825318	3.079097	97.958995	17.354354	31.199744	20.596195	20.648055	73.091960	63.240680	5.575157	45.727840	98.833063	53.567885	26.005980	 
15.003795	154.978437	33.902384	145.924208	246.258251	2.767990	0.571562	13.178847	40.824629	8.779838	22.692108	52.049890	41.757465	30.247838	104.031151	13.342393	16.026652	225.198623	46.972005	72.142335	19.687059	73.692894	24.151465	40.890230	25.219619	10.851134	20.762641	19.429765	4.816886	182.138934	8.794584	6.908357	25.148673	11.948218	32.693924	12.989020	19.633557	17.920268	5.561616	22.962314	36.166690	158.178702	224.181355	78.973577	50.766097	247.061431	36.619456	7.941474	45.989705	49.429393	17.468694	30.652067	7.824086	11.749064	47.444833	12.600933	16.388238	80.854791	124.023776	43.788513	2.039929	11.948028	9.613237	69.297225	11.271376	 
8.485771	74.559373	131.315114	83.756487	34.864304	12.100119	22.408026	35.319796	11.588602	33.134021	16.055449	61.768445	14.077453	16.781357	16.681808	35.167359	235.142655	9.738034	17.807615	74.513159	29.689061	14.647446	27.293682	24.773652	68.591332	68.477469	7.093039	46.364307	40.239105	6.882577	7.963072	17.392997	9.535101	24.960287	94.902201	2.835125	50.994280	43.688965	18.355746	30.886369	45.547196	2.333304	78.741266	33.484766	100.533232	37.290221	6.009891	18.927235	56.875419	33.311476	18.828850	8.661590	37.038929	17.136936	21.780175	85.487541	5.895184	18.039653	67.308724	22.261863	28.452416	1.025536	48.236822	40.313024	8.442264	 
23.758676	52.373385	94.843857	91.583610	20.328835	44.965585	124.358456	59.611068	6.170607	7.925881	13.648464	17.522860	24.327988	19.640791	27.115918	23.255260	7.351773	57.931950	44.587079	66.029829	12.580729	50.485352	98.670340	70.357511	41.741118	29.601263	69.548055	3.614665	8.025358	20.988644	92.402214	112.158091	57.083058	183.263993	30.291000	42.160463	177.533016	5.050423	77.018744	1.413493	30.541352	10.051305	1.957025	63.262735	27.008743	4.802862	1.591421	5.127126	27.138807	69.067779	17.486530	47.674321	16.806343	58.798779	31.769512	50.146267	32.300775	11.440059	118.073948	17.193382	17.522643	72.711828	27.968130	69.648937	57.916194	 
50.368422	56.981782	23.082538	59.040582	0.991774	75.038178	30.266434	22.913322	2.305108	6.163100	1.416592	61.143468	79.678504	22.736647	14.387853	49.617159	89.803276	54.582183	21.320541	30.676471	57.708611	125.692853	66.598564	92.967433	1.196494	6.611940	31.451062	11.240901	11.285183	13.133335	3.647603	14.345292	28.589337	54.323809	41.757537	2.199437	35.150353	10.930175	44.951120	50.918054	18.637402	25.109871	18.403039	24.284113	6.295324	7.511682	24.393166	4.574334	147.492378	35.499380	73.568832	3.353332	63.359712	15.768313	55.064040	10.010453	21.211817	12.496279	139.791728	13.549939	7.869322	9.469555	12.754656	71.140876	78.357756	 
78.521513	23.497196	39.397287	39.496920	142.051624	3.210031	92.487944	51.430403	21.490299	118.617118	20.883315	8.800263	42.739266	48.530074	28.285122	12.777138	6.099859	72.958215	216.814628	12.903978	34.909361	10.580950	39.981801	8.962162	25.264148	24.173989	26.127591	21.790047	25.905463	6.400504	121.782644	43.509179	11.157189	28.680703	37.298131	11.418748	3.883845	7.518772	4.353198	1.870665	86.683651	76.654686	84.735261	40.927927	2.818404	10.834958	15.952727	104.451836	16.796634	14.404431	34.384592	11.294928	63.864551	25.145733	55.581098	13.127671	48.409115	55.154128	97.878686	43.656297	34.829790	48.718542	37.363027	35.286606	10.976049	 
21.725659	88.902967	61.194139	19.012171	157.519256	142.555439	1.730298	30.518321	7.819119	35.255917	50.900611	18.306755	1.779231	17.083319	14.850449	78.850597	21.644848	107.172407	30.285830	14.124194	7.879638	2.846107	1.916960	1.387418	121.278481	51.914827	19.460349	12.458036	20.239216	8.998720	2.469959	85.425189	51.306655	9.034613	2.336833	2.080500	6.991978	43.949693	1.980475	13.629426	18.298715	29.984128	25.739662	7.416858	7.398094	155.871217	33.863520	44.843695	11.924320	2.590688	30.633864	64.285813	7.532984	4.037164	15.335251	38.589771	70.843438	18.369895	70.310593	55.267625	6.334061	2.334477	15.680633	24.763120	25.274012	 
13.581198	60.971788	23.313346	185.475422	108.130773	74.754419	66.072741	4.306008	1.349155	18.010924	26.203343	14.618254	9.893627	39.569698	9.803610	8.939514	114.187322	39.853516	71.992742	34.995922	27.759655	72.044440	2.061229	15.769207	31.043929	61.259270	29.682649	51.405576	23.258794	6.282469	53.284986	4.287776	34.009069	11.481859	21.548665	31.955241	31.855760	39.829405	56.326543	32.585053	62.781845	15.473689	14.652435	6.439972	30.192475	31.569326	33.319288	187.470915	21.967236	4.243537	60.462642	7.122801	63.845829	3.897805	29.741478	43.847930	23.430051	70.403794	142.277602	43.255318	7.115392	0.518035	84.891284	35.112975	41.545020	 
20.521585	12.335387	11.501901	49.338179	58.422490	73.395577	37.235865	69.201566	7.181871	16.834683	108.255960	3.715582	116.886923	103.950833	6.373120	13.794613	7.951884	6.422831	71.524003	22.116347	178.296862	5.061313	115.872355	16.506266	3.215230	34.330824	29.948836	2.259186	68.487971	95.383229	31.953229	31.222087	9.342789	53.614432	70.971663	60.443063	49.848185	132.556595	23.098622	46.848466	102.931492	9.499008	0.289822	30.031226	78.126823	82.821011	4.672309	14.159656	79.497565	10.792546	9.366616	7.670161	62.090966	26.175088	45.851125	35.679381	4.100490	19.176935	17.247880	72.972908	140.059487	61.200112	58.582495	99.571955	2.661834	 
29.695836	40.546467	5.393985	4.270179	10.233799	11.470914	29.132547	10.054468	23.674443	24.231725	12.656396	21.001196	44.256892	55.350513	1.048902	4.739546	14.623212	32.457697	47.326676	32.597626	15.508423	30.595376	70.687956	16.215300	4.604190	24.340318	104.530532	18.834588	25.365437	18.576482	26.577307	19.065462	71.374937	9.113135	82.345838	23.186484	32.876310	42.659981	21.256095	4.379183	17.656739	10.655313	17.774287	35.934085	24.609488	19.403794	108.651213	35.101116	1.976696	42.969698	20.270149	2.540364	24.039950	44.378712	9.425821	20.102193	10.750484	121.176733	34.384899	54.650545	4.931444	129.227566	45.064188	4.127857	2.388179	 
28.862194	27.014736	9.014424	55.052051	74.186294	19.448537	21.964336	2.020182	6.931965	2.877184	39.797835	4.592067	28.759393	26.814053	25.527540	93.038294	20.266704	7.105843	65.517672	41.740963	33.458041	207.222303	92.357572	15.187591	22.331826	45.943354	5.707405	275.550099	38.094752	7.804592	5.088109	13.523868	20.505828	22.884615	10.236426	4.493201	28.508052	75.803452	89.211118	45.814445	11.050882	0.727576	8.386623	10.900110	25.047603	13.902033	19.744611	43.393396	2.765175	136.129089	87.896052	82.307525	22.355023	107.600960	142.086918	4.428873	39.798707	71.391463	10.973698	15.307970	18.767404	38.103904	35.081544	94.617579	14.096235	 
13.466872	79.676961	106.067917	43.156881	32.077224	74.787206	33.878833	6.207502	15.340537	19.385755	35.598204	43.565178	13.278478	35.113140	15.425110	30.369274	5.765475	136.885838	13.117055	36.697558	6.700194	22.293666	60.574992	13.116426	26.023996	170.586611	28.734703	20.059197	89.737409	6.606448	68.382520	16.888893	28.737941	56.370152	16.344446	2.838889	91.732806	128.974313	30.579498	41.861400	150.045359	34.920535	56.596132	12.701419	80.468260	36.473973	53.731947	47.385969	24.991698	18.779190	76.035259	108.855935	1.858704	20.001249	59.412240	48.543401	33.061345	23.473503	31.351994	58.520813	75.591038	22.233562	45.389234	56.294281	115.706144	 
48.935316	23.312861	104.384551	15.304983	6.832929	25.158288	76.321131	61.294249	28.392083	4.468240	133.683837	16.056304	2.205016	96.979898	25.620546	50.495339	74.450003	9.151229	84.486466	8.053978	12.895642	27.401046	26.931980	11.508301	29.681973	150.798588	75.052421	4.944393	55.213865	33.504356	25.825232	7.105902	118.645993	22.154136	19.304001	31.502027	8.131205	59.111529	66.188578	59.183053	146.076949	31.657463	32.412488	36.675828	3.051058	104.411491	12.543392	33.447485	19.643041	84.600466	52.029681	85.928559	1.098779	99.760359	121.080850	11.674903	201.224882	1.858513	50.638132	0.587235	93.517517	2.952533	70.700561	17.428900	12.157869	 
51.672697	49.337681	101.462304	36.087573	7.264900	109.073102	82.056835	139.119523	17.146899	11.086906	0.728011	40.059895	3.014806	26.591336	99.935783	10.128289	57.629100	28.586332	62.285199	23.039744	13.313861	6.317746	87.908100	63.161576	69.186425	30.384741	3.599604	22.660325	2.807451	3.732337	26.371862	134.081112	50.080701	31.421464	33.141822	36.621962	21.952350	5.644175	130.481762	40.020719	31.695249	6.499214	52.078147	49.095676	96.814594	115.380018	67.536706	8.148770	10.304426	44.959269	50.248660	93.520443	31.483014	19.126469	7.061908	29.104699	27.312693	15.573506	1.241099	20.871927	11.688835	39.858428	11.186532	126.732614	7.139173	 
82.217166	45.001662	77.873622	1.179925	22.329249	137.751303	57.216555	14.887577	39.228227	41.126640	33.237215	82.732468	130.483295	59.128951	71.686417	85.451668	14.915119	196.037931	12.692243	183.860412	48.550349	10.957370	10.354558	11.296064	32.835426	61.069954	32.597409	18.038724	12.182356	15.093569	9.217462	72.869505	36.478121	49.451420	68.979599	12.932594	4.567910	71.918668	35.231255	60.832637	19.700766	9.685408	77.826467	72.158443	66.412336	57.183675	122.804419	34.896396	45.266328	65.704068	29.109399	11.551067	15.530040	26.018956	34.208152	181.016460	16.552473	0.987160	47.777011	11.161849	25.160208	29.048155	20.212898	7.682353	10.332020	 
59.249958	87.725486	9.410356	48.637753	26.033554	2.993369	33.794076	25.042155	21.427970	13.386380	64.620580	88.683995	22.970908	6.703279	44.823337	52.197615	16.861293	25.699786	76.470687	77.308979	122.396188	9.457163	26.065923	41.217455	95.008507	5.992424	80.146748	116.978768	11.958016	81.769997	35.532793	59.971207	4.182793	29.707277	47.719246	136.978645	61.426489	107.221313	45.706206	14.761670	42.653905	42.299202	116.816413	12.695301	20.363687	37.346720	23.087968	89.260240	1.889199	86.955010	19.156963	36.692832	2.031857	56.243568	64.977567	28.400109	19.742066	16.140223	33.937253	21.441545	115.146066	17.480666	76.817477	3.404672	64.157340	 
11.178055	30.722436	23.239960	7.779072	57.368120	1.478107	62.378887	5.578016	36.526890	11.533726	44.659827	64.669994	27.643256	3.625386	22.238520	29.592951	12.973926	30.225966	28.585656	55.949477	54.893416	55.057249	7.395219	1.093840	2.805293	29.613092	33.293543	42.095821	6.524854	30.336108	162.772305	81.453413	85.911592	15.625656	22.941729	58.400508	33.132747	18.912795	17.177119	73.097846	11.631836	5.440894	1.834560	47.872449	18.457647	7.119515	41.634615	22.727891	27.785410	114.871012	40.021729	94.550557	13.681249	17.232294	29.862580	4.372812	30.687765	68.299859	117.628992	47.788723	18.470632	67.808893	94.214037	2.344346	11.473724	 
74.326896	41.860683	27.823234	21.164339	11.228044	1.641162	64.411683	19.866335	14.594060	45.883993	19.106769	78.804433	11.192208	34.485004	54.869166	13.417549	39.558172	18.395331	18.844348	5.059649	46.564127	21.467881	10.937371	52.071057	113.714881	24.042493	22.830212	188.645090	2.353727	27.271530	139.384256	66.180195	72.929155	49.831800	18.086855	75.754791	4.443996	1.376057	82.799158	31.704425	21.735443	14.102830	25.772330	6.938972	23.564700	88.583539	7.041143	28.212365	7.420578	3.868305	34.553264	16.518183	25.593158	53.502878	35.488507	16.555028	28.332020	51.674869	30.656729	9.593283	24.293885	41.200283	53.761290	97.409567	23.523000	 
93.601676	25.820809	75.806528	57.185212	58.635111	56.940020	29.534402	0.862602	137.691542	30.901725	15.898241	47.444103	72.942058	23.359037	89.310607	27.217363	8.521569	6.890862	10.239103	9.229400	101.193417	3.621687	160.058700	8.343772	0.278482	42.388388	66.415253	36.626904	71.128810	127.966822	68.767456	141.674067	62.768895	57.892088	37.009499	117.124844	8.296915	44.052184	1.216137	82.696303	58.431153	35.774027	2.145196	7.690004	29.352848	165.949243	5.557498	50.364092	28.405106	41.639380	119.258148	60.799858	13.312034	18.727089	0.659474	13.012362	21.491358	129.427285	21.822459	8.564535	26.660889	48.523385	36.393191	3.653913	46.033885	 
12.785249	10.685750	6.537664	5.848732	28.732731	13.691381	17.313808	30.554963	23.931934	35.793514	18.930300	147.951320	11.178906	18.731940	2.018505	3.924385	13.592307	3.066169	6.854686	9.683654	21.981812	4.124128	1.395358	0.678002	22.814475	29.307585	64.779032	69.724019	2.607303	53.597050	46.729724	31.621118	5.300619	61.425182	75.889846	109.359225	40.146657	48.520132	58.231772	17.642709	13.187701	49.902751	134.527823	0.542108	32.212386	23.115119	14.427488	153.426975	3.590782	36.107751	22.599240	41.294559	16.676868	2.742236	20.312858	22.809548	49.510033	154.330711	97.782856	24.510118	13.114494	101.589039	50.765737	7.053101	130.056981	 
53.634947	22.912808	37.447117	52.999497	1.209532	2.047535	207.261409	12.641068	31.263774	12.734640	63.751048	47.937993	31.622520	81.658101	43.088355	32.664677	56.777603	116.829078	14.921495	31.634852	35.240618	1.267068	25.831317	96.956405	18.154652	91.467327	48.454421	19.133388	47.468750	5.722277	10.048085	32.993830	1.831469	67.764908	19.245311	28.687274	25.208028	63.038864	38.476608	49.662852	19.058878	13.785059	15.510034	51.641718	12.015490	12.104408	26.249003	44.353717	16.620376	77.804559	2.189652	77.057497	55.534021	19.053527	1.655281	6.947903	1.277116	4.016664	53.723181	1.763099	10.492661	50.285528	36.971909	83.173547	40.540329	 
8.293298	8.108693	15.673228	35.539916	36.893257	17.506282	8.296665	34.965471	43.017734	8.682273	46.782654	68.082309	25.121536	4.334836	40.785453	7.250872	16.529178	5.523309	19.838192	5.757934	17.097965	43.823750	9.256270	119.340713	47.891552	36.855637	53.796901	71.357601	152.410832	4.070251	16.493195	8.477445	89.842799	92.199986	1.684222	85.038160	16.784418	62.325884	46.997277	17.427833	2.978006	15.113593	276.738841	15.595436	100.491611	24.312874	14.898592	32.667300	1.320806	86.323430	6.774982	20.050188	2.685891	5.646997	4.470574	67.449700	61.518520	32.199251	140.537062	70.993569	27.164755	45.651883	36.633653	5.685231	31.622051	 
104.945877	18.412762	28.505265	9.619576	49.632492	62.296027	8.269016	24.218732	12.918094	34.981858	22.795837	49.582038	4.039892	51.701801	87.360903	10.614072	38.766372	23.965221	88.344220	55.957063	2.885998	123.389723	75.132861	15.499271	3.489461	11.526859	36.939313	16.359537	94.660263	27.760656	22.769452	85.136841	86.232688	125.654458	21.142452	43.196505	52.883261	4.919147	18.768126	19.854081	104.058144	22.313516	7.435509	27.554336	53.890550	129.399094	7.751916	87.027269	47.232920	116.512807	110.243441	2.790169	11.792607	12.986550	27.569338	72.710491	107.111842	53.911434	22.456419	74.226169	53.962171	21.179900	82.644855	33.839671	11.414177	 
33.925046	64.711612	20.097130	50.323387	95.459333	54.157549	36.281339	2.592367	58.734705	72.000436	64.363468	146.741541	45.211232	10.218754	53.805625	55.494321	28.312564	25.838358	15.726453	8.576728	12.765709	144.676523	24.525497	46.999601	35.594673	84.209620	7.451600	29.482049	4.315617	3.272480	32.403046	9.478012	14.843836	53.303705	33.495026	26.341169	18.325662	38.543939	29.924065	17.650701	18.759060	12.505591	70.346944	7.168179	36.952739	5.124702	86.444927	0.388946	30.858669	34.353093	27.513140	35.192867	73.927595	3.380021	23.031895	4.892592	115.694285	28.326897	17.601328	17.117286	4.143658	56.928884	1.049292	23.688056	8.940695	 
13.465938	17.091356	17.056636	64.414452	43.178288	59.638571	4.172339	60.722966	50.520734	18.834952	16.858321	5.225021	11.892476	89.390008	23.143945	21.588036	6.365092	24.744609	27.792402	96.108774	7.003993	49.266679	66.748021	56.593231	9.516828	1.506795	155.047034	9.831572	30.802510	25.182927	13.953713	101.829775	26.849167	32.271890	18.463534	58.265992	82.698822	109.476027	24.240026	31.982259	8.026551	91.333140	48.788049	11.288889	65.512222	46.033644	1.846482	69.714127	0.084217	30.911535	62.044060	125.818604	8.078613	23.820401	48.177235	1.006677	81.514223	3.088528	42.308311	32.647361	8.752136	2.895814	60.384344	19.175664	6.525177	 
32.013002	25.304215	35.277034	34.379583	12.826922	105.991460	12.781213	0.287005	78.332313	35.387966	39.466775	36.588802	5.275717	14.299751	15.093842	44.814876	133.495473	11.668316	22.373047	10.347040	0.385302	2.936865	17.113454	6.406217	43.071649	20.933601	74.601431	40.486425	77.969346	18.868384	12.473661	74.319377	45.929565	18.944009	46.039780	27.605330	39.794577	12.438673	54.125213	35.128596	65.564155	22.101622	64.837795	24.084690	5.644876	13.071169	9.376576	3.340349	119.501932	27.106006	29.789892	104.572976	7.970438	29.291419	38.548595	41.753143	8.353420	62.129967	97.508680	50.031311	11.564767	50.978993	37.238671	0.408926	0.816913	 
11.347396	72.173645	14.992360	12.242504	6.626035	20.417453	82.949522	53.178411	3.235510	55.300988	10.468884	74.717963	33.986477	141.626351	8.249768	25.333335	66.866975	0.598385	28.651370	32.630143	32.475307	12.003725	43.254460	16.155291	10.212760	1.558393	19.875885	4.075104	28.401544	8.982346	60.314522	0.773515	31.340532	44.712085	41.553100	84.138378	1.453548	115.328499	47.132891	2.506151	50.376939	5.483135	19.499761	63.763909	120.864018	29.571834	32.473998	3.066035	5.229691	32.952366	15.789038	5.400039	35.937502	27.287865	69.928031	55.162413	83.199087	76.237802	20.838430	206.433863	24.407775	79.719353	11.227159	56.944214	14.988736	 
57.963271	24.305361	37.543989	91.108544	3.828650	32.217564	11.226687	25.200533	2.636486	55.350805	12.626187	112.446470	45.911572	4.495595	136.017960	35.710683	3.127355	11.447220	1.938548	51.983077	2.996755	6.233602	84.791870	1.459359	36.636981	92.922893	35.292126	23.576627	16.375364	168.812326	9.351280	75.876372	88.374206	22.367850	4.929496	36.712103	49.483247	27.527131	83.855927	73.424436	45.451792	5.319711	61.334123	14.621613	24.132228	9.741604	26.645155	106.338744	29.921609	20.123088	24.852772	3.600103	20.800523	57.009254	20.363799	19.869418	34.315286	83.678312	91.332413	29.043642	42.635006	3.572119	23.471975	2.246915	27.746111	 
76.174650	32.623652	59.592902	23.269712	45.498564	4.705636	16.749903	6.797029	15.053820	50.084429	11.930073	235.854685	38.456346	5.451772	137.329475	73.653791	45.283175	1.572489	21.065620	18.577130	3.864954	8.384512	16.164367	128.212789	77.776261	79.715426	9.689683	6.567261	26.134571	6.773983	121.536759	10.764871	18.916058	74.923079	49.239640	30.316109	80.286246	1.243881	58.620997	26.560557	1.951172	57.823654	17.872751	8.758357	121.215970	24.268583	67.434870	5.803516	25.905597	43.671708	1.665625	40.982545	5.057545	26.183635	22.651748	84.501012	12.962000	106.519903	3.820232	64.844734	20.907191	24.060528	28.538784	6.509608	6.337730	 
3.996882	7.388075	15.094636	4.086838	52.139596	34.451126	1.156737	76.929346	34.840749	39.852805	24.052807	43.692993	8.156290	30.035517	3.157619	23.033150	112.107112	28.194504	49.832483	28.231484	19.976270	182.717811	50.898039	15.916618	49.076696	77.255521	31.858599	5.310462	3.355381	57.053691	20.004302	8.488208	35.422823	43.575944	4.027487	88.500431	43.859585	48.790357	4.136585	10.706000	3.581073	31.749948	47.991764	54.183766	19.413663	64.372220	23.691485	20.434270	46.142458	89.534765	159.039270	36.388276	63.718251	7.887305	52.890462	107.475719	11.390526	84.598632	35.463363	226.878603	18.792468	35.718971	55.084541	9.402353	24.028212	 
0.496020	40.067322	53.912972	27.021319	3.809448	13.420778	81.419771	159.559698	8.784534	64.656614	38.835384	33.928370	31.001397	16.606858	155.589331	23.508822	10.925540	7.904622	12.040354	28.361907	70.778976	74.458844	12.602554	10.331389	85.150836	107.973558	6.563467	7.676916	8.716998	90.151851	21.373272	29.044742	27.205632	20.573320	3.339713	17.087606	10.112931	18.349748	16.455474	12.857147	7.689288	16.624073	55.686554	31.129948	39.898801	8.623215	132.193421	19.911673	151.402829	15.447352	0.940588	37.862538	3.896014	61.952255	7.561848	16.157409	81.182378	6.496039	58.290144	174.565824	62.698583	6.919012	13.323049	26.156750	24.265262	 
22.768803	22.175501	21.964751	1.945568	25.232177	116.781163	3.680997	34.394662	10.703095	26.078688	2.952664	45.760317	138.912602	44.664011	24.570506	85.962521	23.639227	67.977930	51.925931	23.417469	26.942161	17.395647	18.882102	23.787000	4.344620	4.894931	56.009406	27.565798	101.892474	2.120234	99.749926	62.499743	3.985869	48.095558	16.801720	57.928959	11.192666	57.940191	15.267017	205.386904	73.207176	78.409005	19.395885	122.772656	17.976096	15.454331	4.976630	25.729623	55.739230	49.452121	56.262290	34.209547	155.708117	46.275886	28.311182	3.334329	69.339839	96.624666	98.001341	4.842465	5.626977	49.227402	8.669063	28.388747	3.635042	 
65.050360	21.756306	3.828519	19.492556	20.755572	71.424234	15.254976	57.168001	8.083809	10.670670	26.926991	68.245976	83.125249	39.001990	9.038935	67.038392	104.578055	62.496058	35.169940	68.357530	240.189534	4.302599	4.581940	40.573984	20.320416	23.508210	49.097643	1.493188	20.467920	50.824126	29.457417	38.173402	100.001832	52.495142	62.933678	1.710338	17.959263	38.806104	2.472861	37.878404	44.058386	4.296201	29.974800	20.909315	1.774113	10.226406	54.503761	46.952282	54.347430	21.647971	2.020968	172.837641	22.540531	39.628476	25.105327	42.431210	14.573211	60.116904	8.406731	65.500190	1.242940	12.711980	31.844218	49.536983	6.107404	 
93.931285	71.398132	8.971699	124.445731	38.490049	17.787003	49.097001	64.518804	33.743949	42.471989	124.875412	130.740038	30.682033	35.053750	69.056929	6.849092	81.721311	21.075058	10.952788	46.319588	81.055801	21.286169	8.978739	13.626016	67.719290	49.525438	106.106337	12.858641	1.459103	4.353360	13.159086	44.689435	24.592638	74.579816	35.275750	57.355269	64.457759	2.050925	154.513863	11.809789	20.423928	77.623145	27.459049	3.330971	43.233994	31.022346	23.325533	13.634099	6.456192	157.828568	62.753237	40.475461	38.862313	58.110332	14.934667	11.161414	78.960200	1.377773	15.318871	6.119457	143.570190	55.783919	24.891749	113.646370	18.564557	 
1.253681	10.899073	18.725353	2.270417	2.898040	57.846432	4.478139	3.340013	27.334185	7.615224	3.738463	12.701162	141.344049	90.618330	7.416534	23.507635	3.364117	176.278384	59.733786	49.161218	5.817807	34.673349	85.838627	27.837743	18.012063	1.055120	10.953227	40.737710	29.233385	48.805049	10.130220	20.823644	54.311551	65.853119	9.787913	15.128405	11.697794	35.830437	3.246932	48.171088	29.081747	8.058614	63.549019	1.445949	10.129905	4.841550	21.944198	4.868908	268.437853	30.120047	95.678135	42.319697	30.775569	33.499492	114.200102	32.858290	50.635250	89.184001	18.587001	52.959683	48.632017	7.166497	38.115293	16.039341	4.848161	 
38.882416	26.664020	67.036024	10.075663	99.442707	16.251806	7.838779	90.985099	70.602698	7.946594	8.428368	20.735230	3.075561	50.981475	2.506678	21.836893	137.746315	15.622097	17.315712	26.187401	49.302748	47.571094	15.777822	46.785953	31.463241	30.449566	27.253888	4.067932	7.000133	67.844023	48.080248	189.583680	59.428401	43.985092	93.803167	34.754813	14.888547	93.856797	33.479617	34.489822	35.234198	16.705797	45.750418	45.543685	1.664551	35.265022	38.611053	31.634954	47.161406	15.816029	3.502500	42.992845	50.185409	6.468420	6.490472	60.566560	107.785288	20.737834	37.655427	4.165584	13.217437	11.363090	48.851401	0.338673	70.134829	 
76.813089	16.008250	10.198142	3.010919	13.193283	99.294777	24.877215	14.842836	45.807539	1.157321	126.931137	63.246564	6.796718	12.163335	74.348733	27.309871	30.508271	43.713716	34.049574	12.233248	59.587509	40.313733	114.934260	115.913331	6.331595	44.899870	32.073349	82.486401	61.412414	35.820184	22.920994	139.520519	28.040236	112.553110	26.734560	13.135351	58.988919	260.186017	63.585242	25.663473	1.812455	106.134339	27.061534	4.489130	83.212066	54.932900	4.597396	124.286590	40.191064	65.670944	19.858114	10.592199	92.655489	35.353702	15.317841	144.524223	23.520220	14.254363	2.739954	111.456218	7.511325	22.659074	21.889772	33.164845	7.486476	 
98.997827	32.521218	51.303884	2.917087	9.271239	36.222320	41.283519	35.197310	16.191525	51.936793	43.121475	20.849137	64.606854	53.412808	5.035179	12.324218	19.836171	5.664036	26.574562	40.067494	18.214694	23.648030	153.461648	22.411056	13.622453	13.141531	12.183506	7.695969	40.220927	78.236925	40.627091	73.525917	20.441454	12.131506	117.360985	3.379019	11.936756	113.143780	22.570374	11.313317	72.377036	128.431979	6.246264	27.592003	32.329269	36.987271	15.498421	42.579814	39.181012	46.934699	20.395533	0.340112	66.850797	57.132690	8.000855	64.149682	52.402432	120.434567	110.579584	47.512720	10.245966	5.633112	11.778529	93.855914	50.199008	 
43.627005	16.847006	17.391415	216.415214	0.426641	6.913598	30.601634	46.508011	64.475134	0.347246	98.712426	26.841404	24.682011	31.015537	47.956685	40.193203	21.143577	99.347591	9.802204	20.181870	18.216383	26.151817	128.134720	69.465051	101.239688	8.264707	23.278539	59.060842	37.032617	0.613866	61.448196	22.953201	88.939858	85.018311	3.357856	26.030371	51.181992	16.601096	2.639073	24.913048	208.289670	1.930016	18.319928	162.744948	15.514475	18.070300	46.619730	48.968049	5.542401	15.408367	11.774240	2.927478	40.620665	14.846567	117.272174	32.843318	5.250331	2.675630	92.636555	5.012177	5.156660	23.236905	5.074094	6.628025	0.713174	 
4.818614	57.416985	36.888077	211.510981	71.094112	25.102869	88.849165	49.618420	1.144819	50.471512	60.274962	11.315153	20.793808	63.996888	36.758145	117.914530	11.009311	23.014356	71.294098	25.535647	25.270090	143.606629	25.811337	71.659758	16.205730	7.541528	68.242661	99.014108	6.150611	44.511416	45.583447	14.324982	69.998441	8.769741	16.913564	24.665981	16.255850	16.251087	2.663866	54.366030	98.854136	16.662783	8.883390	34.591313	22.102360	18.761662	13.980282	30.748916	69.496859	27.228159	37.841848	0.494610	21.096815	8.680947	20.195563	10.904888	32.581639	43.961528	69.980788	27.815584	19.415630	36.529603	24.962396	2.089945	49.752903	 
54.575760	63.960897	70.470847	14.056068	29.245054	46.826455	72.597973	154.915245	41.262413	10.292635	44.901751	22.188801	5.826834	37.521784	41.040447	34.364453	53.294861	12.416102	50.185857	55.170526	51.457709	17.504279	105.448119	32.088051	5.586454	91.938578	49.946351	24.913829	6.554427	17.292132	16.889763	27.432692	11.332436	20.635093	14.062506	7.181056	24.496628	10.056336	10.523377	54.009932	65.455661	23.513849	79.677282	23.874491	53.902605	110.886093	54.891467	16.936304	57.778412	181.663755	44.943619	13.893265	88.874875	21.772754	65.164184	74.593076	30.063386	14.138643	22.851060	8.309039	16.473384	15.846140	31.742075	35.066752	4.473491	