64
0.000000	17.863822	41.483875	35.039532	52.514842	2.347732	30.255690	40.794219	51.165914	24.121145	2.677133	15.079260	6.903850	70.242901	4.745870	21.217671	278.211839	29.769891	64.251552	31.491183	26.668886	5.092611	35.692072	5.251705	97.384883	116.620997	28.885010	5.023169	83.778033	84.860653	35.515384	13.227346	145.480800	34.657266	91.274197	22.528311	4.192154	96.589716	15.999780	4.358041	6.798909	35.008029	30.312747	23.907906	22.964755	86.489026	69.035816	20.869347	20.891405	8.482556	10.387949	216.243755	31.802903	165.863249	20.883930	62.570523	5.639107	2.593999	41.792928	16.667363	22.107814	21.293837	55.260391	17.376289	69.119409	 
20.854271	1.652317	107.577501	81.310166	23.035605	1.990028	38.719911	52.450322	2.259481	33.724011	16.365855	40.079960	51.126965	42.338455	42.308968	41.738720	63.785596	50.047423	94.591627	167.035075	6.112333	9.401476	2.684151	39.213294	72.309029	23.542871	107.986115	25.376561	16.713549	55.285483	22.389417	16.758615	195.223600	86.525261	1.754828	41.930130	95.679929	32.041588	9.300205	14.295157	8.311399	30.677123	2.857328	17.849084	11.091128	23.828181	7.796461	35.549730	28.927915	28.934445	186.864293	30.728371	24.208267	22.353958	63.109443	30.932714	14.256897	2.466477	183.684871	24.573152	98.459385	11.446103	8.780664	70.975432	87.960227	 
15.467033	1.090179	8.275091	17.609034	54.912761	96.187406	12.415038	70.660073	76.635100	1.156431	15.621857	61.128292	21.974966	2.173181	8.937304	8.547832	51.487532	25.762496	102.357827	19.703508	154.185122	41.046280	60.986070	15.832009	56.485218	4.874256	61.758074	28.027544	49.928334	46.734905	93.545874	35.162515	7.465060	10.647941	9.526627	19.261762	18.679546	32.178598	2.623421	80.829080	36.772093	16.545744	13.778536	29.020677	56.643150	46.842555	107.011054	15.404631	33.636845	0.664947	36.187492	22.129518	31.497890	28.966025	32.585898	1.109943	16.196996	14.452147	64.280795	73.582798	8.177907	47.550577	14.430005	245.024130	40.042092	 
4.606409	5.464833	4.464674	9.270795	71.028742	35.146749	47.257817	12.227265	9.132831	86.955348	24.868610	137.566598	26.961940	26.070231	16.012505	19.972961	24.318513	17.921971	34.708761	70.595285	17.248673	38.954439	16.040955	23.706449	25.962435	133.926122	87.787330	5.601740	50.804730	18.083379	23.213317	81.422222	20.212917	57.708953	16.339493	5.500608	0.577542	203.857325	28.991413	51.227696	35.893431	33.601469	3.495648	128.040330	5.025170	3.616868	10.675489	9.013966	1.869053	26.893023	34.790917	44.077342	274.644119	2.395955	36.111788	22.814591	20.574069	18.825655	10.476466	76.861162	10.910644	71.216194	54.123564	11.033975	49.840838	 
29.155627	23.752896	12.047235	18.318726	2.626440	17.337541	39.602587	19.632962	12.773469	70.459497	12.973093	23.019255	22.108488	37.550733	101.303869	17.113580	88.851416	30.427672	6.805220	33.159951	3.113722	36.656472	28.828760	34.712139	64.449982	14.449283	28.744285	17.398516	16.610576	22.395037	20.605707	0.519782	3.405398	16.386985	19.588150	12.090962	68.792789	28.307235	2.457698	34.860803	28.004733	14.632318	11.718345	114.132544	0.306422	33.344229	136.909554	19.637970	30.247118	18.456822	84.420103	9.336157	5.124174	60.253233	62.769675	36.396021	5.565601	38.768951	92.403956	16.513542	40.857971	73.512393	49.650301	62.116092	92.772188	 
21.078530	23.504454	19.349525	44.740392	49.136359	0.285723	80.658620	6.122251	55.352012	7.731179	112.100139	5.562355	18.971985	85.129311	18.681280	13.486112	38.533835	15.555381	39.304337	6.157401	17.025792	60.155582	92.578853	60.650260	72.401953	9.435720	73.982526	7.795524	33.612801	44.456720	61.510914	7.502114	38.692262	7.469859	76.713933	19.507784	34.422851	23.456907	1.162953	64.469570	85.635961	16.513100	38.707117	65.840695	26.122634	0.824616	129.953295	0.508558	7.400420	61.925936	62.424607	57.083817	208.425918	4.573339	12.368579	6.512539	5.411768	23.519353	1.950627	11.991537	40.523470	20.236774	89.041435	29.192256	29.721119	 
112.292804	21.939562	111.531848	32.572966	69.055291	87.115235	8.870204	43.542084	27.357272	52.394507	24.700965	2.919025	73.334302	33.165737	13.476575	16.624910	28.646158	4.170936	63.281368	138.272659	12.909265	8.576923	107.690368	17.595453	27.917567	18.228120	174.904966	96.789764	30.216809	23.179477	0.876384	41.720673	44.273746	22.279824	77.075520	11.728272	25.153029	1.692579	25.027376	261.338578	18.658529	14.862683	2.376781	75.894860	21.904400	71.728552	12.016865	3.291630	24.587702	126.839602	30.365312	41.341615	20.497110	212.103342	15.663616	8.855017	25.052051	12.077703	30.302409	78.861216	34.306325	2.808619	44.440306	11.908839	39.523360	 
1.855712	19.218578	21.439953	48.943206	47.853697	41.877514	70.045165	8.797554	29.484164	41.314575	18.266052	34.415239	42.175579	21.622959	1.180806	11.485919	8.251132	23.025392	2.814514	38.551512	42.480790	16.018248	55.699277	235.758666	9.593826	60.156338	44.675168	6.774780	26.346185	11.282355	54.283885	9.043636	10.164751	30.805488	165.628267	0.891657	27.224862	5.417608	38.413955	92.424369	7.064788	70.557668	70.802192	138.881132	79.157815	61.631025	75.221811	0.525470	9.889809	56.282752	30.051295	37.085175	92.445933	62.038343	36.762023	1.447693	24.241360	59.900367	16.525940	10.701697	34.655146	58.561273	23.694019	16.697643	11.527617	 
29.808821	46.664166	6.942216	57.942977	112.275712	40.771917	62.566182	7.634119	4.220672	38.372155	3.864791	18.508409	54.278895	11.162126	42.230151	14.154822	7.395660	219.547519	9.835191	57.435191	36.453449	150.060535	30.062804	114.331664	44.312399	3.540019	67.248028	8.132506	40.202265	1.008298	101.650093	49.844731	54.162991	8.634379	15.728757	96.867098	168.637891	5.872011	21.092757	72.041350	54.171203	24.360548	53.677702	100.767035	13.129369	161.898155	21.436066	3.545729	17.807568	15.907028	80.238887	124.644698	70.306747	88.033279	72.548318	27.845259	33.760892	12.247905	2.777149	23.699340	15.859814	77.134144	20.070116	13.246330	128.634007	 
95.560767	11.854439	23.128302	23.459293	264.211531	10.725540	60.014599	40.226254	13.983267	0.731377	0.573522	85.311663	90.756611	19.671586	2.612354	23.433323	16.030168	119.696622	22.269020	1.800077	133.689404	95.032449	8.751257	9.366338	29.170579	8.177495	17.977492	68.190822	47.154965	34.530746	11.972944	146.104324	0.793111	1.936416	71.280495	47.988568	8.971555	57.342353	57.532542	56.762944	66.745280	40.345068	6.184207	77.229452	21.709352	17.690899	13.363053	7.539370	25.804506	34.017110	61.886634	46.710962	34.082549	10.832317	65.863303	10.090294	71.137485	19.964494	21.602206	14.886328	89.423561	7.545281	28.625403	80.294593	83.608056	 
24.432885	43.344984	147.401764	77.714824	111.417131	22.403895	18.131364	30.076303	138.257931	1.611522	0.693722	19.243200	40.418052	2.905743	47.051168	8.592866	39.315019	58.909065	21.065252	74.137999	42.248184	78.304047	12.676658	33.284315	35.359504	45.097777	2.324940	3.563592	17.997895	26.911751	10.604930	0.791174	10.628737	7.149540	12.473998	15.405770	92.756328	17.813716	76.180258	3.136276	140.795633	9.384465	4.288262	22.900140	39.252629	107.814883	26.287678	9.216964	20.875670	11.912010	15.733133	24.846305	123.432935	4.435894	34.295990	40.025568	59.066388	18.785460	8.701180	90.150993	2.012660	38.403716	11.796953	5.253499	27.241937	 
18.907408	58.827409	3.911871	124.497009	34.507873	7.276251	7.737738	6.436692	16.333549	10.330918	0.655243	1.651530	155.707668	22.221861	72.078414	0.987075	8.644296	76.614119	56.036489	41.471569	31.263207	2.373282	115.713351	35.730101	0.370179	107.826961	67.812070	21.210532	16.460096	12.498232	9.691528	2.293367	67.215330	145.359196	47.312103	26.657046	38.194239	35.312802	44.937660	34.202054	20.076273	11.720054	89.549410	3.228536	120.831611	130.466447	10.762905	4.224400	56.004825	15.783025	241.692902	11.500882	17.566383	6.012955	31.199372	40.548786	23.709551	6.559316	15.022430	3.196600	14.437594	22.979968	21.332516	4.468418	77.973195	 
13.692922	26.422877	19.092794	114.689614	54.369636	4.669153	57.874112	37.860299	58.225171	22.304047	58.665090	2.829253	10.351298	71.747460	6.864408	25.046499	19.114160	5.299672	59.500718	7.092724	88.283950	74.504787	11.919342	116.385044	12.386873	20.503920	38.710344	13.732626	0.433141	12.139965	117.878489	30.213438	10.985486	12.531733	24.092364	19.787997	0.822377	35.262718	99.037860	99.623656	16.875424	10.170271	0.928439	27.554143	62.857101	93.286670	78.429475	15.809880	37.919442	2.181668	7.387659	70.412305	1.071927	6.828133	38.075472	21.752027	64.069405	34.131449	16.268408	59.645010	107.215580	30.907431	36.656930	9.239307	5.338933	 
28.891118	19.646734	89.422344	26.058020	36.026471	117.834065	37.458394	36.072168	42.130002	10.536417	7.736123	8.538466	26.335314	0.199166	31.051502	9.308185	79.059101	6.531814	71.711035	42.297916	13.534299	79.161762	34.922839	10.670788	36.200210	3.666976	32.419306	82.033171	10.428527	21.841931	25.697321	16.739562	43.034906	19.257451	87.762935	37.606074	24.157476	82.439116	12.012906	20.775622	10.416848	23.359683	93.810392	83.059414	24.798142	67.457071	10.439706	62.596658	59.409713	5.366237	88.692208	37.434527	13.347942	39.271739	8.227106	33.524614	8.648003	7.947267	56.900384	29.340682	104.413894	1.053747	36.628549	45.690642	33.332988	 
10.799729	14.315650	125.623194	17.866770	94.760773	39.011155	75.160571	18.261662	27.975101	55.892346	88.285377	61.622309	45.359669	89.179156	3.054211	31.297467	23.529563	16.901286	0.963929	19.327352	20.198649	30.722690	21.919546	48.318491	8.941044	24.896986	12.800182	113.314153	51.712315	34.201393	21.571836	15.157654	58.679023	30.754158	104.550184	16.566590	27.558392	29.734699	100.341041	20.601782	37.646499	62.718261	2.806848	57.385141	119.656531	19.749740	3.517531	32.609659	43.880864	27.140837	14.858942	41.396880	1.667443	67.382378	17.324980	75.815977	11.909395	11.600299	10.578845	15.025211	5.275914	30.523649	149.180151	26.439775	34.819369	 
38.319583	30.095379	3.034627	54.998355	2.834821	19.805789	16.669390	91.850257	36.133380	66.438935	70.864293	30.591225	25.399957	78.692962	22.580762	3.503163	30.146888	20.516380	23.561697	8.593372	10.402179	24.151563	27.768850	17.091160	8.394448	3.017650	20.311545	0.981216	0.878416	81.223006	1.610877	52.698579	9.894091	20.267138	118.147306	85.020841	82.816287	1.238515	91.250202	4.791212	15.712296	1.129375	106.526196	18.599282	3.847594	0.665064	90.851762	19.549076	9.578074	43.027404	12.927524	4.115764	55.856303	61.288131	40.865708	9.816575	83.088633	34.551040	25.567768	17.624879	61.747826	91.777734	13.850477	119.730089	45.033559	 
52.902204	142.852284	37.929203	12.951734	45.712308	36.108865	12.776768	22.029948	26.309791	144.647675	66.543815	9.519486	7.828638	37.771523	77.502509	35.375416	4.578108	64.680068	0.845846	6.535281	22.407648	97.074829	38.627269	109.078572	35.892066	31.013104	1.691798	18.564561	1.097680	59.112643	105.424870	96.483629	68.248850	4.232973	128.700009	3.212109	0.500997	5.417331	23.416157	6.497808	21.379666	8.318019	56.891742	49.244280	0.675799	67.992653	45.304739	13.038739	23.506025	1.359113	14.556158	71.292970	50.800809	12.455764	37.672089	3.095442	26.883258	22.851199	16.961663	2.886406	11.745399	25.559463	6.653184	2.811155	54.167226	 
10.232463	26.899696	67.631644	17.481332	35.400958	132.769995	5.685445	6.364951	143.938117	0.294831	91.998454	132.749924	134.480796	27.325477	19.983112	43.852304	7.813529	0.695698	77.321296	15.215686	2.673131	86.837070	58.257459	10.231671	226.083801	11.313283	43.225021	37.594799	52.096752	21.833322	34.206064	40.408369	81.693344	152.138657	52.770303	13.396411	27.437751	4.880758	52.948585	46.129644	24.770595	21.752031	95.600582	33.079056	26.266104	26.116281	12.596146	66.390518	49.789953	81.549821	16.588592	6.496651	28.751114	39.924236	52.303280	48.368855	91.497922	64.609249	3.786145	3.289652	6.421863	85.703041	19.052426	99.179299	49.289248	 
16.931904	3.840811	2.625858	57.483963	5.104530	1.544049	2.264147	44.309707	39.932444	37.743449	30.799322	3.637382	34.044754	56.580416	13.584272	35.430809	1.458637	49.640063	1.572464	42.820411	0.449738	86.683310	37.272521	5.304224	16.489534	29.423358	72.248294	138.792204	29.104630	13.739062	11.575583	92.735597	74.014828	48.262171	71.884912	78.348011	72.271319	23.039213	89.172959	12.505248	30.177684	16.753642	8.063973	4.954327	14.960864	3.745136	65.001649	93.102592	18.611035	52.304438	66.170331	70.317634	3.825930	13.675088	89.051731	48.061671	32.055775	30.641716	50.903830	134.577720	28.557464	28.061727	52.540034	19.671490	151.276581	 
8.511597	21.774255	10.760229	9.385964	56.709375	2.215567	50.503783	54.624390	2.503212	23.406534	11.966626	3.080171	111.298141	42.357753	162.069337	81.532460	18.936682	42.698579	35.824981	9.803999	58.164112	32.076805	13.263652	2.064724	19.578740	79.556153	20.117915	62.114597	8.743341	49.718953	4.287828	50.568418	1.566468	2.176312	16.518429	3.209989	18.793616	33.165213	19.531199	49.151056	71.787602	22.695642	52.479822	12.354297	40.386105	4.452535	112.552914	25.258568	3.781767	17.159034	36.282695	3.975799	23.255407	31.263339	50.142870	37.218370	21.847768	4.732386	7.844916	277.686870	142.763727	71.008251	11.321321	49.057066	42.331818	 
15.082456	11.667264	36.990462	28.639713	83.311019	15.770571	79.457254	32.954615	426.506733	5.361244	45.321277	15.012873	28.775698	0.561288	12.575798	7.091974	101.954091	53.843428	64.272370	27.758944	0.933604	5.666531	51.735446	21.548831	38.050387	54.044772	36.239028	5.199842	18.391710	13.783362	17.522715	4.036690	33.010814	5.351597	38.770224	2.480346	6.025281	7.595927	38.070561	10.466157	26.328490	39.764900	219.465945	59.597338	29.829345	16.001058	7.259886	407.428839	20.922902	137.166910	30.702840	14.129307	5.615845	48.487031	75.455804	20.257814	33.273638	2.293411	38.154715	28.712806	191.096359	26.656576	4.333167	282.060290	22.059568	 
22.904749	28.542911	104.681246	66.252250	33.148798	32.574727	30.992491	36.158381	2.385503	197.536660	6.829558	17.921476	92.173074	20.565175	64.848894	2.076869	24.513425	15.101007	51.620307	54.442905	43.136371	0.760595	12.533318	31.362783	104.357201	4.489880	22.318793	25.605971	22.470161	3.105572	57.481371	41.531245	6.601823	10.945920	2.941107	25.154265	67.410924	25.878937	20.294462	20.836328	13.066601	6.573538	145.017632	81.314226	29.773181	0.851666	23.229858	60.096671	117.694943	76.694310	4.825661	1.334706	13.216438	11.345302	33.482095	18.623270	34.516814	2.156634	158.319766	56.891068	52.061936	10.612171	46.300389	23.910890	18.760718	 
3.279578	14.721716	31.870793	14.389370	17.048175	60.770143	35.074829	52.823648	2.569536	62.306821	60.400464	28.574537	10.879091	28.297757	12.201261	10.634874	72.578294	49.178761	0.975026	1.851807	11.733753	55.623646	5.395977	2.303947	32.473676	31.333204	120.636315	44.225247	269.845080	20.736389	10.689134	31.431402	2.447796	127.895619	1.552239	85.336061	9.084129	18.783970	20.272913	19.961160	11.236459	2.227874	9.129201	110.281172	28.435063	23.053007	22.297609	11.115549	26.238173	15.682336	67.637804	47.548740	48.278200	122.423951	38.071738	15.824062	86.442805	7.026141	32.598161	83.395409	10.383889	9.938952	32.987802	73.146713	36.611271	 
27.553930	1.838228	68.182917	22.520979	29.282356	59.762145	7.492770	27.155375	19.900934	8.984918	4.588929	6.739293	71.948824	12.443507	27.206836	13.047572	131.979720	65.437569	11.442645	24.610633	16.453015	2.315901	2.982714	2.629715	31.431996	86.780003	49.765342	54.244637	11.301002	143.961292	1.300115	34.435670	12.691759	15.045806	22.785115	16.220337	62.599408	58.677303	66.861466	27.428753	29.461150	39.598938	74.558710	131.631382	35.154359	31.583548	17.572243	95.614949	22.288874	130.710861	53.192499	30.127575	17.169151	42.387812	10.258420	36.561000	93.800332	24.862715	20.480589	114.866877	9.987282	2.204788	60.026521	54.783578	86.721617	 
19.407926	17.767574	2.186626	84.423483	7.389797	24.960850	81.422901	122.284580	58.430375	30.649866	18.602456	34.233950	40.721380	7.641411	18.641572	2.550299	20.870930	3.179759	11.301763	21.009884	4.085166	78.429679	17.189471	34.450599	8.995982	52.262403	33.754084	0.646513	27.210839	5.772908	25.886108	8.639417	55.985365	62.847622	28.392109	35.756820	9.005347	75.309886	43.245196	64.557443	41.485136	49.085689	56.297521	20.109800	73.418985	70.187734	6.777641	52.171830	10.900850	2.152205	13.673649	45.890404	45.192660	64.024792	61.503454	38.108070	23.651812	0.557653	11.873500	45.727142	67.433459	42.731854	24.933568	284.658215	135.378216	 
65.176808	15.762458	111.353832	28.112032	11.126428	54.475163	3.014996	47.337400	46.066433	32.907690	91.402830	61.370280	20.071784	4.032955	37.520392	33.498335	88.461849	22.723163	27.312290	21.371450	95.861320	15.745734	3.196656	6.292132	45.561287	39.017973	22.551694	7.394345	8.841649	54.507476	27.047991	68.563686	52.630174	2.117333	26.534745	0.979904	3.888765	44.057793	48.218820	3.194520	90.376991	47.000185	117.422460	6.269425	14.241359	96.203664	139.090227	1.609316	165.593199	95.686984	21.170333	5.747136	7.099666	116.452858	11.876886	4.588580	196.923611	27.887116	42.216141	0.501465	5.364352	52.578967	4.973288	125.332995	9.796407	 
28.777051	8.299172	13.572010	59.993715	20.278022	23.057080	33.683588	32.877713	107.688656	72.703930	37.221349	15.305739	10.450913	59.633244	46.394320	0.692823	0.578915	68.445886	13.787187	14.246808	9.110567	12.442965	3.609180	43.529333	149.036805	32.362835	43.311797	5.463589	35.469068	31.095568	7.395801	26.292727	51.438619	83.051804	132.233536	138.046695	20.871169	226.274266	41.170164	70.450650	34.258430	57.934411	12.422277	111.994001	183.683309	59.250276	32.920893	16.747939	8.449299	33.288132	22.289099	96.236037	37.289728	18.420960	12.005079	55.805525	29.612410	48.039594	28.360483	9.568152	7.309595	42.401077	3.052219	31.976534	20.019335	 
13.792201	100.150368	11.445669	38.904115	105.245836	35.755069	70.310121	154.760961	52.363077	71.972733	23.965735	11.881229	185.682475	11.996450	84.283335	28.802610	66.557043	32.362522	6.173337	25.720083	78.239517	22.712681	30.221591	27.645147	30.426133	34.351638	91.933930	6.451595	40.241779	35.002219	15.805014	86.023963	190.438328	48.310222	103.975518	2.065056	105.278479	48.304175	16.751272	40.588035	15.108632	3.541433	22.548616	65.623562	7.590750	26.784050	21.219321	18.232228	22.460983	100.761039	8.214628	130.786295	27.730827	105.099504	20.266908	16.452333	25.090843	5.026791	112.395062	29.373960	11.360843	33.729162	31.766074	26.900778	0.627268	 
36.914262	18.252087	21.519287	9.232676	44.823113	26.747440	72.446886	13.633733	55.191318	54.809754	8.717247	26.788965	15.525292	14.972246	13.795280	3.350114	21.785112	44.000405	2.780956	49.090970	67.649651	59.748098	5.135637	18.016721	47.501232	267.487608	30.878138	13.839417	1.355717	29.919971	32.151896	16.978813	103.649488	67.570151	41.927937	27.093422	21.251322	26.850543	39.742603	15.747070	6.318609	118.008965	33.051353	22.471818	27.699302	18.509086	30.907005	30.828187	46.545291	13.983495	9.503735	5.912071	9.775210	20.420381	26.808913	95.980843	13.557698	10.270828	31.990940	1.276414	3.715326	18.405702	87.792570	8.107116	78.956572	 
14.129948	63.800590	47.031546	33.940714	98.154300	9.688594	66.054525	5.662617	69.949968	49.015631	36.043270	42.646788	26.728659	24.509691	7.386311	46.949168	140.141537	33.626958	0.762437	90.512161	47.406089	16.974650	24.497920	3.554495	3.511671	26.305213	31.167574	14.261563	77.654349	2.033350	9.818204	7.425256	124.692893	12.826574	24.095907	33.448288	26.274217	2.083619	207.929842	25.798462	11.872516	46.158112	84.240151	10.701823	58.205652	15.764377	74.097823	142.118416	5.429023	83.002002	44.861993	2.260011	10.361229	7.871942	40.629793	8.152645	41.931739	12.364225	101.393565	161.112261	65.122868	148.037928	12.494902	137.924726	68.492083	 
1.548771	8.564715	40.963815	67.250678	20.735473	15.327255	22.491205	2.981281	19.660758	86.082765	164.104323	40.080996	1.845398	46.087550	47.372066	7.994251	24.644880	2.747730	34.284382	26.258666	17.535534	37.688863	36.977554	41.237275	64.520935	21.581455	69.975748	24.787674	16.918898	15.610748	38.688103	63.249912	0.568457	34.077827	93.212714	48.791703	9.455349	13.480052	105.957990	29.774963	0.601034	33.774974	88.278595	27.569422	51.221868	22.645099	4.667747	0.625032	83.724603	41.305232	76.076881	127.533743	26.090570	6.547161	29.315216	4.275997	37.542440	1.999698	71.233853	49.173331	23.475792	5.703441	74.254589	104.394567	7.190581	 
30.712263	52.948076	81.938817	44.684126	31.008997	36.804341	147.131553	11.636286	44.391685	95.058761	44.191708	57.824860	43.300700	44.682579	55.707895	123.811432	36.939130	22.305078	32.627251	114.746536	36.852800	28.054630	75.019139	59.525813	39.328657	91.052857	42.135233	82.466428	29.086850	31.806321	114.221536	6.938416	19.975602	0.702971	21.509910	10.179659	111.199536	17.285974	24.701741	31.263258	56.816607	23.298643	59.397077	8.574053	69.382748	4.070359	14.445314	45.853365	13.165041	256.421147	11.867359	4.039189	142.483864	21.952589	8.510512	16.051770	47.753763	97.442947	25.444985	14.272247	72.822060	17.259005	7.844669	52.961624	84.161721	 
45.595665	57.977166	50.644626	4.842609	84.489398	54.207054	91.449821	17.192184	46.439481	127.378765	35.011226	17.541494	27.928271	47.665276	21.537333	61.685965	13.769744	26.828467	72.958865	57.096576	31.034784	5.913503	114.612370	13.242822	22.985277	8.206007	78.918863	3.984583	59.306235	42.809790	39.868623	67.027612	2.097625	25.329120	35.861281	68.589509	55.762576	83.520326	28.757015	4.702892	79.991281	4.970096	27.199696	113.253023	3.007721	31.155940	6.011201	11.993887	16.769672	17.574649	17.642576	109.897446	36.469854	68.524260	38.823829	10.616145	27.655626	41.995100	15.402185	7.296741	1.594365	173.611093	71.965986	32.093042	21.382824	 
137.514414	42.674331	89.846192	40.274059	15.793695	6.151522	3.944659	14.742483	21.061322	108.239655	23.178922	5.916783	44.018925	28.104705	58.370483	25.288285	2.041996	9.709173	98.126228	2.231209	11.583645	32.522023	45.781905	94.353027	2.353475	48.856284	57.872971	9.320629	3.662225	40.094328	32.905291	84.444145	135.129226	5.713767	73.286603	20.881464	60.004243	57.216891	11.257399	53.679625	2.705688	2.620740	15.327966	8.895131	6.158387	34.327827	39.901541	53.032619	47.428059	8.702361	34.721176	33.699543	93.665797	53.544715	37.858125	75.499773	114.873562	100.835387	111.796756	84.511677	7.084435	36.580378	17.171247	21.996172	60.261751	 
25.500113	48.440307	58.841723	13.210197	5.306808	13.672283	34.844228	1.721536	144.010846	2.682110	20.002621	15.903516	60.252258	20.214701	69.437947	0.718460	46.904438	22.702841	0.774387	22.961146	27.838062	2.337508	10.916483	60.204307	96.753395	93.297890	8.185711	27.177680	115.409509	3.192170	70.858787	46.135460	11.088149	16.547995	7.010986	57.184371	23.287645	31.660106	76.642653	54.309919	11.804591	20.049193	31.898206	10.371809	22.120634	50.268423	78.853297	6.285169	92.436637	4.387719	65.376140	77.757583	8.093600	5.617116	3.540020	6.226503	74.369329	17.404921	60.141724	60.044617	25.155563	3.412501	33.674712	23.846765	56.200745	 
42.565511	6.035744	94.053726	16.437692	6.953014	156.364117	14.546919	124.845953	40.999155	20.411822	22.828959	54.032937	1.354262	110.355204	31.420643	67.279952	57.190568	14.305708	34.457053	5.496673	16.921925	63.231963	5.999955	55.723237	21.593174	2.967223	30.443661	5.950617	4.798596	21.305767	52.363726	21.028815	11.657871	4.537003	58.787870	45.550938	22.408672	0.382638	0.408771	177.169794	20.346432	20.301963	78.790695	26.233102	145.780498	79.713456	18.559898	4.116683	87.052719	4.539878	68.223941	7.710996	5.030144	63.246896	7.832751	56.751919	8.445843	17.324186	34.489257	27.466746	83.351771	8.737987	13.090398	55.907609	39.741555	 
25.953538	56.418665	10.685174	106.368539	27.289204	22.785273	11.727538	210.528461	102.447142	8.500882	44.511099	11.893591	53.536835	58.261697	91.300954	0.882761	129.847466	12.756094	40.203220	26.706202	27.925724	9.513983	14.188080	70.242461	28.853306	19.218288	40.602219	33.029604	26.243605	26.313987	11.647075	24.618316	5.938266	82.308268	72.630029	26.679222	0.003993	28.538295	122.833059	18.256777	68.921797	24.275333	99.855790	33.176685	6.507355	110.408051	10.092996	61.196757	8.456596	36.651877	10.900522	7.212156	12.231157	63.937798	13.934335	18.634761	86.600864	44.712880	21.471224	28.919898	20.873953	11.524347	4.475844	45.659249	7.818890	 
8.953693	37.821587	16.536053	28.014165	95.112761	44.177400	29.203213	5.768579	1.737804	30.743475	55.499563	14.645322	21.189150	11.339726	38.217771	7.531296	41.031204	12.525221	5.729108	25.073973	7.244563	39.195733	1.054333	22.023829	55.140253	75.037828	44.669729	20.905408	36.087217	9.866874	113.412191	13.520517	99.014916	20.185133	135.752164	24.727033	28.772829	3.209521	4.079931	97.245314	48.369924	7.004520	48.484800	58.105671	3.805636	5.918013	4.856315	20.046269	51.161635	20.447169	111.841092	33.678978	17.632274	7.353216	25.248468	34.314813	3.719133	0.606914	4.073780	19.779694	28.327944	7.487353	116.837935	11.339737	52.696395	 
65.137983	4.450339	6.465761	24.516075	40.506196	142.355235	64.343354	45.056992	41.403884	109.966262	1.634564	40.708823	5.825019	193.967020	53.110224	16.569669	3.310222	10.478309	83.786095	82.467965	6.328528	37.486690	27.628579	43.270322	47.911834	4.615102	69.851497	18.376900	89.622129	76.866996	234.996206	113.669159	60.277898	2.275619	94.915297	70.133202	22.404367	1.819931	0.446285	29.627088	6.987735	7.313705	50.904992	36.615403	38.729098	80.480139	4.834123	0.321326	9.218156	107.006128	14.894761	30.193805	9.556554	10.939525	27.222692	47.669220	32.779913	42.936517	10.429558	75.415180	20.631017	17.632234	48.466207	33.007982	2.262480	 
23.133427	86.131330	68.686613	45.245258	11.045092	9.571020	25.929397	27.016880	24.440004	7.153224	11.610374	63.019108	40.492586	66.280455	110.432023	2.271108	24.942969	0.441654	74.270133	41.236209	25.897679	8.611596	52.543053	1.501402	70.767673	9.201271	70.183680	0.965405	77.611459	36.990374	16.537635	31.037292	57.000488	15.799519	13.846836	10.661228	29.586656	4.874132	4.623055	10.915857	3.744722	8.998082	1.733217	40.816142	36.354358	61.237573	3.028062	7.989676	11.317619	53.401484	132.996573	4.284508	87.940017	0.549399	2.911418	7.353415	64.117534	43.856287	70.729207	47.068804	12.316557	57.621457	11.337759	5.110154	0.281019	 
155.734215	9.314654	28.219408	16.276923	6.982423	91.534254	6.793661	15.629053	4.019916	50.038316	9.142347	105.896270	42.556433	70.798878	12.653239	11.785602	24.799255	158.359906	211.962748	104.423950	10.950718	30.376441	51.876308	32.622281	86.308509	223.355128	1.684496	12.774200	43.129897	23.668090	1.292396	57.330148	2.160564	48.253436	49.683970	3.555384	36.143580	50.426970	111.043846	23.913061	35.138249	49.905831	11.865649	6.692348	45.573086	20.007871	20.202830	24.286031	32.411299	4.282627	21.469957	25.088944	67.437708	149.926775	32.514123	3.211432	0.708964	25.358892	28.077263	45.703845	24.853274	4.885183	52.380466	39.065866	6.555170	 
30.143533	8.339109	92.989143	27.545486	145.983131	70.469726	36.178663	37.732047	7.424173	1.317813	49.205431	21.473695	6.419558	77.301876	0.396085	21.907078	82.606638	19.958803	18.388937	12.322133	95.008054	5.903099	45.267798	36.519497	12.016397	10.794508	27.383532	65.203378	45.773804	16.783424	1.518746	37.120471	49.447566	41.780480	46.467214	14.275588	77.668915	9.290117	14.548998	42.391914	44.997862	2.770936	3.105070	28.517621	21.998438	38.038977	68.610071	95.592298	36.278528	18.469849	110.148703	4.510143	18.527923	25.264730	7.170664	20.685794	11.878206	13.345595	20.200294	3.649966	3.801790	64.308683	7.661946	8.412304	24.863581	 
21.331177	58.857389	90.184217	69.335073	9.348174	40.284343	78.117109	13.757317	6.117713	22.410678	16.951137	8.849777	166.183685	8.059489	17.702489	49.705087	8.505987	33.899586	2.926753	16.253408	13.944832	27.827616	157.211513	22.737280	42.830712	82.993505	110.311970	4.185988	50.647328	33.175907	38.021987	21.774873	25.873988	85.409030	63.074152	20.803401	3.758889	18.159089	0.303371	33.854290	8.735909	39.390088	15.758846	11.499969	6.729040	4.899656	47.215676	1.629878	13.096811	8.273493	12.273553	23.035142	13.829729	6.154688	46.394229	15.201085	43.742265	26.162656	19.123174	58.428658	93.665981	77.995022	3.643151	57.117344	15.088754	 
31.694096	38.966412	22.199765	104.910101	26.911402	27.861077	18.229157	49.175531	9.702027	46.331502	138.050437	7.174837	18.022066	51.577392	3.179952	26.008802	116.467835	82.726966	3.664087	40.273963	180.095892	2.714518	38.119488	56.800116	16.020177	95.084718	18.365820	53.002446	3.298222	33.473266	16.060507	10.553785	13.040647	55.939799	113.020626	1.301862	44.384581	15.419153	8.240095	89.114379	38.303032	115.975537	89.908197	19.204998	2.002671	60.180913	48.639496	37.196931	71.415305	111.964249	35.053190	66.098866	122.278087	55.998705	52.143070	131.152084	82.213570	34.367237	235.499304	7.213540	14.869897	18.169327	66.202069	49.319318	77.038875	 
1.331578	9.484355	114.687988	124.048469	28.041318	34.969929	15.377367	31.828940	131.465331	0.909341	29.535789	15.529424	6.241631	148.142637	35.512363	11.097726	50.735138	15.956209	18.762306	10.715205	3.477851	40.168711	38.281772	12.871149	12.743426	26.724852	17.706386	10.384975	67.666907	12.796660	4.741171	4.721480	54.311761	23.848428	34.299562	62.844875	117.121422	48.641917	63.751327	87.460281	89.442554	19.538269	47.975805	8.522568	22.322991	22.337894	67.148534	56.628146	29.610539	24.997064	15.235810	20.688212	8.656703	10.933209	67.801199	0.756544	3.060588	2.061477	16.182814	70.475565	34.288602	41.310108	27.914154	60.451769	65.301629	 
7.913986	119.614304	38.401441	40.431277	148.845234	117.223169	32.032087	31.162259	11.368643	29.694547	7.457151	45.269750	4.896418	29.258610	32.355285	57.462462	17.998179	72.147018	53.157901	5.510283	211.255245	43.253905	0.721221	78.621267	6.862890	28.047548	8.450580	31.826681	13.143644	35.858365	17.837323	122.366253	44.562971	43.656294	46.704728	18.369279	42.900507	16.450017	2.012491	4.489040	2.661372	57.424519	87.711337	34.300956	21.296024	6.524198	3.541527	9.248620	14.210138	28.156700	20.370154	25.214148	12.901654	42.496230	6.318198	57.775194	99.029575	40.349863	50.011299	2.208773	22.985912	36.184935	21.165458	26.274433	43.960103	 
0.854423	55.192149	15.638031	64.649448	30.044010	30.838606	68.651712	26.124813	15.599375	2.523870	7.439890	36.694840	102.178102	53.266701	43.996302	53.250902	101.108989	119.746250	20.648733	39.189860	9.101898	6.759372	42.978770	43.469658	45.982003	30.073452	21.717855	3.403953	11.730415	37.193243	45.366239	31.299003	24.706418	1.863943	19.751819	22.238887	2.305208	36.772454	96.381256	74.113331	3.896409	10.288317	43.541059	34.380568	19.820916	9.866960	2.802165	27.869692	107.719745	143.357331	64.240853	221.710734	81.832134	27.817255	6.596751	10.430628	100.371181	35.662050	83.552867	26.861453	0.800216	30.769405	46.385993	3.856474	44.635808	 
42.565703	92.990823	23.606714	105.943861	16.950801	50.283127	1.140396	1.753592	16.943373	33.603893	212.057048	34.857909	1.150390	30.901236	45.679097	27.165142	92.185852	71.126608	72.690223	94.299978	97.706885	69.347316	4.625840	4.569079	95.129089	12.496006	30.080833	25.332035	0.666178	23.557072	146.605711	29.542359	79.827029	22.499171	27.868980	163.997530	8.260544	9.917530	143.055150	71.775511	46.734651	66.895790	83.015606	58.578531	55.348992	15.078379	6.291203	4.137836	4.439775	112.587648	3.449394	82.137392	103.227399	16.240926	28.073381	8.711874	47.326557	1.322175	50.940289	28.396238	13.477794	16.490959	20.352855	9.419500	6.770591	 
34.423280	9.819724	24.060125	23.028883	73.293344	94.293824	16.566009	5.895176	18.964561	8.462196	95.748479	9.332283	8.176249	4.430083	8.952876	18.831420	64.990781	5.285534	14.619163	14.690359	20.138526	29.964989	22.590978	58.580232	1.644941	94.515134	32.933066	9.355783	129.909151	35.540910	146.796708	63.845401	39.903903	42.830346	33.880362	32.634316	28.836659	7.975695	4.761487	185.862131	83.206535	18.926045	17.242685	13.594335	17.110901	3.272540	67.102798	16.684398	1.846320	52.299293	60.894016	35.072462	36.547798	3.539027	109.331214	85.864969	88.753729	37.615489	2.694138	63.598579	82.715519	43.250055	73.991751	23.631038	131.904280	 
163.399567	37.040224	15.603614	23.284247	3.953778	38.426006	20.236599	38.391625	99.159357	16.793465	22.278883	102.548469	42.405638	70.072903	60.969280	26.041582	19.338183	29.022854	4.565985	2.598455	1.779571	57.132808	101.443405	37.866137	14.391318	5.064801	8.859396	42.325344	48.490959	1.427496	13.065017	20.024522	36.270230	49.514531	4.854968	6.118662	51.726752	133.486655	2.364012	48.895447	14.316172	67.271182	62.833380	3.721161	1.445043	62.066001	18.500683	102.621923	16.877142	8.610789	21.817973	22.918000	16.627982	21.334401	28.414068	165.265326	14.041665	34.248073	43.938230	8.804898	1.176927	75.773403	16.772354	12.780076	115.391003	 
126.133940	14.855970	31.422751	33.342737	34.718138	18.916351	61.788187	131.682596	24.276652	45.357719	8.509825	95.479595	6.878056	69.000641	6.473481	30.188367	87.999244	21.089676	15.773427	17.537591	8.631006	28.343181	37.909322	30.482230	58.952842	129.947541	46.655971	11.002875	33.500390	78.463549	5.392424	26.326075	36.940482	24.269129	142.734689	113.636451	8.683160	90.819834	27.355353	36.106530	69.952029	32.777814	48.068114	29.552186	20.702846	23.620563	61.614340	31.153079	39.557423	26.413816	9.752940	139.435990	14.163532	15.224378	28.187409	66.402423	38.922134	23.806657	31.546224	40.963243	17.859459	83.198849	46.400302	1.539727	3.100595	 
19.437979	9.371690	25.459921	37.170737	5.088272	69.784331	23.709201	13.094961	2.080461	5.162843	5.496176	22.638116	22.487414	16.811442	6.640891	23.287063	5.379273	17.289664	48.927198	50.979094	50.179894	15.287681	16.872334	38.842259	13.484268	50.041227	22.217899	11.528320	101.793327	85.824131	6.368760	1.915805	20.550338	23.724116	102.693128	28.829073	74.525058	122.217473	7.500211	18.631351	12.515362	28.740589	53.076194	6.887552	65.659585	13.492397	45.954535	44.360837	0.887807	2.046107	14.920793	2.667381	10.306375	75.753350	3.242945	7.772784	15.938834	42.029883	1.132310	55.050480	32.886216	41.124569	35.551926	2.885776	18.829536	 
31.912022	31.506877	8.882553	13.364740	224.755268	6.124002	18.711274	69.790253	61.536732	32.176730	55.588599	42.210345	58.967051	12.987512	48.491534	38.286576	20.044565	17.065817	45.947221	106.211915	30.706920	3.595804	66.060797	25.015603	2.087962	77.659913	15.641522	70.463294	52.850382	25.129122	11.196745	4.307191	46.808476	29.054016	23.228341	107.178159	1.253415	28.499316	27.992372	6.666646	4.858582	24.637860	33.260387	112.726644	14.660201	1.744133	24.325029	31.937879	66.683779	2.561987	35.230740	47.727152	3.471051	25.905598	66.802532	83.236853	77.394760	34.906811	4.681000	8.379220	27.765630	17.725303	68.199655	8.709105	63.422830	 
7.166104	12.614795	7.247262	133.976618	77.156936	4.675026	18.794446	22.686364	15.533289	0.835906	20.077484	9.195073	22.631982	20.986820	127.242592	51.741725	16.381653	19.348935	27.684929	4.913405	7.953063	22.390209	168.722647	24.133995	7.342191	20.134722	70.945702	10.445106	103.935741	87.437897	21.446506	9.512156	34.391896	22.896997	92.293448	4.184383	23.866438	112.134894	70.303971	5.045709	70.833316	107.141320	40.434637	61.611495	32.143216	37.770279	12.246805	2.444821	14.519039	21.137671	12.231559	65.996787	9.529169	2.472361	18.998748	62.535595	34.780435	11.329858	56.810164	33.194040	10.086586	51.019547	6.051474	15.640990	42.511091	 
30.339357	39.501287	37.485764	4.685921	34.902173	21.265076	53.083874	17.492358	13.862960	17.451973	10.167254	74.421583	34.260490	29.498488	34.269329	81.734925	26.692600	86.530439	27.437908	4.525946	16.368652	43.586132	12.789423	18.760437	123.253206	1.633559	62.886691	49.737335	107.824916	53.638272	17.457427	26.881501	2.625969	18.884144	25.990696	46.399343	7.153015	26.093418	13.998355	17.109754	11.362247	33.552141	14.533047	37.308244	27.741188	33.142432	37.912567	25.322010	166.622766	92.488406	20.210201	14.007092	14.516867	52.631290	0.744318	10.929936	16.922774	7.785472	9.133403	16.989688	7.533198	31.277498	80.404026	16.600131	0.842983	 
37.997813	6.262592	37.377908	12.812655	29.554936	18.411055	2.034412	45.933438	7.736507	91.720859	31.966628	53.867015	1.533896	82.948066	42.722523	52.687916	10.273812	3.803542	5.023444	4.390531	83.722860	79.731133	65.004213	36.427545	2.933851	15.846253	19.289637	44.994947	213.575036	3.621942	17.876565	10.242513	3.680804	24.643373	45.134377	86.096799	31.012942	28.433619	56.614902	21.390069	93.419662	11.997950	13.044134	6.713816	145.029083	23.523798	87.845750	27.149797	49.457347	49.089904	6.720227	2.126400	85.885086	29.063672	16.630507	5.160506	16.012352	33.907161	26.904891	12.634543	7.495594	17.830862	91.124990	107.449728	32.596973	 
40.377922	26.774585	62.280472	88.355219	20.542343	5.303022	32.186101	31.820896	43.084379	25.272675	21.990089	28.819137	39.645872	5.277464	88.144418	93.637227	85.164075	97.812163	2.656951	10.955769	93.785958	36.950928	50.178738	6.316769	15.550319	65.474088	20.608735	7.221942	68.240547	13.999665	31.124090	9.940641	103.150256	145.731698	9.456879	21.813409	77.964743	14.319640	123.022484	119.648261	29.962661	2.887068	5.789061	58.392899	16.084878	53.080749	17.360575	95.736727	57.987728	70.448114	118.490123	11.508516	137.070725	9.332868	7.790832	25.620802	12.898544	8.686987	17.787299	21.622544	31.011970	19.011259	57.174467	20.853150	10.215254	 
16.909703	11.410911	0.896845	6.407380	101.116073	55.783002	134.721418	0.136673	74.705660	20.289859	11.636142	76.786159	41.124899	49.516879	58.868299	32.960364	15.092757	40.754822	9.083994	71.838468	4.366287	45.061000	45.247297	18.702477	63.995229	95.879528	11.121081	25.312854	43.122457	35.550796	2.877094	42.998312	1.777809	4.151381	58.313379	24.775302	7.728033	12.107865	30.661785	5.299841	46.234809	56.809076	70.602089	26.274025	80.038386	75.471121	2.625071	10.176387	5.979057	10.417533	9.690447	143.334948	7.942302	57.255583	46.279174	56.503702	12.851374	3.093428	26.424018	113.128149	26.182236	38.836539	25.945476	7.569117	15.290817	 
21.066544	27.797457	5.021763	5.276512	47.786751	14.921003	5.973274	14.897012	67.450723	3.809799	59.986246	3.147757	54.812448	44.958610	1.847757	11.467565	67.666436	37.575048	10.346255	26.769296	17.979734	32.119353	40.932178	16.153082	20.048922	12.024370	9.436400	229.943728	10.307265	6.446375	8.095962	5.919948	3.215070	26.155140	50.482269	11.099589	8.689050	5.416830	62.790421	10.530284	42.947703	40.893814	50.040585	14.118486	10.065621	0.900902	26.750041	19.641498	57.126495	32.397874	46.300330	47.890456	18.907143	77.104598	32.235223	29.657377	57.201470	30.460964	2.936821	31.194709	7.036614	1.787667	28.736449	11.108768	1.075087	 
40.660141	29.374963	10.340559	103.154867	19.063036	53.274626	23.996196	83.742134	5.074934	37.211720	25.297403	47.396717	32.880663	29.430269	8.220409	24.653992	48.090850	73.700812	34.708647	24.094335	54.792162	28.094068	14.035322	40.004851	48.748416	124.105702	61.698156	73.247438	60.591697	86.166850	15.259517	94.247151	74.448824	54.216569	43.314133	71.521389	49.656882	95.582499	15.723705	10.555026	176.639534	55.855033	27.154038	15.735777	17.884148	24.158624	51.845165	12.894496	16.975838	87.722707	7.865544	77.972254	47.169403	86.909896	130.998772	24.628671	0.304254	2.617931	6.967688	11.146834	32.025129	153.908023	64.870733	44.338941	17.061654	 
70.864664	22.162365	33.644819	70.953658	44.514891	23.274623	3.664206	94.999507	24.608628	6.856616	24.860097	38.980680	44.505868	5.982253	25.209646	8.217388	94.677145	8.964237	27.872582	109.711348	21.767633	14.937814	10.949141	33.919399	21.198545	34.723607	77.246025	41.908840	15.869872	3.154039	87.209193	1.955460	0.344377	40.762250	9.367514	4.663821	12.962374	19.162174	115.808608	11.298326	18.587755	79.647620	19.622344	1.829542	41.684694	31.355339	70.848908	3.150586	55.745629	4.081145	27.464883	42.541327	136.407850	13.296316	19.718664	238.105669	14.986188	16.261842	21.191726	9.429551	21.229956	91.689892	2.846580	11.779557	9.597299	 
90.025226	9.031347	41.159551	6.730602	18.889885	51.235491	129.957205	14.697151	47.536092	64.708597	34.633173	112.895380	86.136009	63.192622	5.527966	70.759142	61.144429	1.879255	47.891517	94.990567	21.777063	82.992618	116.871561	83.001861	158.895527	75.497685	4.070694	2.175012	12.865472	48.697112	94.065147	17.884446	101.180203	30.652565	64.793398	172.674468	63.134463	77.116709	8.983698	101.457790	10.145981	99.483650	56.182566	96.355517	64.937007	12.333479	8.243288	80.585399	2.702206	15.443080	8.839210	0.599685	17.883036	4.103121	32.968822	22.128687	20.233949	6.234538	66.225999	3.698025	16.761661	4.139791	10.456356	35.103684	42.200772	 
31.414843	103.104325	12.386904	16.030940	1.720496	28.711768	65.678024	23.788095	3.306631	22.812537	187.576572	68.845503	18.256632	30.355508	5.446586	36.154125	9.743090	116.230467	5.356015	46.473241	49.256357	2.616843	1.995306	6.023511	28.945616	0.478724	3.389977	63.884882	53.358579	17.085438	17.524234	17.274720	35.966352	117.636539	51.246628	169.941405	48.178254	29.224904	105.775327	8.914214	12.251177	8.916541	30.196779	23.108927	6.833927	0.517341	68.970567	25.867632	15.862402	1.112147	10.933862	14.541131	7.469155	8.652846	14.102673	190.076092	9.731123	16.568255	6.906759	38.967700	29.223258	14.636423	0.396230	195.856242	61.445035	 
59.351934	1.123290	15.263023	14.519407	13.430246	15.984799	5.904277	116.154079	4.456051	0.736146	150.064116	28.288930	199.234355	76.692407	11.643997	67.878106	5.903929	23.877185	80.540786	64.376278	19.128826	30.011577	20.156340	17.372086	1.339287	34.493936	74.767237	107.352822	94.378894	44.811256	111.496300	89.596800	25.619579	24.764988	84.235395	33.728037	65.431116	17.863490	6.438803	49.227954	4.418586	25.386855	58.095412	0.538394	32.205724	15.535868	23.499472	116.529967	24.382118	26.732215	9.889358	31.198945	158.173814	4.303996	73.585611	80.540822	13.834158	61.427070	104.746466	4.783586	16.092033	0.746062	17.766570	5.521991	27.028246	 
93.416127	19.831874	12.537003	33.193154	120.792827	102.215772	49.865795	8.944988	13.983839	54.499886	44.088681	123.726770	52.303871	95.276639	20.005027	10.220641	130.891879	15.241580	133.557579	97.348392	8.091892	7.244213	58.033755	9.932466	2.956386	13.112410	81.265801	75.196962	75.693736	11.826947	102.384302	5.222322	18.955611	49.602259	34.986857	25.515218	138.541034	0.997198	65.799229	19.585209	67.472154	27.824519	254.915994	7.223806	119.446281	33.728764	13.711559	0.555344	39.281017	8.853177	25.086637	16.488603	5.396815	19.940445	10.948670	37.228601	83.112355	67.738629	45.277839	79.525087	10.412614	144.626817	2.347725	111.158757	19.561856	