64
0.000000	7.527825	15.469053	63.889165	38.202391	32.488718	9.587909	16.568976	73.431315	52.806078	18.226911	16.208223	65.165213	36.810861	51.494367	46.479774	6.001536	16.906001	87.414329	67.225872	4.661167	19.205068	27.626492	11.875304	95.884732	62.375141	331.520180	4.663027	41.951407	55.316091	25.917765	13.098014	23.182937	57.767607	22.682257	15.327592	49.728160	28.331187	159.852539	60.263843	57.029332	157.187625	22.010656	49.150049	19.061929	21.457515	2.047196	20.845005	34.682299	20.449792	14.057202	77.103905	12.182795	7.796965	27.460154	98.261988	20.640855	56.433591	21.140352	150.888269	33.367443	112.042403	3.796095	8.816401	12.838855	 
24.713711	6.407812	28.554976	39.188160	91.164632	55.084025	52.415695	3.707013	36.293163	58.155483	59.913743	10.798564	23.094827	23.802435	21.023958	34.051763	17.330437	68.548970	8.816785	4.731217	53.783512	10.335594	8.405869	26.710640	12.717640	20.839101	44.742470	2.208035	2.010378	108.322982	18.967166	25.146735	23.309046	78.037137	36.377726	72.022690	25.005693	19.376262	52.649010	30.118875	62.917125	6.664516	17.143969	33.732768	204.342195	11.920294	37.447237	16.510130	32.004624	42.159843	42.726090	132.355985	16.406702	169.013668	39.986275	57.629073	180.294783	13.324221	32.393042	48.788204	18.073662	32.418018	19.062242	1.940763	56.259944	 
22.979988	133.780240	10.343852	24.744644	27.498416	19.212019	15.601431	8.245601	35.288680	2.215843	1.347602	54.119069	186.393845	10.400359	19.209609	4.719157	38.703779	74.224016	39.607509	68.844201	40.258665	16.113506	9.152103	27.369886	1.196907	13.993999	58.296560	3.181080	6.202185	12.248401	60.402316	11.678069	69.155325	33.203620	90.793098	12.487032	36.379308	34.254792	43.825312	31.370044	49.557885	97.806005	6.942715	92.455613	49.827730	23.634461	66.227176	36.877314	26.947076	33.663874	61.030896	37.369497	8.459350	9.432013	6.387221	19.760308	59.515391	55.215262	1.432839	38.283608	16.576011	31.384967	5.945085	62.295348	36.592315	 
85.687833	12.197922	6.620720	3.413092	128.585889	55.423597	51.482781	11.447672	28.807324	20.815483	44.074445	14.673917	31.875852	38.454387	64.214064	13.805436	55.730758	84.202950	65.068938	51.566952	93.828482	51.849767	0.641744	35.345615	29.937862	62.764520	26.097957	8.235007	90.945983	18.099175	79.354327	45.135300	26.926409	2.005748	12.336897	42.001025	18.635837	12.460656	29.060001	22.487283	86.737538	91.034970	0.405999	46.791530	51.256645	3.931210	3.196346	228.665281	39.768456	10.907979	126.984982	28.991554	33.086397	43.394287	52.367299	49.016982	92.350188	11.582634	16.138136	50.353006	36.360083	102.352316	133.760167	0.780431	5.456861	 
32.826233	60.436050	142.924278	31.481488	8.958564	27.206233	39.571777	126.698355	5.513635	18.555964	52.412801	32.742423	30.733819	6.784652	74.109142	32.900874	3.344377	7.077726	22.978832	8.232047	6.920694	63.709049	25.860477	27.005568	65.739885	10.490753	20.135707	7.388361	25.814016	13.845964	13.010343	3.171249	3.260342	82.555692	14.642451	46.257094	59.826924	26.702617	20.722849	8.559335	31.250020	23.555395	41.306682	5.187437	70.129234	46.048919	42.023768	48.704971	3.591913	5.794323	42.673609	11.790017	45.898680	6.826421	2.928507	46.389242	118.547361	96.532995	14.893553	75.612823	41.660298	38.104101	58.927641	55.401582	40.914353	 
23.683874	100.736193	27.100340	63.932753	35.009672	22.102255	3.469860	75.725172	14.687395	31.951159	6.168044	10.813117	138.960332	56.882726	53.812296	42.511350	6.090402	38.955712	24.846034	119.263706	44.273976	35.379320	85.269857	10.997333	2.680260	7.297402	17.243541	89.195797	60.893602	39.564002	3.211809	6.234743	82.957451	35.588809	32.595932	30.329805	13.614791	2.161854	9.610916	56.082891	10.219014	47.806948	6.427440	44.611538	54.805063	26.079875	57.339415	20.700158	21.558758	35.670658	20.807492	55.329736	34.720055	70.015183	90.033703	0.918364	78.094199	2.650289	87.415274	14.234877	6.990051	87.432356	7.954466	18.522047	5.509806	 
7.922198	87.699597	13.471476	10.591457	13.243735	81.080158	2.744500	29.692944	19.700705	6.669605	7.225339	5.613018	129.890242	92.409305	109.937836	1.120233	158.921282	145.241424	75.855911	5.574819	37.333056	12.143397	66.255214	63.618685	14.625695	6.385299	26.376791	51.664378	5.426019	37.353984	44.825480	20.448158	103.152629	156.729616	4.042440	35.368544	162.117917	27.295840	116.888949	37.561727	6.977889	57.919662	48.155581	4.363861	104.564829	51.400974	68.347470	51.869197	35.330750	0.736931	68.459883	101.708828	163.678009	103.381580	14.790581	85.205252	105.420742	0.525080	19.372956	1.934292	5.016157	35.075769	32.309027	51.424476	163.192610	 
21.686957	167.419234	13.035600	49.001918	9.969196	7.832849	21.803210	1.897433	52.341502	16.858678	90.990503	113.102409	82.874762	16.086782	16.134391	58.626385	35.573236	62.898963	52.508750	10.495211	23.019260	4.461528	23.681601	13.466104	57.083077	192.577791	54.063191	231.038374	92.966965	76.377931	9.494047	19.174832	6.383743	18.717776	71.095740	33.793767	43.841645	34.789801	11.627075	19.474209	2.380480	39.253774	100.589672	18.968357	27.640819	88.833080	31.019239	6.005036	64.428179	43.392999	1.367860	16.493717	62.004253	17.057189	3.224862	7.994986	34.045568	7.898386	15.797485	39.777041	39.766405	45.713167	45.003269	26.438592	5.395073	 
81.859534	29.709341	39.212192	77.223627	23.349725	102.987324	25.209887	106.804953	11.328687	24.259048	8.298662	3.997992	8.014023	25.178841	107.013459	88.405171	32.799157	14.392646	7.675197	15.306751	71.578755	38.308992	1.850828	10.256597	106.967398	2.643971	59.553686	43.146724	15.083197	44.390398	4.151102	0.832670	26.788815	2.029548	30.748491	20.953620	8.186917	75.031083	5.594658	22.913303	7.185088	63.698201	54.454161	129.972933	44.721971	27.799584	32.409922	17.547670	148.035918	10.360608	219.549546	26.020592	1.980257	31.270727	5.583961	35.421415	39.689397	25.580004	29.016074	3.730231	46.877462	40.744028	17.510069	14.046475	36.925686	 
27.359957	60.736101	20.760686	12.218700	40.529987	47.100875	31.596481	44.805959	19.893254	0.744386	113.064304	20.271353	56.728660	19.226521	4.422943	68.937420	47.212556	3.289839	55.669385	152.020376	2.007179	16.307494	17.056857	1.832453	13.800983	110.179819	8.719413	3.353922	45.329938	21.555161	7.057564	2.130313	11.047543	12.084176	68.471950	10.266959	83.877882	62.113232	66.393943	0.658807	23.596948	38.490901	73.970611	64.594130	182.246831	28.855100	21.173369	1.335748	120.930490	64.263207	40.546339	34.746851	63.842172	8.520394	11.692654	89.261202	9.068417	19.542602	5.831934	39.039059	12.594491	177.554362	128.665158	45.579807	9.563421	 
43.695675	17.432608	107.242770	12.805766	6.544045	39.140745	69.200212	71.462964	3.670629	23.402375	10.939253	7.136097	26.066139	13.259503	84.606286	14.907858	27.888136	114.640821	5.597573	65.026296	0.464983	197.206880	22.880953	1.429727	26.809617	29.092968	52.278127	25.203767	53.528192	36.469641	23.348996	32.682161	45.323404	59.774500	17.544779	1.648311	24.030434	4.309658	17.950644	32.187380	136.559663	105.548019	38.878957	28.762246	41.723552	31.624405	89.297145	36.260411	49.116949	9.616313	16.483964	1.098993	3.937943	21.118824	30.949033	3.690060	7.421204	2.441200	146.262859	83.158955	62.037786	107.533703	6.607293	9.621289	107.496086	 
1.367194	23.712345	54.406488	22.636715	44.272579	20.710844	4.401454	67.924405	24.393657	19.453937	77.383037	8.533614	53.285350	31.121040	12.971936	22.441252	48.854460	123.275101	2.660459	13.151182	54.391373	71.799563	158.761884	30.474285	4.213856	6.078328	38.599494	29.636614	85.544215	6.918139	21.183769	77.433409	29.201440	57.532664	52.703735	10.894464	30.961552	5.811821	89.803887	17.872384	5.651794	81.685100	202.461086	42.974449	92.903505	20.669918	3.542774	24.944390	107.284615	63.444150	57.990186	5.653847	149.212284	13.868748	75.354827	120.861441	21.533242	45.727884	26.541891	10.610938	25.114772	27.863869	37.950584	40.730774	5.684528	 
13.370412	24.346262	77.418104	22.927190	28.793248	2.373519	42.489514	21.074569	25.353081	63.651517	14.521825	160.836254	0.084016	11.347395	0.553145	126.082220	101.696494	86.748795	1.679469	36.831035	23.787558	83.931553	10.329027	34.298667	30.311918	16.190142	15.251674	9.331780	4.572145	29.326660	35.765650	53.478943	49.760957	16.945935	6.943492	4.135116	22.877923	2.584051	11.091399	3.032793	10.974899	25.356572	213.793810	6.182118	4.071393	16.600942	14.395131	12.636435	14.817807	21.037269	51.234576	72.363664	128.375079	19.471775	20.680460	27.170843	59.020094	2.835196	37.789147	6.757987	90.870839	40.783042	96.524644	33.964793	81.292320	 
22.742730	38.932609	38.678510	18.077956	31.558984	32.287994	41.539168	8.276273	20.871113	51.544508	52.342029	109.355191	211.469726	57.176590	82.470959	34.018387	58.000769	60.023480	16.218798	38.895642	188.589323	0.856720	10.491497	43.360178	8.636441	8.115155	53.809545	15.003843	12.223705	15.801376	48.741381	8.535877	26.094465	90.645757	5.301175	27.222711	59.973151	4.531981	3.346664	48.966493	178.447281	9.927020	0.482816	27.246550	18.614202	27.449578	42.341863	92.970794	160.605066	7.058519	0.975972	5.774593	8.609876	4.444432	3.315934	113.735033	25.226288	13.069773	9.322301	48.562757	56.476218	122.886108	0.544102	23.164517	73.761127	 
28.584237	19.612052	96.831232	5.947579	25.443882	4.735633	6.046702	26.158349	7.363687	140.951032	11.181275	30.407489	29.222357	8.117055	6.935675	3.986415	4.805137	1.118844	24.246199	27.230248	85.992334	5.089528	35.535203	104.916353	54.256536	41.826281	87.981352	0.872800	8.706250	86.229593	80.486682	48.918759	65.969174	3.574714	86.023075	43.205628	32.553244	54.447363	23.730822	6.068822	30.271566	11.656340	48.010942	28.562987	58.280182	47.739856	36.440644	22.502027	39.961615	20.319796	41.730147	101.399092	88.869011	26.409041	1.776109	43.279074	119.118109	18.860327	24.912497	32.465906	49.117371	9.036773	80.834755	257.846843	16.317038	 
45.626314	9.118489	11.822779	0.938037	55.474959	51.911789	93.102190	29.224836	115.394936	4.799314	68.073578	66.320320	19.049499	23.999461	18.043096	1.254156	87.387853	24.474642	105.232701	31.443670	37.415036	32.976060	117.695171	6.496001	31.237524	39.704780	78.108592	19.565947	6.336155	2.261039	12.062069	26.079973	12.642102	43.707353	20.972262	7.240421	193.435147	35.494496	11.425213	6.998750	15.441062	34.981771	38.504197	30.878531	17.295065	125.926292	11.342336	74.313119	50.841838	98.737233	48.400152	1.747466	16.694606	32.826106	49.897985	152.117646	67.916628	119.433598	98.073616	25.182671	19.933962	30.555399	45.944972	8.926238	33.343711	 
19.659548	5.045173	36.799425	50.580377	6.711933	7.542089	53.751112	29.138256	16.952788	26.690369	28.141464	22.505117	2.183750	14.724737	12.396673	42.941910	53.062300	15.991598	24.558774	5.827414	8.137371	17.621286	0.836844	9.564136	132.080785	24.839882	96.288286	21.152765	1.118962	29.144326	23.127730	6.120546	19.585460	40.974670	55.621059	23.878521	70.858869	18.715789	9.252463	57.885924	25.180871	44.358710	26.504430	24.262434	52.224421	30.844639	3.134786	27.972430	9.557096	38.769009	15.404245	25.520944	6.631394	64.179942	51.929717	0.335629	1.976925	4.337664	18.903987	41.064709	39.750472	35.038407	12.625200	30.442291	13.585243	 
42.871325	50.030322	27.825977	34.865495	72.233663	37.722207	13.792693	106.721342	1.051340	3.303293	42.770105	43.661389	3.183913	16.258467	74.058900	13.208535	24.091972	12.409897	34.919369	228.910215	40.741175	19.939391	71.901372	78.230075	26.280320	6.612523	66.136227	51.095056	19.921722	13.522120	10.935087	78.989055	2.044623	2.649297	23.593594	89.200113	72.754529	100.503670	54.024604	31.211163	72.080254	3.687598	46.245950	60.193674	28.288858	31.478942	70.965813	4.298440	14.413190	27.780737	109.632404	63.197431	77.060566	2.980917	0.203501	173.423118	77.426091	23.339617	2.671530	15.177980	12.116146	74.793288	5.386768	12.869779	110.099520	 
2.161862	40.123442	38.069044	5.225493	74.131483	10.419527	44.635862	30.397718	41.249793	35.392105	83.614014	29.484058	12.155535	12.883135	12.577985	82.058340	57.594434	26.514867	4.457053	17.725949	15.574465	32.668576	71.909512	9.357354	105.236491	53.654871	19.309742	41.665598	26.732069	5.875367	3.255281	19.727568	1.522458	2.787088	33.881497	13.919608	22.169304	17.569641	6.947397	7.404602	8.853561	31.034815	90.727328	54.869327	52.569743	45.907615	0.478462	47.240351	82.786204	16.922056	4.268723	3.516029	89.595031	4.177275	88.158045	18.510944	36.309745	17.481142	29.523796	35.045670	97.949682	50.469983	89.518771	12.753075	19.690359	 
91.028959	1.658761	34.040630	9.656782	85.019560	17.130191	10.715781	69.326387	45.441939	14.859916	7.366189	25.304501	57.591869	3.823053	31.516329	23.131915	1.427330	53.935336	13.469188	10.083782	24.663104	11.294731	36.297353	13.813604	107.172246	5.036284	76.425294	85.789694	6.558643	59.263473	20.684349	35.913596	72.006812	103.158048	3.540010	103.279453	189.975410	9.599189	114.843542	9.884490	103.564688	5.563088	0.549930	8.092985	58.190468	26.753144	4.769982	60.592950	8.620313	67.896752	10.779419	82.104524	20.526845	47.925203	59.728734	23.361586	89.372035	62.445968	3.993270	14.205906	25.550506	88.525522	36.694621	25.053186	29.754643	 
64.321459	100.063799	54.297745	99.020458	42.557818	4.301493	72.248764	11.154433	38.435350	2.436561	114.486765	55.265196	18.547006	24.331843	33.577000	1.026505	16.865492	78.302706	102.155062	13.635893	23.003032	10.932442	33.980206	36.068258	62.658865	57.373790	47.452059	76.294072	18.943496	11.291462	112.289170	45.714890	4.368740	12.803170	35.485271	11.925456	77.979844	113.538411	41.615274	33.259789	73.141731	47.325692	43.649317	13.767740	16.771709	57.379122	59.931669	35.995238	79.699391	1.924927	5.255838	85.066910	14.510974	13.429065	56.386894	21.298448	24.618352	8.901538	85.217254	6.542013	32.368732	13.978722	32.419794	23.191113	7.071499	 
49.384557	7.267696	14.990998	0.946523	10.566120	33.975371	3.002246	17.366423	11.269669	64.926821	4.288037	12.357686	114.707988	18.081864	65.778582	19.594769	27.373155	5.930093	66.764204	67.217005	10.144057	6.509108	99.729119	28.326400	17.725296	49.993545	5.458963	5.524682	5.794676	23.443604	31.002300	17.227366	15.187176	0.671721	20.872840	7.388041	16.949929	5.800524	127.946356	42.613599	14.220855	8.777611	7.412029	34.094266	42.780515	0.359216	35.162882	25.663491	1.272958	75.920026	156.313367	4.676115	5.706095	19.272718	47.551247	0.782886	80.686812	36.759093	15.078663	13.002714	13.538413	47.310971	46.627537	40.445724	38.917549	 
21.396568	3.032607	56.933680	11.424198	6.103781	69.068920	4.410164	160.732034	17.007612	53.063975	130.270685	28.939278	31.019238	42.257425	34.826790	2.463102	60.339839	50.461945	1.552721	20.920194	38.947307	7.290764	2.433232	44.830440	16.930712	4.979651	53.330742	24.210471	67.912132	53.724915	99.202009	95.880946	29.531273	30.996369	44.850400	32.941308	104.116864	82.027054	14.708112	88.026519	55.946772	54.412603	9.594811	67.019567	54.418746	90.545156	2.960783	7.181789	60.398611	37.352647	18.382311	15.961380	30.707489	7.342238	78.958456	22.728152	57.760936	35.902118	85.022932	28.471287	19.698656	109.576179	4.816416	46.614687	50.788833	 
72.966284	30.660761	79.060462	21.104475	3.376357	3.877148	55.925875	10.202521	55.814446	9.605274	2.684750	10.894614	1.686178	41.154344	30.595262	45.932991	43.691050	12.590522	82.605201	96.623468	59.601578	6.988402	13.465185	10.651067	18.011244	89.760384	66.565384	29.761076	52.460390	11.367151	16.313534	29.776313	21.790001	34.440845	47.945633	7.637177	3.322976	28.982193	29.356958	22.037433	10.524646	59.438276	89.344884	24.400025	4.320177	0.289185	19.172857	36.956111	37.617192	91.126602	19.768955	34.314470	11.184494	121.305315	26.356684	33.394061	15.907568	33.997791	64.727440	17.067006	34.309853	62.801048	35.657650	0.247971	258.517682	 
3.620844	40.112320	140.591439	0.828336	35.798027	73.142771	41.109216	4.958838	39.049624	60.368816	42.763426	14.300780	43.633772	23.355610	82.374789	16.105370	31.068512	30.578657	26.348145	73.892618	99.054901	13.722318	29.240493	26.978344	15.786983	104.617597	21.002113	65.690087	7.839352	141.128719	26.538490	32.377874	103.932871	79.080764	3.587386	56.267624	38.866710	41.312251	48.971253	61.083366	1.015013	55.006460	382.281556	0.983794	15.110246	112.246594	33.333190	94.003090	50.958102	124.299989	5.193120	14.755456	27.357505	1.594226	22.806307	24.920392	83.882440	18.881935	12.265275	121.503192	104.475997	36.236403	80.483463	7.651521	16.043907	 
1.901592	8.554836	27.825210	91.380188	123.467011	25.460745	51.941324	27.994944	15.479353	47.314891	3.607973	0.826556	70.102118	33.599607	80.096765	3.199387	12.760519	58.391385	29.170480	71.363932	3.356127	2.900240	38.593752	93.616370	145.014278	9.261746	8.242986	16.533459	14.838538	10.360772	56.192370	131.575194	113.906075	7.284999	3.404990	34.221311	78.503364	15.844399	114.809308	92.233814	5.176184	19.842735	61.302904	141.921032	59.769898	109.307134	17.209069	9.079774	40.325647	132.394586	18.216240	68.580785	14.507680	42.147901	16.350271	44.629038	39.218014	55.454705	278.433679	18.291433	1.020599	2.118071	2.069584	13.690879	2.146955	 
24.151194	6.120111	31.746813	44.173013	146.949532	60.010074	70.943148	31.915489	17.583041	2.502850	26.035727	45.184138	82.929743	224.893945	36.924861	0.905137	6.195575	18.482341	27.304458	3.079325	50.507118	14.923487	1.930701	29.949193	15.359895	5.695298	6.392700	5.659536	32.313810	186.086747	4.773131	2.531516	6.408387	22.979666	20.950547	36.038199	4.059208	46.749374	146.148134	34.047450	44.482813	4.503721	86.921679	9.315887	11.559144	25.409004	5.115536	49.961021	19.686348	41.377676	3.017563	8.680470	2.639699	3.608248	16.564349	41.885842	4.456410	58.619909	8.429833	16.073576	84.971240	36.661419	47.786977	34.485911	29.651382	 
12.744987	43.064739	0.793285	33.331441	11.261603	2.813997	16.819136	15.935545	0.663530	37.877869	23.801789	35.042936	23.368859	81.729461	24.864428	10.509458	13.753126	10.038725	22.830829	80.618498	11.731651	4.045883	46.943715	48.128122	43.544356	1.049273	25.431634	16.676891	39.366294	29.217035	16.822347	0.419548	0.403914	19.188153	85.792629	17.640301	5.785710	16.053649	101.412580	12.829610	31.303444	2.885824	75.287830	92.902849	17.108615	29.950789	48.417332	168.414425	124.686526	2.480383	28.204990	24.212249	21.457169	23.302801	56.087637	12.810396	24.514841	35.924224	18.871988	136.799421	58.036593	13.724252	31.573450	25.591939	33.424500	 
18.123541	23.491237	34.484230	52.427501	59.324323	48.924160	1.978638	34.491524	16.594540	13.280959	3.923467	30.561180	25.669680	10.527806	6.488062	33.002178	3.236238	34.409662	29.013476	17.482273	15.517392	35.131587	69.112176	37.645489	138.422397	76.566891	7.780422	18.653695	6.859041	2.363218	21.067624	17.104984	11.710257	35.143946	85.582652	1.301464	0.551375	12.675440	45.651136	43.647246	35.044102	16.670686	199.721712	64.669451	11.158322	11.389150	27.719000	9.668914	48.694423	15.414414	62.109354	24.552022	8.636262	74.147740	26.475578	19.985841	52.758599	13.408320	15.901770	21.419056	81.148471	86.230718	18.367731	59.277091	31.354846	 
46.361714	8.278687	44.488943	21.084928	6.125603	30.031104	24.406752	4.165840	111.212746	31.219889	59.813761	89.988407	2.893492	9.372102	84.139181	69.799427	52.332935	62.620507	206.617898	80.206353	66.181582	24.688514	37.644768	30.365873	23.403645	26.492357	4.482649	12.238474	78.433665	2.233885	41.222481	19.289814	4.455209	102.230788	5.264943	24.301273	12.796303	7.145906	25.688738	41.344682	5.768443	4.414536	33.928332	60.053101	94.870693	76.540470	98.862831	82.473675	10.753576	6.795396	61.447977	15.652324	59.121929	4.214621	32.911803	15.764897	12.543047	23.907458	18.569343	95.384443	32.686943	8.044234	23.280425	55.919086	0.802470	 
54.672078	12.689801	76.916082	18.606156	2.623780	1.620784	20.674270	44.032028	4.308116	32.169229	7.976804	77.240470	36.716278	19.212567	4.060781	0.962311	19.734821	16.218254	20.900398	113.468946	11.290796	103.456275	7.077934	6.236361	19.432606	10.016705	15.689733	14.296784	1.024407	50.222439	8.404148	48.631905	30.718919	1.379704	29.638220	65.811694	82.417739	10.614062	25.460176	18.976331	7.881330	10.461864	102.737613	6.014630	33.495606	11.408731	32.221519	30.788022	18.515474	59.149704	7.117239	115.230614	6.191892	10.265025	36.134554	73.394126	63.389603	6.381330	24.274295	83.507960	28.054673	55.856950	12.384845	47.257501	36.431752	 
125.181168	29.474632	38.031635	29.932407	40.641226	25.587339	55.216767	40.509619	0.553547	117.918651	60.388261	35.617574	3.034800	65.426497	81.575764	55.781140	0.929140	66.645536	69.768562	19.920728	39.575066	20.598239	83.541620	16.387321	59.227847	32.157202	44.824092	36.655741	37.508401	109.273501	64.336967	1.371858	55.769942	26.488578	62.753365	42.364925	66.420484	50.371885	8.825164	44.527765	35.130651	2.977645	42.250682	39.660149	63.665279	53.643810	2.560245	4.653382	77.153340	4.440926	1.991584	89.557631	42.126909	17.830068	102.279154	2.418742	52.202079	44.385007	28.534445	18.437219	6.156766	49.213096	55.314185	6.633024	21.066805	 
37.998117	12.102470	42.371236	96.114046	6.768567	19.431549	20.467754	60.312148	30.676100	25.291297	12.876902	39.669618	26.167944	23.021225	74.406954	2.485070	6.227873	38.468629	57.821965	126.709717	4.832485	8.413204	1.767345	47.219414	56.159020	17.571432	27.477142	16.214866	90.512910	45.056354	29.893838	18.311312	6.311996	97.262199	64.378573	32.675065	74.741961	32.181201	24.634232	62.025458	48.176117	43.346841	34.856110	14.265778	15.152046	47.214953	58.460259	6.339483	102.070472	108.794829	50.427179	44.967087	14.233772	57.375022	72.378101	20.052533	97.274869	2.248647	27.919048	36.496068	143.634781	9.842012	23.647321	32.969855	7.348307	 
123.830302	101.042971	45.614920	8.235111	2.551632	55.661186	24.884590	59.784826	13.945063	76.814660	25.487393	29.077407	25.658657	19.248389	39.724104	24.450731	45.290705	32.583502	13.588644	10.704236	25.894439	14.950122	2.715421	7.184995	10.868477	14.435075	7.919498	72.679294	32.430445	26.760946	204.938558	102.347662	4.186887	17.942130	159.720175	29.777374	8.428095	14.528952	3.890095	16.528994	24.425404	7.623699	4.244542	27.693954	48.111872	8.385439	25.675550	41.481751	5.438928	14.294883	11.042718	37.475191	6.529761	21.158488	18.591180	15.048758	11.505763	12.740882	38.602340	33.741922	6.433623	57.154570	2.790571	183.709497	67.075694	 
29.403669	7.761390	6.491048	34.798853	62.518623	52.893305	14.135665	65.551531	3.784961	63.931493	54.436017	67.751655	10.459972	77.785901	45.088209	30.654136	5.220071	18.847792	46.459468	39.674445	35.573422	25.653702	105.897308	32.816520	60.121771	17.644068	10.524913	16.497796	186.977687	85.146649	127.950363	131.717576	1.540558	125.425278	2.644611	18.296823	119.719029	107.399951	1.433898	15.799382	89.188794	37.776057	1.717428	3.951562	72.302280	22.800918	4.955800	33.906842	35.178100	8.678622	4.865808	97.420350	11.220009	13.038992	9.912054	125.542242	110.619862	1.384935	51.372337	13.513917	45.479424	4.893108	20.687179	21.214168	19.470218	 
36.844333	88.632790	59.655951	27.483253	18.622297	41.120949	4.410768	16.328148	54.508771	15.056141	68.551207	276.533860	0.455379	210.781055	118.044264	43.784439	6.949928	32.971738	26.056783	22.084981	20.051032	55.528048	15.333815	13.080832	62.746027	49.783425	51.398271	89.425001	13.016186	128.395754	18.944245	50.033887	2.745432	2.609936	25.759188	14.070595	35.311983	52.418108	31.598844	231.640354	2.150816	104.832601	63.109714	17.168203	99.651818	64.878544	39.580272	54.896390	5.691722	74.439095	44.124889	17.948998	35.514558	65.410846	74.348298	32.227995	14.074196	18.041989	44.661339	4.282519	32.759072	12.762796	6.003032	1.499248	0.510188	 
35.413781	32.643176	3.106979	16.226237	12.868873	3.931618	17.664199	29.964739	33.381260	76.471912	7.037647	11.329346	72.529512	5.824141	64.291716	31.199243	34.917952	9.154845	55.399707	106.451683	61.431465	8.601352	19.673933	33.586843	4.955100	52.265804	19.792004	3.600674	80.225187	56.851220	57.732277	55.296220	174.119193	13.812295	40.341804	34.529997	22.334254	41.017753	34.247931	7.996685	36.936321	20.652644	165.531279	25.315750	81.018216	14.000397	0.946499	11.784592	7.534165	54.681807	11.958470	147.410767	36.841970	22.831603	5.703845	5.369611	54.998446	39.618064	15.805186	23.734550	6.915923	18.042374	6.237311	9.686549	42.536618	 
5.625810	11.008596	3.984438	32.944315	13.951824	8.414065	28.222147	9.785879	63.120566	98.839831	31.020423	19.842243	81.837634	8.517773	5.550988	13.149894	142.672067	22.159215	57.694326	4.762236	34.103232	31.106332	29.599825	76.158615	13.586571	33.743917	3.075648	28.092434	15.557068	106.942200	32.843342	38.710449	12.498218	60.479436	21.939777	37.481604	6.897231	3.101734	20.290902	19.744348	11.449746	90.159924	134.166441	26.609160	27.292759	76.621440	11.057965	179.937350	43.248422	15.395927	49.333446	13.479880	7.794140	31.577190	26.895585	21.966837	226.238887	12.267454	99.552134	0.204335	42.868738	38.565863	22.970990	39.199341	33.409705	 
122.316058	14.571089	10.619458	16.386659	48.606115	22.181782	49.657924	69.419572	9.154997	178.134831	57.462057	9.440190	33.832515	22.006296	71.332020	58.951393	1.616143	22.710843	9.970794	102.763594	99.777276	80.831371	12.060342	63.164451	10.365547	14.479123	43.314842	21.148012	79.462260	34.792946	15.953715	7.913436	66.693777	32.770590	6.909747	148.701405	10.454575	31.983567	3.871636	11.225545	30.456137	33.210621	82.757774	17.078204	4.117946	10.017644	58.144503	142.954712	31.383557	19.842277	65.176296	2.273639	2.895262	21.954342	65.906682	84.641028	25.914181	18.968108	111.929927	67.451327	9.984573	55.482059	18.868471	8.183382	70.033996	 
33.484175	7.823769	12.267958	20.143349	35.897788	60.042915	23.491259	21.801398	3.080425	2.978714	3.129645	30.243925	11.963982	52.918478	42.327685	15.750467	29.512359	14.343333	71.760456	12.884801	58.714296	24.260410	91.506387	22.438032	42.852845	4.804076	12.178217	15.630146	1.734394	158.774630	10.621692	83.334889	54.252625	63.535368	46.099763	91.990586	50.969145	69.555243	48.623938	1.147103	51.465432	30.032912	22.527374	42.373573	32.777061	1.225574	8.812819	37.348988	33.605167	8.871814	85.028948	18.584201	21.055072	26.605254	24.756856	10.372068	86.754518	2.470332	17.689699	44.959555	16.488914	62.939392	19.220047	30.188350	61.955046	 
179.602458	25.780744	7.492045	14.120838	1.418482	14.150377	49.981923	59.683544	107.155379	165.219349	3.515154	4.774201	117.203474	36.636507	21.512174	72.714837	71.430392	19.052678	124.835977	50.394880	10.006170	64.805362	0.729593	21.393778	3.274595	31.146433	4.532843	25.147926	61.251517	17.442993	42.047546	15.244650	36.252289	84.825864	7.767407	52.498081	230.620427	2.319798	27.005887	34.466584	2.090044	81.547335	9.196257	160.809637	34.480679	128.441415	29.489614	84.608409	34.932131	7.117114	1.571880	7.429749	59.410129	45.984071	152.564820	5.434799	10.821865	1.420000	38.338120	28.197246	27.216100	21.855628	39.398097	41.858710	8.355611	 
31.773975	13.137286	7.233765	136.227632	104.703327	33.083877	24.713768	67.108596	93.424211	14.752004	8.071323	60.012279	13.664041	2.193007	53.238652	11.807212	162.817667	116.918724	22.553861	94.687949	160.510950	1.147528	45.700846	53.785316	58.721506	21.273520	14.550054	5.905006	50.469604	26.931108	44.806040	0.836371	9.752346	23.486714	6.139618	4.993618	21.698319	34.082580	49.408762	16.742011	10.840472	6.824486	3.780680	71.967473	7.833001	38.831410	99.761437	9.055444	43.520500	10.870187	47.225152	5.625852	146.915295	10.049813	11.411293	75.769663	66.328320	25.624269	49.384058	47.105448	38.200182	52.165367	54.242908	0.711241	15.471230	 
59.901442	67.527255	107.821027	48.798523	19.831455	24.950885	19.294656	95.261316	45.775193	31.935046	90.585712	61.557447	46.863509	49.292419	22.381994	29.219179	19.963316	16.541282	14.670212	42.937568	40.914082	47.883361	79.758105	1.899389	70.757971	87.858870	16.349062	152.078111	112.095132	31.489351	19.485756	75.765437	3.141517	3.803030	68.214649	41.912019	156.552167	27.999035	18.401743	114.710875	38.739466	140.461924	1.506120	61.128135	19.738882	4.211520	51.854008	93.807546	121.424923	9.353578	204.640763	0.572795	64.675748	15.610185	33.353824	24.855128	21.338394	48.350876	76.798817	97.405308	7.014553	14.145387	3.068338	23.863713	8.309642	 
43.123842	14.788337	18.511048	62.158939	2.234147	12.459067	45.677371	92.805110	107.832336	5.058885	49.606480	7.194174	49.875922	6.134509	36.352919	39.873174	49.348811	7.598940	3.662416	9.257262	21.910981	3.293057	1.025809	50.227447	10.293978	14.918761	56.960646	59.260649	11.394589	9.098651	3.985113	9.455125	14.471157	116.594008	13.941090	42.170556	60.098502	36.049182	97.920844	57.854219	14.229020	148.616201	61.275345	4.215095	12.176432	42.864205	5.309375	30.403195	71.619439	84.911315	156.640300	110.326495	4.023603	4.312281	13.163791	10.597378	35.113282	9.991650	62.429588	4.254690	44.461230	6.044485	48.997695	3.802460	88.872557	 
64.696951	3.118258	11.850669	50.164209	65.188189	14.295809	95.293949	51.783175	61.338542	95.558964	49.530406	28.324317	174.239056	3.525399	17.233488	26.092887	63.874204	21.276874	34.120530	78.618052	34.714679	72.319345	30.905152	24.235229	70.613496	17.806059	16.311535	86.131665	53.348471	34.530455	49.161237	24.829244	55.868036	41.434940	53.421903	131.413307	129.027704	85.983040	28.769797	80.409904	35.999859	41.291870	59.836985	77.477325	15.668180	26.191403	12.765772	60.817120	5.235624	31.343396	40.633565	45.714826	16.403634	9.471196	15.584829	16.038987	8.372395	4.612818	9.232640	163.523386	5.251654	77.574066	89.605155	31.819149	33.612357	 
3.630934	112.603050	10.561778	13.418994	29.071849	36.902602	12.250851	5.434654	26.430926	189.746287	9.513840	6.460173	18.991843	147.874419	13.171778	85.155209	32.440921	21.525431	29.490858	13.334079	0.428197	14.095189	19.560025	5.077382	57.867733	65.441605	12.450990	15.604489	6.321729	17.075132	61.974687	40.180672	113.159173	115.462502	30.217936	50.050603	74.106379	27.310728	96.256825	25.320049	47.146317	9.563230	24.772180	20.430018	44.271796	6.064176	2.654138	63.514879	13.835446	51.084403	8.801742	14.514184	3.263882	54.079788	4.173854	9.520900	19.281576	35.696414	10.307239	9.147868	129.818843	32.391731	64.500390	32.850115	178.399016	 
94.014063	19.943302	20.081730	72.236682	31.197299	19.843184	91.352926	30.482715	69.348148	0.800938	4.495920	64.429883	2.816683	4.812616	16.397869	9.240153	77.456677	23.184271	42.786238	26.946402	27.360533	34.998633	1.851258	42.893827	24.052570	96.562410	63.708365	61.919448	15.660851	51.640151	4.978698	36.739547	17.119350	16.351231	72.321171	49.237740	4.085508	96.541725	27.175014	33.958799	32.165760	27.506451	13.699650	45.955365	15.799918	11.222531	4.282536	101.989980	20.997431	136.399942	45.425985	3.638709	74.597320	21.237413	71.507358	100.087287	12.010517	73.861095	58.325312	72.127609	56.977219	3.362664	13.618050	16.611503	55.569770	 
73.721603	89.012367	66.007508	15.410336	57.581755	24.670121	74.626620	52.304098	8.049776	14.132024	27.229863	11.942791	26.643610	9.746231	14.969122	32.427165	65.062025	43.437858	50.630843	29.956723	88.273537	1.643666	118.365152	21.556526	59.019992	16.634512	20.372482	30.133117	24.663936	41.165207	33.258295	23.118737	51.898649	17.059056	64.952659	23.065229	38.044406	49.858289	62.517375	55.050526	15.148912	0.897367	5.216578	12.897596	101.872013	92.553380	10.736546	5.179661	9.984490	15.827136	39.060534	12.338635	10.246217	30.376951	29.269881	35.918624	36.377415	108.718255	29.644577	2.540530	45.120023	31.569401	9.681471	63.194990	76.001185	 
20.309735	54.379720	50.373039	6.991173	22.887718	52.389622	132.509058	6.090604	61.274408	14.569177	0.672387	6.999524	17.558377	11.015945	4.361240	6.030745	126.549955	1.076589	125.086297	28.200891	27.576437	12.764451	24.490450	54.814991	10.049261	29.177056	5.370814	7.418771	49.375992	130.428897	63.897783	34.072327	17.757187	10.913117	76.804658	43.345929	4.169401	35.893641	23.709541	66.938685	9.977230	274.972068	18.002121	57.496849	48.177138	18.868911	6.891442	70.308810	0.072227	26.099205	33.548379	1.811971	4.895870	14.683341	6.495019	3.791027	29.832981	12.088098	102.288303	63.522356	71.722867	38.149812	17.938710	37.399976	59.890452	 
13.610414	25.722599	9.057805	44.617701	12.260477	61.874010	5.537699	91.266021	84.206673	21.187084	86.850233	80.820874	79.033221	22.207297	130.103525	54.763081	9.885546	11.918675	17.402379	4.996491	157.432528	2.015554	72.907428	1.071916	85.518607	124.209678	0.700228	9.545634	11.999414	42.708409	21.667593	28.839778	40.479711	15.287597	1.753891	41.962429	94.152419	169.016098	71.636516	27.718052	87.316452	41.815603	41.065569	20.119539	95.400105	6.419745	61.945161	4.214818	45.600750	8.353137	5.563256	10.477408	7.925626	71.400173	38.978646	1.840437	59.324021	15.575833	3.183052	3.295038	14.473112	24.690378	27.239054	22.733422	29.823901	 
45.850653	54.048925	20.548144	73.861183	16.894540	1.996434	5.299265	107.936474	3.268389	109.345480	54.835995	19.533688	23.036799	166.555509	16.107114	25.754788	10.916467	66.544007	7.301535	83.366082	37.087734	112.792568	42.335769	12.942833	10.978909	18.722613	2.453643	4.751193	174.063757	31.172676	51.431645	53.707744	37.409314	46.084668	2.125795	17.934000	40.864640	58.839904	2.752215	15.988873	10.227868	64.610387	12.019947	17.784334	62.978279	2.940085	17.038703	89.604339	25.243336	37.251823	1.218731	23.938986	151.297605	27.787853	3.958740	58.813001	45.898265	24.635384	74.237143	38.134834	0.999658	3.226635	2.499602	38.228493	23.424661	 
46.971242	29.634960	2.054807	31.742090	5.462924	81.802535	95.454172	2.730414	16.966643	20.355626	11.658917	14.115876	33.133965	24.988366	24.587486	24.238802	69.934267	16.735341	65.882947	80.101797	11.839251	3.770056	3.678785	78.932837	2.059458	40.835839	29.917458	58.668779	221.981491	7.065243	27.979665	19.190002	76.550610	2.991253	1.332117	12.753280	24.769230	57.584528	33.955937	0.595766	9.422025	76.660268	30.940229	19.974981	34.838983	103.807636	36.140040	16.265243	22.242074	21.102155	97.866543	29.485147	4.503724	46.259602	74.049893	50.135834	10.388111	59.440756	1.024464	33.556612	59.850836	14.599130	119.358336	14.320281	35.745502	 
33.788863	38.498133	6.193747	10.135020	97.564165	17.276573	2.991949	23.578991	57.254256	51.088767	15.094005	57.360169	99.922293	7.953180	3.020595	226.425085	20.735278	3.969550	49.119614	19.863797	12.154611	18.706613	18.569730	117.831586	40.758053	7.632135	0.586500	17.181616	145.690490	79.216065	1.687314	69.095621	3.236951	9.196282	64.372085	47.679281	0.945376	35.126786	6.282889	23.439694	51.764150	49.754057	50.420169	2.787824	109.102542	47.647500	25.277164	25.713657	23.631304	12.300266	73.737722	27.916199	2.439221	65.110158	24.680132	25.905088	25.813172	24.012179	102.755246	37.511646	28.249572	12.855246	69.182791	25.727861	43.621516	 
35.477974	28.643043	3.528841	10.384389	36.307471	2.008940	71.293418	46.038254	8.120157	25.754398	36.558149	41.910996	12.668267	4.284335	54.787220	24.072336	37.528295	213.848397	3.909247	76.421509	10.039237	1.274295	37.720675	34.359941	115.286218	10.042734	6.423427	16.599598	30.091281	61.543212	141.670170	13.820752	20.912890	5.516140	56.038945	0.634984	9.083286	29.811384	38.936099	96.187981	17.251884	24.642085	20.548781	86.917704	10.646387	37.385721	86.413142	7.305542	44.031272	83.939639	1.316606	41.080785	5.940443	2.340721	130.144265	4.363277	66.705765	9.448787	70.344642	3.843811	35.633032	2.082759	43.530958	17.318895	72.372466	 
77.186438	63.267610	88.218632	17.833927	58.155650	49.493676	15.344562	34.949934	33.591624	1.387295	2.508007	17.938470	5.716889	12.007266	16.851622	76.701099	9.174974	37.170388	29.692114	20.680831	13.310983	10.553472	12.275256	59.212654	19.975406	11.935978	53.954274	12.803899	82.330206	37.054435	38.249707	4.823712	2.925196	104.433443	217.263663	57.306618	120.996892	58.385054	23.594889	97.681955	77.779871	78.870773	22.975035	53.480474	68.188614	13.504988	2.932666	49.928793	72.303319	47.385048	33.601178	64.234368	8.475838	119.840985	5.578862	44.675400	9.510789	91.413771	6.819633	56.833892	48.464637	63.441924	109.397182	3.269194	3.317124	 
6.410302	20.289540	134.346289	78.225343	9.376006	125.654776	3.550846	52.680392	41.338685	40.082426	5.279525	48.883836	51.804798	38.477312	26.808885	37.948384	4.874293	48.938475	57.998775	12.246031	90.676093	30.549333	76.293825	74.751791	18.872690	54.540910	22.149133	10.812028	3.538121	18.569838	18.959563	24.871326	1.195622	29.724045	20.268248	3.349403	222.689034	23.357705	19.157497	14.937451	40.174193	22.117647	37.562022	47.723744	67.605563	15.719527	39.246156	37.146266	3.255374	79.572511	4.721410	44.409092	22.158331	66.013723	16.945565	4.625867	11.929790	58.555203	27.911364	7.204222	0.741596	19.057650	80.517204	7.404444	14.124189	 
58.750322	146.607739	14.910099	55.532032	7.273995	14.151097	114.834657	29.071063	63.924131	71.157062	114.890161	170.797880	15.052699	130.709064	11.181588	4.185611	236.860502	72.028347	54.609513	11.948379	15.020923	6.861158	46.798513	10.719004	47.748289	164.394544	1.162313	15.435396	15.979708	14.123319	10.394705	139.836037	107.692095	61.805732	4.867045	5.437818	13.215428	1.527072	45.435259	114.422541	27.037619	25.217047	0.345942	6.021261	53.769345	34.481318	26.672201	45.082142	96.960272	21.325141	8.110106	24.342193	8.700362	30.782324	8.239825	15.530980	16.284176	34.147009	114.899321	13.173688	30.201760	117.520226	1.399481	34.617121	7.644428	 
17.194435	21.432872	24.393260	22.714773	13.082313	16.400903	68.344167	70.466442	7.260776	44.209953	15.908657	3.710906	17.225802	28.451536	11.127568	18.436545	160.070981	46.503730	40.324771	114.646828	12.952635	90.208695	39.089594	51.022917	34.962557	48.900596	87.009101	6.335975	81.283171	297.058762	66.095871	11.497068	10.433848	12.297944	140.580127	26.520589	0.695971	27.368860	46.938046	7.062621	28.623451	50.592969	78.198800	1.028567	27.402825	34.121346	5.208530	28.971035	25.875581	5.847232	76.902752	44.590605	11.703189	94.701917	32.973119	2.488287	25.441555	2.598765	37.402783	122.938739	6.446786	54.355537	76.209637	1.833130	8.961155	 
58.185860	96.306840	64.367456	59.140031	13.385649	26.654343	43.470827	25.097936	16.720033	63.090302	32.656006	51.574982	1.763476	21.335450	30.340526	53.721527	7.090601	24.613523	55.694071	1.508755	27.123528	0.609283	28.298100	78.474827	100.815773	14.412891	33.149428	44.134639	9.640544	4.801651	56.180275	104.061002	94.901052	28.914818	11.228562	10.120179	31.741880	5.093327	24.261450	27.966402	14.773467	17.446021	36.021420	2.575220	123.410376	1.508872	209.487915	77.191867	59.494446	39.956533	72.207560	33.760980	38.275200	34.946833	29.582568	25.409840	81.083898	28.307249	0.358414	89.158532	11.644578	0.958780	99.104760	92.805326	6.976861	 
22.473595	54.104346	9.464725	18.879065	143.442674	45.853977	61.892551	52.569282	6.744366	6.959736	46.483952	12.030808	17.342358	0.798835	27.063983	120.126614	17.168461	112.302079	183.778147	117.550782	30.926735	6.550888	85.962140	52.872990	13.814357	28.708271	15.208888	6.614772	2.330987	182.513595	12.967615	8.466622	13.380491	208.145817	49.256286	12.855571	22.522614	20.378876	34.995929	1.484474	28.598499	176.609726	20.019044	69.083925	7.049963	27.481670	6.396406	52.876440	51.013390	12.161480	1.859489	78.510152	19.028119	32.149229	9.173475	2.440213	12.730873	0.802419	35.352501	8.914358	66.324545	32.885955	38.841301	6.498157	123.413846	 
44.030116	69.354141	139.943151	2.666069	80.568759	15.778439	29.782795	19.092705	216.282299	60.990026	79.234972	75.705739	15.978654	1.617502	124.790473	6.044725	82.334656	32.924829	64.500397	13.514825	79.576985	2.521591	56.729468	89.630896	58.476080	16.403377	48.670639	115.719353	29.699346	14.802284	57.647415	12.356108	21.626409	37.140121	19.224516	98.519612	50.912403	182.037669	33.755098	5.923428	21.398727	73.234066	33.145026	30.586179	11.162005	63.017358	40.668828	42.317147	26.116231	48.136395	35.169543	10.919183	2.469034	26.217275	22.752451	117.801894	12.946231	8.010169	103.658020	41.016565	4.395166	30.495395	65.385517	15.641974	150.900889	 
17.521100	131.790729	1.512479	45.756332	30.767358	3.556863	30.763510	10.340540	168.114682	24.344379	70.533940	5.929365	2.336627	40.935333	84.557511	73.577324	31.170962	36.848815	1.939328	12.505183	10.633330	3.159471	1.625406	8.857229	12.856967	90.976531	41.316103	98.714446	45.491361	2.531704	33.826099	25.055408	136.461127	67.186799	82.628446	5.302926	3.877178	37.794213	25.413039	12.434844	55.184254	5.062822	14.068733	8.135365	29.341154	26.537735	44.565157	154.801064	58.804555	0.692323	9.070104	48.968879	36.798249	12.479366	35.365130	18.631340	64.771363	4.022461	14.759282	77.384251	81.512688	5.650436	179.021103	23.984832	4.033672	 
56.208641	28.934206	50.382676	179.834103	114.595417	9.039717	13.197343	9.878431	29.433562	44.599037	109.110325	32.802677	5.547532	4.197162	68.255180	39.372509	253.959796	29.459335	39.569995	17.876901	8.034418	129.594084	93.908629	125.398285	170.306719	69.863366	22.114721	8.937185	16.033150	128.904015	51.704643	65.079151	136.743428	54.076718	27.320706	28.146206	13.755357	81.969130	4.456609	5.020110	5.943627	38.653794	4.105185	74.980824	10.049700	22.861265	96.870400	72.153634	32.724997	8.534569	23.250995	89.382214	51.790627	95.460000	4.895151	48.059640	5.516353	21.499925	55.282213	31.320478	14.843646	20.571095	6.036645	45.086834	23.351911	 
28.891265	70.366937	18.851150	10.603994	15.114460	62.773100	38.332188	31.042992	9.514285	9.616559	97.469440	80.326508	17.101427	33.305751	41.946794	27.676749	50.601457	1.156282	55.112637	69.717518	48.378698	3.337134	23.448523	158.581844	13.842036	29.295730	0.637346	43.411933	44.094884	7.318375	65.742491	17.361882	36.586261	7.614990	30.023811	13.744009	22.278975	17.145305	139.469962	25.623445	19.089287	68.363432	42.811787	111.575167	7.719549	29.798167	31.088112	98.380915	162.609226	35.075066	6.170926	17.184738	91.226775	48.171894	30.706741	23.858396	30.644751	20.845150	15.844798	165.047110	21.107999	119.518719	5.892346	5.933809	9.063008	 
36.103253	14.447959	1.976332	4.759592	36.575249	41.467264	15.923664	31.495290	0.922441	63.245093	177.877095	37.469478	19.458307	8.163664	119.828080	49.343349	15.909549	123.855688	102.868276	5.222328	3.050013	36.700547	77.566834	34.421955	53.038159	46.616669	81.614954	90.335756	3.890513	29.904706	1.421374	41.620328	17.302080	70.542214	14.231471	57.459491	41.970112	21.174497	1.031351	68.297011	39.967225	12.795562	28.704717	16.467200	83.725097	33.094832	23.470616	138.485943	63.758643	25.547363	14.097920	24.007443	55.404272	4.496575	18.004707	121.904437	107.502773	27.915769	71.768622	45.993680	16.178742	184.966341	14.836631	22.864698	4.739902	