64
0.000000	11.083909	28.639811	1.525383	23.387614	39.677872	88.833464	23.605317	3.976083	5.816600	0.757646	16.072488	14.296984	28.542337	24.229020	2.498491	46.939371	4.178536	6.265354	100.883737	13.518314	48.854368	61.171348	17.786407	5.869891	44.015244	15.081003	124.673332	26.955012	47.252133	38.950820	25.380832	1.067976	5.048800	42.586323	56.189805	81.937593	6.963248	23.266124	13.116497	69.548213	75.080889	13.761852	6.246521	2.237916	21.135148	12.520471	16.644078	172.795579	24.920557	109.592479	3.420214	28.360290	5.178660	107.132996	62.125827	55.816680	33.124705	38.870831	4.520248	59.216727	4.066235	12.299778	40.000701	37.120561	 
28.142562	1.735028	14.013870	7.359979	111.685058	16.559443	34.294466	39.510136	18.379715	105.539750	11.074113	67.048670	51.594481	48.299437	37.874219	28.583470	11.420069	49.817837	11.659954	17.266079	22.385829	46.699017	3.291637	25.744281	22.350080	11.632002	37.064799	68.417177	7.128618	89.680391	28.851091	3.474005	13.113092	32.898263	118.032796	73.251067	19.576215	4.671044	115.152958	59.450180	50.986299	67.459979	26.760927	28.393138	56.176201	36.821122	11.491612	33.311661	45.495423	0.907281	11.619887	52.443776	64.777715	39.611466	4.156554	0.834291	49.635999	86.375147	64.346507	105.401684	2.059378	149.815358	2.699164	4.698446	15.116246	 
80.052742	7.458624	23.641779	19.862208	17.006276	18.357001	2.793074	6.716390	43.798547	28.256522	29.102758	6.031071	49.732254	4.706224	23.380184	8.068456	49.114868	9.993355	107.802991	14.901718	68.021579	33.604554	47.483723	248.746570	17.157857	31.628506	110.315691	6.648742	123.003199	19.659072	15.031553	1.399982	21.737629	7.045754	34.743694	26.676066	35.715910	6.604792	23.231083	67.764584	18.268181	30.869280	20.655331	68.316901	3.531455	41.718335	81.543089	8.357633	32.990505	10.843151	55.485930	13.321334	58.634732	142.108366	13.799464	6.332175	5.297386	1.341523	16.713107	74.039257	3.104503	27.591845	62.031505	12.097736	32.959572	 
46.426686	35.047663	33.137769	8.631029	21.445600	133.109364	10.138882	9.216645	20.786739	3.547480	106.418012	126.765613	21.503492	149.179513	22.187448	40.744077	27.509551	45.004592	25.216068	57.733851	56.898981	62.515209	86.172760	180.430358	42.390625	0.318922	14.076847	7.414517	8.863206	49.466221	17.175780	6.065527	65.751064	74.706590	54.206628	46.695298	30.249290	44.127054	78.008609	1.246456	55.246136	59.487107	63.125250	46.179441	16.136438	42.044481	17.907123	56.542719	40.659174	168.343828	89.863667	7.101274	72.238765	45.676353	32.096665	25.242522	4.050145	21.955513	7.369050	35.245090	10.125678	80.790753	48.091857	2.751302	13.583813	 
28.562401	53.531951	51.424212	28.173483	1.056555	51.546476	76.305694	39.591399	12.822079	21.579097	54.382972	60.143110	30.646068	41.296271	6.550521	14.721680	46.126940	11.594353	4.987518	82.274081	97.947777	32.223400	31.145371	11.151846	3.740980	44.058130	71.394095	41.562534	15.677567	5.997216	48.262954	18.734705	85.597371	118.207210	45.926874	6.527958	26.062652	45.515066	67.218708	10.449046	10.870314	30.911447	33.441750	26.606386	14.782795	16.941548	3.743571	0.862737	76.030661	12.213260	93.516477	7.055004	12.203687	16.372172	16.131547	59.750443	15.139772	30.947569	20.138421	76.760093	16.263393	34.638693	22.116832	166.602137	69.896566	 
119.341664	23.128737	10.930129	25.811662	24.622230	2.323164	4.415289	55.384750	16.506760	90.621635	7.275340	28.675777	8.546090	16.414771	71.886423	25.543556	26.700082	35.671307	43.055080	28.567656	9.730276	79.483000	113.793799	31.100679	7.081589	10.593387	22.338121	11.854756	28.666738	175.710965	43.055531	36.545666	42.642243	9.096044	90.705719	34.416225	41.848682	22.106448	13.527495	29.727028	18.412600	8.542641	32.918431	39.502312	16.148514	26.332216	67.349581	10.055776	15.976621	17.955686	100.843228	62.603719	34.739872	11.872047	12.385305	39.658070	18.517798	44.827611	37.104974	7.448911	184.735081	31.332707	29.637579	11.930359	3.759815	 
12.939233	10.210538	45.032767	43.153987	18.789072	118.342300	11.742702	73.160100	0.576168	21.276253	5.201408	119.494104	39.081156	115.276442	19.737584	56.527714	48.574462	25.825436	45.308390	62.085163	83.671723	2.022796	17.112449	54.367379	27.908719	41.123098	39.618817	2.330486	175.392866	70.600824	10.178137	6.705168	1.511331	2.338935	1.808083	35.129534	52.658680	64.054675	19.757929	56.961278	133.546862	51.446604	19.383106	30.051274	4.105708	103.849579	26.429627	144.918578	41.820318	1.448002	54.656562	7.171451	12.432598	0.967782	81.723783	40.128179	144.194381	15.709633	26.437782	48.902403	34.616372	30.579863	23.012811	186.202562	25.368811	 
59.483815	237.159129	9.634463	114.488759	26.979209	38.898818	58.364287	3.412707	18.647011	12.971692	5.551004	23.436706	70.329166	80.778944	11.661765	0.827060	17.086542	55.074944	69.241416	21.115655	11.478359	41.533668	95.875741	9.310171	32.980922	27.767206	27.084988	76.978389	31.336432	86.349476	46.046377	90.183746	30.712765	60.521114	18.880134	131.188040	15.036471	2.119668	30.077106	3.182739	68.224357	101.266916	32.086222	39.919543	14.217477	24.698383	38.227085	50.896376	114.274133	27.911962	32.075255	18.272640	52.932345	76.132045	21.273555	12.178372	8.712503	13.537978	45.501744	25.551961	101.240492	6.417714	14.631747	54.999564	4.249734	 
20.356389	50.167620	5.902655	92.239352	25.903609	69.804606	32.302381	18.797066	5.438066	59.526368	9.160688	120.020385	54.025845	1.117566	10.178663	61.603815	100.467403	24.968442	10.112557	77.182472	45.447254	11.064775	37.844330	9.214236	14.691764	23.242483	59.177656	74.509116	10.097848	33.613969	13.471061	29.285971	50.476564	65.324526	10.104948	116.472406	50.689572	12.643405	8.949692	48.442663	4.237719	42.727462	50.637757	30.457456	61.786106	48.636696	187.878368	32.621374	7.820343	100.746203	6.203885	28.729729	11.302985	24.380151	49.186733	37.116021	3.635460	37.281033	41.359696	16.119078	15.961189	90.373395	26.602985	23.280398	45.882228	 
46.752731	19.416075	9.030255	17.903510	76.067283	4.928819	0.411633	17.709522	64.734566	0.471220	8.946999	2.041868	3.031476	1.449214	18.555953	75.727465	81.649639	33.412681	7.405561	23.096266	130.886459	17.467863	103.750535	9.123099	20.014233	27.027816	2.799218	87.361060	1.389674	8.618697	45.706430	94.445701	39.690528	24.299082	80.598709	12.266967	59.563709	4.840218	12.047787	112.863672	28.660643	40.606649	17.118732	5.894764	8.857170	3.707485	32.100218	16.878282	109.206307	17.502232	77.580345	39.489129	53.169302	16.904097	10.512150	13.873980	310.480614	22.728994	113.263374	14.859232	37.119278	72.864367	66.173285	0.810073	11.932421	 
113.591885	40.900026	5.789973	4.810412	45.232871	32.173512	141.608708	15.842314	22.899619	39.040354	0.859368	71.761248	31.600234	80.024243	1.372560	61.314095	30.840086	49.503576	64.990142	9.307396	26.153898	7.463639	82.762115	9.598842	108.134448	107.126120	39.139718	29.259687	8.431390	67.545986	56.024181	76.732037	96.448429	31.387998	2.466561	16.975464	35.126241	64.146146	135.719335	41.450408	23.435430	3.269542	32.561775	104.508186	9.284296	1.512721	8.775312	90.244307	21.792097	0.373347	68.176659	33.977942	59.402042	43.661274	23.181893	105.280582	54.762457	23.806297	3.829158	96.221472	89.638464	45.243548	14.724815	45.469444	0.959438	 
20.250763	12.069925	47.042202	42.585131	38.817760	22.354668	40.497152	14.613556	9.939826	102.407784	37.834164	4.634448	50.006170	6.918531	55.348895	0.986453	71.805676	147.719312	79.036248	39.342526	155.612604	68.588940	53.854554	57.159075	2.033964	5.275091	180.078335	28.035169	7.185720	58.104706	37.559566	17.586535	0.680864	23.841125	46.559311	65.786837	134.530486	13.324753	39.732340	18.759849	7.953823	2.286183	4.389964	12.671194	97.148685	100.107306	41.448830	7.134710	17.936571	27.851764	55.865362	11.601162	60.159957	21.662833	42.274699	13.732401	79.156975	11.171212	2.856290	18.679116	12.791610	59.294972	14.768130	1.426148	76.251703	 
2.834102	11.364231	113.260374	123.657910	33.457095	70.084660	65.561205	25.140189	29.218582	28.662773	2.550927	134.753296	14.725094	40.926780	74.935853	183.080255	28.574137	105.899207	2.500265	20.803303	15.483994	21.457429	23.148651	5.614261	139.734287	14.253251	60.182618	16.550773	149.947316	5.751344	1.721113	17.464010	1.204167	9.566167	74.131248	5.029366	34.750911	4.201945	16.779909	36.985534	18.860343	2.883384	56.411448	34.830537	42.417506	27.881452	6.566980	22.022902	14.003652	70.301853	16.694721	20.778276	17.175251	77.351787	55.230523	16.045154	68.151036	57.331539	16.094664	68.033010	49.648702	83.382957	9.181037	16.118884	12.153468	 
53.925693	71.247515	26.837362	17.265736	80.271638	5.893367	49.583427	16.250484	55.679089	1.753765	2.649900	55.435802	64.670669	12.570190	11.831855	2.015545	30.042292	7.177844	45.385637	118.003098	211.009352	27.416517	75.139343	83.467013	34.698276	31.722544	85.734094	17.083332	60.211691	70.168111	56.016734	36.548076	86.817042	16.233286	6.657172	31.234788	19.728308	12.452642	2.611897	69.021361	47.595705	13.940347	18.679404	14.688784	3.830075	37.815701	7.176662	46.964682	0.886906	57.239237	114.204987	8.208744	45.826200	27.380253	5.701633	83.780830	1.964690	8.041227	22.342779	85.035568	80.948237	39.306381	11.095877	25.630649	31.416622	 
91.557814	86.695419	34.639907	16.894243	64.274757	20.334474	2.206218	22.958448	19.641161	85.267530	58.390820	3.040154	0.904534	8.419036	20.336053	61.675663	28.809372	110.754163	28.191207	15.101582	15.717884	25.759289	102.146465	2.819429	14.823659	17.096576	31.684406	107.980740	42.305704	2.363387	20.681272	103.119144	3.202968	99.251302	27.887889	44.454333	13.061334	14.404434	45.353265	11.363959	15.851241	85.277375	9.251327	45.021707	138.064017	15.182015	181.469249	40.769990	5.582531	43.849112	15.644400	113.238843	11.352377	158.366927	50.574556	238.810267	11.991833	5.801053	61.176623	7.550205	16.796122	115.160820	25.888383	61.249405	79.313682	 
1.789593	166.085134	37.594206	20.347164	23.089815	20.873599	31.594300	25.593094	65.818358	63.489539	11.322586	11.373118	93.145978	172.209730	79.149140	1.151917	45.249371	18.030204	11.688703	5.111292	14.401461	24.590193	62.668559	4.167781	27.403214	17.119259	6.928124	66.007799	0.708268	96.627104	30.068685	27.122359	91.816000	22.096430	28.920223	44.007726	3.618320	21.017506	7.344635	115.779141	36.574104	13.569771	42.032633	81.792963	9.018784	2.588759	8.582402	57.860522	134.368269	27.650166	63.226040	194.364808	40.340782	33.464425	73.589705	133.363721	78.295534	1.913811	18.295405	143.674902	45.691818	82.269425	36.403649	0.861435	62.461656	 
97.596148	4.209052	5.664878	35.480427	43.991946	7.189271	74.353453	42.734160	0.182047	26.723224	18.788577	18.781673	49.025712	61.291837	29.015526	43.277193	5.498982	20.661794	28.409877	7.910574	20.091435	9.554019	14.271292	98.367020	5.241190	38.025813	36.241729	27.260608	33.512967	154.148260	10.024228	12.433644	17.443389	62.971903	16.615446	22.397231	45.980810	42.369948	11.773271	3.462616	22.551483	228.411756	10.699963	129.991449	24.497516	264.489146	10.870739	25.981537	84.279209	31.124947	34.141315	47.366372	9.509505	58.714017	23.962996	33.498642	71.024510	99.922633	44.914655	15.001994	26.726556	71.947583	120.954682	7.188568	23.929615	 
19.775194	41.594410	17.932920	41.546535	74.649037	41.296873	15.007694	13.766746	2.320143	12.228106	58.496824	14.147304	11.856489	18.949040	6.658114	4.132810	134.770652	6.649431	113.737438	55.485216	16.448186	40.032416	24.589305	0.706021	9.812191	6.735821	52.651339	23.173043	12.183868	244.833852	16.370951	9.502077	51.463399	6.358100	103.894252	90.205325	3.679784	11.442144	4.190819	4.095762	122.384288	1.203847	12.906324	11.699568	46.362054	24.224908	23.403411	4.490473	24.436103	13.570114	92.992677	27.747270	72.082130	12.946389	63.184915	19.683998	20.585038	13.886526	8.131572	49.699547	15.481531	77.536569	36.576108	34.931872	26.119542	 
48.138660	21.159648	17.143343	5.748930	87.564483	38.435210	17.331461	24.008214	34.889025	37.574280	27.579329	26.571677	31.227396	34.466893	60.262007	50.203247	58.766316	27.568538	0.161919	32.048345	10.576554	8.762511	35.012871	31.766452	124.372138	56.538853	49.491931	88.589387	17.272575	6.588524	11.117884	31.822452	152.835096	11.411024	41.095581	151.451038	7.735184	149.382024	37.463176	5.864039	72.431308	27.019277	109.018201	41.734964	9.855269	46.438094	36.567306	17.294284	87.618313	9.098579	90.848536	5.404164	26.036061	17.355261	14.922633	12.462380	93.809203	8.033874	64.666204	41.522144	15.657380	29.228949	133.534500	32.905387	19.131254	 
25.304884	11.528565	2.752080	5.222069	62.127795	9.513420	37.938009	13.532169	21.161182	40.574221	45.478536	1.891119	146.623547	3.263938	89.587283	25.968131	44.503526	5.444634	12.821112	0.612261	12.176907	49.546941	180.408168	82.330822	82.164513	55.224507	1.284104	29.499544	20.517298	7.860260	178.041427	11.557992	28.582757	70.668421	178.395885	14.599151	36.360804	53.950800	174.186765	74.973492	37.429190	5.921050	105.477024	9.110543	20.228066	25.112566	127.915974	12.679717	1.992057	61.955490	27.297176	5.261233	81.053958	86.569115	60.028912	22.364965	58.691507	20.914767	34.944862	30.897436	118.891703	50.680626	20.702408	6.660221	58.521432	 
109.433888	24.330755	29.042245	50.421471	26.934476	1.829888	116.567549	206.608198	94.470095	5.613024	8.676557	5.962362	107.942403	109.832760	34.598149	4.352306	159.512384	47.015990	7.686169	17.763337	8.518461	97.053324	105.383606	16.843615	4.459703	22.634944	21.655172	1.995073	5.245876	59.673497	10.326565	55.281478	1.029885	49.709158	36.981959	3.506019	85.444778	19.119647	53.974030	0.444066	58.889405	3.734447	20.063428	19.146082	46.936411	51.334521	83.426444	38.205870	36.117933	57.532197	38.697919	60.850418	79.418683	24.274315	16.301796	33.081012	58.574699	59.872756	76.985288	137.432480	3.904896	178.231523	30.952709	6.149399	1.040576	 
68.620814	10.964892	26.904224	33.777795	12.466845	5.846236	0.955803	10.031895	158.253047	17.518928	21.803754	45.645465	18.268446	123.496356	4.518154	14.083253	23.533518	42.032942	7.871383	22.359943	3.594906	3.322536	1.980351	79.554643	58.743172	52.784902	15.473931	13.403170	81.778000	106.226117	12.394840	3.253257	41.832939	16.194379	14.295132	4.400737	42.050553	231.185901	48.257274	57.392134	9.487687	9.001988	61.175705	17.120819	6.487083	6.471441	10.800545	67.224703	24.387560	3.986978	25.003388	4.911679	25.047410	22.164213	89.167547	46.904093	30.923869	30.938763	14.777076	36.904120	122.106110	35.541524	8.346140	4.717064	58.406711	 
16.460886	48.603592	13.618769	39.846016	43.004577	10.311830	76.609407	69.852915	73.027006	50.377129	74.561856	54.739718	39.536270	39.081371	72.755853	29.396828	14.066711	95.576378	2.620861	32.029512	14.221619	125.246335	13.784742	4.085070	66.559422	115.731438	172.351768	52.025198	87.636056	55.150061	5.925838	220.509327	16.227114	4.143083	24.668470	11.382427	9.468723	67.218189	9.864491	11.404353	0.514471	2.986664	100.429324	3.279199	157.962481	72.436199	41.331058	105.553457	32.889401	12.402120	30.725080	4.246214	75.137171	25.881588	33.924801	37.697216	98.679258	15.459122	4.814142	23.582827	86.856712	40.193130	3.512594	4.139565	62.674638	 
15.914515	3.607548	8.224835	198.231567	41.762882	8.732384	10.476184	105.584451	18.275574	56.616149	78.465109	18.031526	60.174300	47.013999	0.422848	65.763525	115.838774	51.554185	113.181369	24.208157	53.850336	112.691795	33.878453	0.184396	16.228592	15.532712	2.033356	148.815523	226.099863	9.919887	83.939788	98.182322	29.327750	12.358217	30.068272	13.342019	4.203370	96.381333	44.598291	317.902659	20.181113	21.345029	38.113836	3.696416	37.088185	27.592765	54.053384	8.105667	5.803687	154.224701	26.252540	118.101275	2.595281	19.633461	144.278535	5.211263	26.156348	30.245355	16.687791	64.128448	112.427143	24.399547	21.655034	15.753679	28.483592	 
46.409570	2.833086	29.034328	45.879981	62.822600	38.323344	40.882674	59.969400	1.944276	8.241385	10.467398	12.997108	70.604059	109.403816	37.018968	2.809858	10.918663	7.943676	5.496258	9.635105	1.792066	64.011718	10.558564	89.009451	1.749864	64.272238	27.606726	9.296675	45.991680	12.800178	8.549270	8.378500	7.080981	52.556956	62.346314	42.738417	68.487494	54.182738	14.439651	6.996706	19.069494	48.448071	67.817945	43.836731	20.760364	15.065345	45.055255	13.084734	254.483576	22.949197	27.200277	8.136318	61.560907	39.043289	81.365659	2.676637	104.823703	8.711949	56.639756	61.725268	61.514264	76.440304	52.539185	47.035934	6.891457	 
2.405864	9.859715	159.628354	16.358376	16.833964	39.273384	7.974116	95.164741	62.982215	9.882736	77.362819	15.599850	27.967107	33.969541	126.565725	6.136737	35.862128	110.007582	54.207472	4.731579	2.030092	42.739159	121.260059	22.105350	27.157361	3.862842	63.025412	16.000998	52.619252	43.286431	21.161289	3.092653	20.350955	186.249259	34.456586	28.473321	17.514036	95.232119	6.507247	28.153619	53.831535	148.626620	71.372968	26.091782	45.892156	77.587547	104.561375	17.429675	31.985317	32.441411	47.865468	7.359250	23.001424	12.465796	61.865401	10.197005	13.257352	20.496974	9.860116	31.389594	14.521072	23.500958	104.442498	86.275325	78.379784	 
24.290588	63.505761	194.851423	5.790280	25.410464	27.494228	34.398618	9.076011	7.994739	13.196073	97.035218	83.120348	39.816329	102.075398	1.048875	84.601256	3.585702	8.577851	76.307039	14.855402	34.913299	39.283744	1.397703	8.451424	28.136887	10.130433	9.017831	45.274132	85.938228	5.704480	42.314620	16.165267	41.594269	62.487560	20.030808	71.592799	53.111275	173.955478	40.315564	28.036788	104.509511	1.365556	3.663516	3.511666	36.454963	8.912149	4.372698	13.587662	59.098804	8.473876	172.852294	14.272299	60.187879	2.104681	24.419510	27.022586	55.800322	32.286552	135.176941	2.396310	146.975594	110.809013	14.199725	31.036586	11.332503	 
28.198113	110.301255	24.533832	16.133653	1.343500	41.233701	16.442328	31.538488	78.142228	342.416082	25.413343	33.089855	2.704832	70.481718	11.865902	6.754819	23.912791	13.900578	8.855914	57.493364	18.019974	10.390222	42.950245	21.569303	95.389512	38.544656	42.055965	26.298679	15.485409	45.001031	19.646696	33.206242	6.385827	123.984940	95.643174	36.239592	101.503827	43.608242	107.960875	22.996436	211.431026	15.547525	85.170090	6.370993	1.665744	36.898944	20.215697	17.695161	33.218866	55.668294	17.914413	114.182997	25.089170	3.925698	5.189156	49.914381	7.284531	10.060194	37.521319	51.146380	15.797673	18.617575	55.431009	139.961241	63.666457	 
9.349366	183.103330	5.695208	25.524966	18.902528	152.657752	107.993267	6.844851	2.497955	96.495166	3.764284	2.796840	1.652065	8.436929	24.594178	19.319318	23.961687	70.640310	1.658431	29.261027	24.462505	18.601784	29.027382	51.424009	88.091310	29.440014	30.641214	27.692309	9.834411	9.565138	37.246444	140.897251	73.012251	59.817347	7.146871	69.650596	38.526737	9.567604	38.942784	7.947949	74.608373	99.480671	20.948551	32.894556	16.561069	164.905264	16.449840	45.251973	45.187528	4.983430	0.569067	3.613827	36.341662	40.490624	47.493095	89.312931	10.310285	21.742629	36.317970	10.564425	2.105282	38.581753	59.554956	9.762491	2.053914	 
80.268425	22.888302	26.569737	55.043349	90.763724	71.848298	133.059858	7.227205	1.335249	73.998989	51.536034	59.619139	4.114624	34.647819	26.956301	12.136435	66.996540	2.877432	73.828242	15.968835	48.629772	3.567754	67.915847	10.673021	58.746069	61.195916	5.463212	20.126671	135.805938	6.256974	186.816066	63.847890	13.340389	2.833212	29.688892	7.499543	98.641411	38.683403	110.960924	0.603215	2.123984	85.686133	37.061523	36.063326	33.312866	14.115831	16.101890	48.840245	76.908858	73.771061	11.074037	136.542689	43.020041	24.465794	73.791968	11.965182	11.559634	18.173145	200.377779	21.257961	55.027781	33.156614	12.121994	19.972279	46.112590	 
7.729233	19.909555	133.620574	58.955613	50.019912	22.483209	55.575512	68.298512	35.320777	29.790961	31.541616	38.904951	28.818917	69.746055	109.608179	90.752940	26.341974	55.091243	8.526649	3.442426	38.843496	33.833638	122.635871	67.434983	9.242456	4.706463	10.811346	9.890665	5.714819	6.598361	0.675137	36.854977	6.836991	1.170469	47.401415	61.304372	124.347218	21.867314	44.660961	80.131837	16.154294	84.029843	8.851041	43.182586	77.908490	0.590701	55.527845	11.017594	24.569888	35.291363	25.649962	7.416712	12.644943	60.514007	5.374105	103.280001	24.950065	45.109674	77.620100	6.011969	27.760647	6.292157	51.559358	3.754724	17.093950	 
9.771460	22.146048	40.589614	71.315527	46.759648	7.281719	46.986126	28.974911	38.247244	24.683729	25.190089	26.637249	4.810619	18.489188	9.184568	37.735725	15.864495	14.792390	86.010240	5.656433	8.862796	57.088182	64.822456	79.591979	71.454682	86.736677	16.544719	54.979027	27.638092	40.258636	49.341821	22.945068	43.608074	144.369074	2.421322	48.301989	139.775925	19.210270	153.382461	54.325353	28.059928	1.973814	15.011759	35.018052	1.145899	77.139492	15.034874	84.372211	82.665164	19.995119	35.972957	38.404726	44.498551	9.306690	16.029505	14.500156	34.973697	2.837600	41.051690	8.614309	80.423189	92.957576	52.941892	19.489052	81.680976	 
30.116345	34.258134	30.702015	31.023000	57.452210	39.429798	53.394942	42.029230	12.378184	44.150546	20.984329	5.962424	1.224538	21.123205	7.555385	8.624183	53.498220	10.413679	23.430379	82.303774	37.457569	1.031506	14.339772	29.743937	49.940783	18.420100	30.022626	15.391015	59.990769	7.791983	21.790056	16.930825	12.178339	42.116203	84.150167	5.566133	79.955546	36.727026	2.285154	62.671809	10.440254	11.876021	20.797766	34.449828	10.160791	11.573795	11.231810	27.033381	9.773624	57.050373	54.075958	58.014326	17.443940	29.172825	45.989001	74.837734	40.246811	117.939369	55.014618	30.354947	54.709959	36.909640	11.573839	12.531310	11.092523	 
16.461916	39.597009	14.232792	54.756985	1.186303	13.645000	16.483272	21.867867	162.401271	46.804536	51.418907	14.362535	64.645271	5.815635	45.052228	13.879523	112.615435	96.770682	119.973774	75.310248	29.946618	48.684385	30.762215	17.849855	3.721930	150.384145	2.757438	24.113726	1.702153	31.271683	29.952622	54.057769	42.494379	16.821365	25.696032	109.155141	22.474408	26.223663	28.732576	53.514927	114.204184	25.637082	24.853864	118.608283	19.483052	45.247831	17.510437	91.333563	24.250156	7.367780	51.824450	4.662679	7.117415	6.013977	78.740155	7.986825	116.798968	16.513670	0.594005	9.198622	33.771406	11.089944	22.765735	108.245611	97.997391	 
4.359075	168.154064	81.900831	4.023684	4.719636	26.691763	22.989504	144.386670	106.076403	22.859133	1.472741	12.786703	71.402945	7.543137	21.312129	10.404778	38.353717	12.849055	4.410953	3.288618	42.264168	14.855188	120.728218	85.948791	85.573190	45.061068	217.797563	35.274686	96.338601	19.040812	9.405247	60.170767	14.228612	44.717507	2.306755	6.456442	6.802071	93.081361	33.587290	41.086481	33.087850	10.069080	48.926012	70.461866	88.028232	97.048291	1.264005	27.597651	13.024634	2.178306	5.175521	14.311436	35.462923	14.961988	146.461339	48.004651	20.965056	15.530338	37.218948	34.630045	19.293608	40.382309	23.116147	36.370490	13.562401	 
4.427237	66.841194	12.411100	2.491757	15.242017	64.768432	61.108046	78.372683	32.560457	35.722572	50.463570	6.019913	32.444466	5.758047	2.450335	56.965744	15.925955	34.273102	9.136952	61.116234	28.619099	27.383380	34.656179	33.328094	4.974909	94.985661	18.449092	63.952648	48.530755	76.843053	33.318500	77.119369	68.671857	35.152202	8.734550	0.359089	1.039484	12.382663	64.870545	87.738192	31.644633	15.060962	86.697622	27.646398	5.914105	4.039053	63.122549	54.800564	110.409226	115.094734	37.559501	48.298937	6.635538	38.679806	9.424724	13.532785	37.115740	29.824352	48.336451	36.117111	5.557118	42.513719	150.341738	83.107269	29.908876	 
84.360561	100.667327	38.862266	32.689779	21.861750	26.648960	59.288410	34.691492	87.985522	50.157707	63.305007	10.619748	1.152089	55.303400	1.672796	8.645173	101.442135	21.569824	69.144497	9.643029	2.367048	19.875069	16.160298	5.545695	6.333053	8.140404	14.248927	60.011263	55.349337	11.629964	8.123396	117.171425	16.491966	23.724777	38.774673	50.384983	15.008524	3.974482	7.438733	25.926578	2.968458	42.489976	29.142804	51.458236	52.298737	17.794247	48.783724	2.656577	18.489844	21.891966	19.846856	73.311032	6.888965	7.407198	10.602535	43.526282	10.183406	11.944196	68.355224	11.432460	69.675562	53.224320	70.636159	63.804431	6.466236	 
69.235244	105.862802	30.151441	3.689520	22.932747	49.399549	22.867918	19.027065	10.203691	71.641595	159.600843	34.292633	18.660485	9.929527	5.708123	52.356424	112.288029	91.346489	47.964223	19.818644	34.352166	2.112580	17.666947	0.989302	18.876968	52.615273	1.193233	14.504274	13.053284	10.377863	13.633978	9.335642	124.862886	27.088475	48.380143	13.809729	33.770184	5.663378	16.436668	22.991417	11.367378	43.083257	15.309645	25.490620	19.049088	70.471758	23.424656	3.392919	5.156972	11.596028	62.187719	19.545748	125.574904	11.823694	43.046232	10.126300	17.438771	23.046545	2.240565	10.535301	6.695929	47.246085	2.347666	64.229826	7.756343	 
11.342564	33.181240	11.912642	21.724785	6.914848	53.523669	35.232712	58.529618	10.303171	13.653417	5.507399	71.546131	151.656873	4.141359	8.524103	87.528925	3.187985	13.727568	23.811705	24.376716	81.660743	13.615585	31.816470	19.829667	56.211453	6.942149	26.893051	28.538377	21.526798	32.309467	6.722585	98.658722	10.588710	21.433944	5.652140	6.199359	54.282849	58.083710	2.663987	5.356500	95.485561	94.738513	31.969465	6.444545	6.361028	19.402258	34.770951	27.394116	103.817139	6.054559	9.649619	15.564026	18.067569	4.730415	63.093718	42.136201	3.543985	98.092460	42.552878	29.835585	8.694048	44.039682	39.470294	33.078455	17.444825	 
11.748802	130.236111	6.572826	109.514491	11.997206	17.197998	11.575101	7.947329	5.793031	7.255847	115.728389	57.124571	64.576867	21.625802	75.955246	58.962164	10.279862	33.391059	73.925279	67.495256	7.630569	59.176538	30.411295	83.139114	127.325095	28.209674	24.416951	32.479265	51.020236	23.374410	7.967560	65.388757	24.530103	31.425264	7.904197	1.299735	46.045203	59.032620	63.689375	22.773623	13.570608	10.105831	43.738675	43.235789	34.847633	49.844739	12.419254	14.536815	18.196547	8.856094	162.579119	30.974163	11.366890	15.280434	114.946275	115.740322	7.994400	21.188462	20.250921	5.279136	31.475468	9.165101	43.212416	44.027335	70.135963	 
6.754612	4.950336	32.769987	28.369929	33.466483	3.289389	76.028226	13.834635	8.594938	60.787940	65.390469	110.189429	18.724086	5.218855	18.178004	78.503278	29.405190	121.205984	27.210498	11.825580	20.069315	38.959924	61.323758	19.782718	33.120118	12.591138	4.860361	101.881675	22.714925	1.766999	8.736300	12.391543	14.928828	6.252040	75.289476	60.655742	29.645201	29.546096	8.702405	61.255785	6.301776	4.739186	34.551809	87.894257	46.173772	86.126472	118.081470	2.216999	18.592823	53.978557	163.832497	16.651984	6.499088	7.792196	97.460318	5.142645	105.834165	1.548311	17.880855	36.840648	25.277438	23.142217	19.628954	5.525970	13.807979	 
17.278083	4.439550	78.264262	21.825923	10.746434	4.280040	1.255138	44.624051	22.697863	39.439519	104.469636	26.090493	3.760066	48.733346	72.180362	7.487070	3.463707	21.345599	21.372685	18.265697	38.463142	14.091718	48.880792	2.749814	20.255061	125.298722	50.854050	18.537442	38.305643	17.490217	0.990279	1.591617	54.629636	98.559686	19.203824	85.440031	8.897020	30.777889	213.020577	13.498175	40.290651	1.080773	1.595985	18.032810	10.660695	22.724905	6.665880	23.553468	46.594905	1.214944	28.066387	9.566131	75.012192	14.539780	29.950668	15.101694	8.377031	20.815340	73.185520	31.355121	64.096171	56.480891	20.760292	38.846456	40.180205	 
1.223258	13.485951	20.254101	6.223449	3.815927	7.619919	28.434563	31.125654	76.089055	3.604096	0.997495	46.375106	5.564236	1.685003	11.372371	29.768935	74.489164	19.931933	3.515073	22.914928	63.123929	23.439901	33.672003	91.713445	9.256457	29.930703	13.676760	4.382629	70.992421	8.631924	76.926320	21.236804	13.698506	7.278617	38.099698	1.429285	115.948480	12.022198	27.572391	241.294908	28.621538	66.398446	6.101777	23.032301	2.498133	9.602535	65.409616	47.206700	89.275395	7.450317	13.299603	8.460910	118.287045	107.515776	55.849494	26.878358	50.538674	46.926819	24.372218	4.631545	34.395276	0.880268	0.556079	72.479470	6.178991	 
8.131174	43.438149	50.480580	29.417956	35.939453	78.650565	12.507594	34.962937	5.751133	54.224341	12.361321	34.799679	37.250691	59.905076	149.403454	56.478924	20.544565	54.891314	12.874035	10.274255	18.580874	14.895100	1.233806	138.308841	87.233462	10.048281	1.710855	65.722839	0.910828	29.902789	14.132387	31.778347	5.777342	1.338566	187.978757	40.464668	24.294853	74.808525	1.351512	7.453754	195.048838	41.786179	4.585923	4.017328	210.446928	4.513231	17.207090	38.149540	88.168540	93.064390	107.748205	3.560662	67.368897	32.063974	48.600637	69.405397	31.181201	75.848763	20.077976	12.235411	8.925575	21.643066	15.340777	25.869041	16.384058	 
116.244767	12.428535	110.367400	9.422262	28.035383	32.146612	0.907694	79.376438	14.201872	22.417207	69.843265	50.622061	5.977163	0.662261	6.629281	133.956722	20.811643	5.756866	44.131866	12.467672	29.875300	84.847494	36.481517	5.486440	13.771338	6.569798	109.662898	49.814410	1.322808	38.628021	29.211852	11.793507	44.032386	9.095746	64.436899	91.782157	99.348869	34.563853	15.328881	74.553714	37.670647	1.338245	18.350112	8.625474	5.934947	9.935435	12.432144	6.769903	28.323091	1.004362	11.946526	27.674401	29.603721	182.804768	77.985790	8.798783	287.691460	31.713265	11.351944	14.697133	4.659144	68.142110	27.418986	3.077369	17.593690	 
12.617243	0.924893	12.043381	1.217166	15.875733	24.951739	1.443680	27.467500	0.258238	141.591777	118.957676	70.594298	80.394204	77.685370	15.697479	55.470337	35.126061	91.997922	222.129272	16.055050	10.422147	13.756369	11.893404	20.297263	20.232334	60.211491	90.994938	9.809103	4.556225	56.349632	47.136797	76.075534	12.177728	19.910491	8.760975	13.292841	25.167211	16.071826	33.654044	27.838854	1.953073	19.649465	14.596497	48.296505	2.926003	1.245093	6.523414	100.164137	5.875317	0.878406	13.863824	12.066282	20.927387	29.386274	82.989248	71.025734	19.520925	43.249500	20.602610	28.099548	66.901432	5.350381	25.121985	105.037894	12.511481	 
8.024253	23.524529	3.458677	8.705609	28.460067	62.621601	39.229125	11.846758	45.895105	54.793166	140.512978	107.575297	145.294484	255.874647	100.274878	20.150308	20.596151	11.008583	65.406472	34.158413	46.333964	0.722817	76.515213	16.478704	39.604262	5.869268	19.870925	123.487951	43.528730	87.623179	36.213656	150.094602	16.845706	41.076669	5.975309	10.864668	51.344521	41.678394	16.703372	10.822855	89.059230	28.653004	2.968336	8.771931	26.936224	12.591775	0.300317	26.547670	4.679239	32.263767	14.960348	41.551528	11.403261	25.304167	128.121733	2.205263	127.474506	34.600650	20.343635	8.663267	47.042580	11.814844	28.292466	21.260811	45.978602	 
26.573225	26.506181	5.921776	7.539286	9.508243	34.890211	1.347522	48.534259	28.747404	6.453577	19.092419	4.827514	106.073984	35.081204	34.165377	15.728098	9.201757	42.861514	56.389828	8.778776	11.719117	29.352402	136.080080	24.013891	59.672865	98.884566	30.123158	141.509109	38.998314	2.317712	22.580331	6.215484	15.321787	11.324944	2.601607	66.166706	3.154691	50.704750	54.318631	62.293242	36.013094	29.586057	3.674011	21.508156	10.726214	24.856000	1.230614	4.366598	42.455808	10.738929	11.718217	34.664508	8.457673	30.993855	1.546592	1.155406	6.135101	17.784687	127.774106	46.114822	10.815693	12.674972	84.569473	25.216095	5.145349	 
16.784482	132.365776	27.169930	36.661022	44.053780	41.869909	16.291526	44.705282	19.242317	11.728004	9.732768	24.148262	3.201335	2.941314	7.118094	36.691119	27.465844	14.962746	18.050465	10.930298	13.512579	28.925732	120.231638	49.438197	135.780245	67.485180	42.412133	9.975399	16.160130	11.009850	45.293334	49.439553	36.024293	33.492088	56.539793	49.416995	89.638519	15.151137	86.121793	23.744762	28.564707	91.462450	67.856757	21.178409	107.065902	24.352628	20.748886	84.016532	1.684045	37.202404	14.579867	31.085913	44.296200	7.957664	49.588091	23.434006	59.648202	2.491871	80.706958	28.235739	80.079781	52.145869	12.198224	184.876776	60.554590	 
17.664261	39.919701	34.902880	10.129199	62.527144	43.912255	31.700572	20.529690	10.681547	2.546824	94.173042	112.019981	37.917537	41.766825	7.809961	20.215595	73.806960	8.587731	100.310581	59.637903	3.614378	57.533176	3.436133	23.092874	38.310363	14.051361	23.974632	32.337134	56.798735	7.598308	38.668529	35.624033	79.047075	38.810597	11.706580	25.716375	100.183791	15.084266	30.792038	60.478491	5.379969	15.464452	60.949284	22.548874	6.045503	0.571399	85.314427	36.545385	3.073070	16.593416	2.773707	2.254324	0.736849	60.735573	55.860339	0.524325	41.523049	45.562993	9.346696	7.777199	22.952400	49.112350	122.315006	27.569753	124.804271	 
12.347438	112.563911	30.886556	7.930156	1.974243	14.253219	213.388264	3.199323	28.331242	1.483422	74.173678	122.412147	79.941015	53.400990	8.405115	41.383255	15.039048	154.797283	30.030742	78.788012	2.979039	38.027941	54.515060	22.840222	111.095240	39.175862	8.118315	31.475268	37.464712	54.568410	36.980542	64.480066	13.324550	18.252127	40.100217	160.628335	65.650555	29.198555	28.160045	26.542154	29.383767	52.307269	26.133855	82.105847	36.664193	2.934143	16.588555	49.759718	39.872011	129.050494	14.877511	7.003725	8.672111	70.286944	134.417703	13.882010	2.945647	154.606723	7.131538	14.558717	27.459211	16.794176	13.759877	55.510138	17.312032	 
16.447281	0.996524	14.620100	42.591531	73.027700	13.058328	47.566488	9.402668	11.578359	60.078437	6.480923	8.935166	4.115507	15.720602	39.413088	16.061200	59.051394	114.256848	1.780099	11.793490	25.846380	60.257187	20.794638	18.464406	14.155542	4.973618	72.732511	1.669683	1.256804	36.214344	26.989874	14.757541	2.641810	30.155365	0.727538	7.348643	55.068175	3.996496	21.844188	30.723693	44.202120	18.641935	48.186690	19.551689	66.686003	8.555196	33.835485	1.740022	81.340217	95.309507	87.155180	10.829216	31.374136	8.836975	85.760088	44.990003	7.420014	147.868751	180.280577	33.021805	26.983757	38.248596	3.534821	2.217972	15.060006	 
6.913878	41.752785	3.163940	9.353387	20.622213	54.237361	84.657386	11.477148	0.481387	59.886481	13.222613	1.140840	39.039967	54.804090	35.418007	9.360941	50.723328	40.106491	21.979510	94.401548	20.520573	14.914690	14.716296	67.260852	27.202155	6.653731	42.399171	54.907458	2.343565	116.122146	29.330787	14.381178	48.948283	53.389613	28.740301	43.790351	10.882113	11.319492	29.354413	82.184225	52.131977	13.099485	62.554003	11.154488	19.323031	24.275083	24.538200	63.116839	11.145370	14.626055	97.742003	25.321905	36.746713	116.489387	34.939324	93.741837	6.998403	13.323202	50.825522	24.244095	22.347330	74.111121	11.631909	103.917548	101.207559	 
26.943543	65.863409	37.124696	14.474714	5.924289	17.103618	95.595143	50.889049	30.446050	57.405141	55.598071	38.064120	56.678709	48.224798	13.332059	12.017559	2.026067	15.042732	120.085966	29.359988	14.231011	14.383337	18.738933	57.075430	75.353977	8.831056	65.633225	36.847702	95.593654	37.870134	40.633438	64.393694	126.755685	13.860679	2.618735	10.817750	29.468019	16.357729	45.254309	40.824996	53.282573	33.512318	114.030484	50.511217	46.200127	17.896005	36.411157	31.415082	73.629089	12.983259	37.548552	23.334869	79.952834	7.978529	8.311368	47.475662	11.720877	107.621924	53.239423	180.886349	31.581705	35.112401	50.804221	31.174698	6.358328	 
22.396065	7.594337	1.140264	82.076560	162.299794	15.708467	2.951468	34.249060	10.705456	47.713183	1.067687	44.799872	1.532714	20.514816	26.245232	7.073735	60.303122	3.535060	26.412517	44.462757	91.672256	32.179461	81.251125	106.471612	37.034615	88.527662	28.372054	46.062984	59.860121	36.632831	23.836726	43.629538	32.917841	94.986763	49.321680	1.719316	12.236958	44.830940	6.810147	11.062934	49.268024	37.125950	79.806898	44.214851	85.462985	19.130159	13.056569	75.153224	23.391344	38.072672	49.240569	142.018501	72.756828	11.990490	7.098701	82.462717	48.611767	35.278134	22.962698	31.252199	17.539653	6.333748	27.707142	23.886614	10.572451	 
76.975791	113.422898	85.332585	30.737013	56.560023	17.699000	4.246242	3.487459	17.928827	79.113080	30.427712	4.277521	113.710201	36.916597	58.883428	61.209488	13.018046	174.155663	53.081101	28.167466	5.690901	9.741608	4.707446	38.847348	146.938616	3.468121	58.146121	16.715957	3.974615	0.734262	3.653193	120.542462	101.219955	28.697474	32.595893	16.201310	79.610678	16.812848	7.365384	26.190082	76.158192	113.852813	19.806676	179.278159	58.569847	49.088875	36.889906	39.584693	84.087076	77.191457	1.423044	20.206014	5.474933	158.031406	56.710077	18.669876	37.987843	59.942704	41.750176	22.714842	12.599898	27.766243	1.127257	1.607256	43.508421	 
14.762681	22.230279	3.735001	17.043680	146.590296	55.492926	112.215125	114.324218	61.103647	4.027896	23.315091	16.208596	11.829043	23.492869	11.950858	19.515560	11.790011	30.526685	49.899167	46.636084	42.966305	18.440957	7.519969	31.973187	10.622090	87.258667	7.432704	31.690437	22.688368	78.031677	34.983543	18.278236	40.791082	57.193711	9.645488	38.364727	83.520084	15.535102	15.128801	8.928986	32.328076	41.931994	93.455299	228.106630	142.811808	22.250757	63.849367	258.186959	104.182236	0.372497	5.233339	18.507754	10.240173	30.990673	11.339826	68.433535	25.200549	80.296737	31.162124	41.063990	71.255707	99.274075	32.975724	179.249712	18.783015	 
37.433107	9.667791	18.187453	100.851921	5.718083	151.224522	37.418954	5.377187	154.202794	3.335281	41.495329	0.637118	25.178923	2.719309	45.113959	164.996871	22.368205	1.505952	28.194726	15.669604	52.601123	71.085694	7.247330	58.486752	1.341162	54.118048	4.570329	100.992433	20.723478	66.909462	64.534105	78.954436	3.470044	33.286915	52.494561	32.569073	103.463905	111.649432	4.036304	2.069917	31.789592	47.155157	8.218651	16.278064	45.104796	117.983418	128.166103	21.760313	12.789104	64.487162	12.736674	9.242820	75.427070	30.206855	24.624509	139.644163	4.433496	6.275994	45.965142	5.911226	34.873471	2.734409	18.368495	8.961396	101.712310	 
12.796018	28.290435	80.634721	0.455046	24.398603	12.827577	29.596586	4.769924	32.715761	23.979161	11.186336	20.676457	8.359575	16.075210	25.409160	32.071275	13.517888	4.783544	10.320627	18.667448	63.059053	62.133796	20.981901	6.488392	198.973796	42.964344	41.463905	8.045273	23.580567	60.040816	12.806141	77.114227	126.200368	10.982601	20.729536	17.141152	61.998053	188.989008	90.070478	86.513421	116.511894	0.675631	47.702222	51.315944	7.039700	10.501625	174.134132	11.668265	48.749211	0.740856	122.631402	84.715665	85.962662	65.114009	3.642607	17.485366	12.090056	40.316511	24.723722	38.465125	4.637448	53.844481	1.745480	40.471786	16.264683	 
133.493142	5.512211	9.891247	82.459020	46.362626	71.527976	79.502185	95.922842	7.491455	50.935682	56.990679	0.648690	14.273096	42.299887	41.451455	46.541732	36.886605	6.828446	50.298571	68.053818	37.451839	27.327346	46.271667	46.862050	63.936238	38.854086	54.489123	10.433990	17.585998	47.162162	20.604217	129.396491	59.251428	1.485478	104.400304	102.978850	161.652997	52.011380	8.832990	31.393551	30.344391	122.034528	35.862630	20.159291	15.783863	19.482226	41.445952	17.245131	42.153602	71.312840	1.175704	25.337377	64.742969	123.512998	45.161213	45.028415	9.112663	4.320298	12.551597	3.139825	12.147717	3.332779	88.648097	5.084560	17.277496	 
18.525699	61.256002	36.212867	4.641566	29.714446	22.313997	17.684187	6.355761	74.272410	46.448010	20.610303	99.156572	10.390329	54.792845	68.020427	11.414331	19.966612	20.006441	70.459541	52.593567	37.559524	62.980408	8.735238	50.371526	10.130942	4.988419	72.620194	67.318960	17.579089	83.093536	193.612676	9.430744	115.108631	9.006900	10.133411	90.055830	158.714228	1.620260	32.056734	16.230913	18.422496	53.392157	1.319643	48.673779	107.747248	15.901237	196.781881	37.696900	25.578233	4.028418	12.579070	89.323392	60.845711	41.193556	0.626007	39.226370	51.309555	9.222930	9.937268	24.572962	15.215531	22.875285	89.483161	52.558930	27.379194	 
12.824881	49.624105	16.521791	66.921585	8.592029	25.841484	73.543902	80.990793	104.442469	1.118509	1.201012	12.093471	85.417119	30.280608	25.621511	37.442619	1.396698	34.035879	83.999810	17.962581	16.569239	16.136615	21.277959	85.506001	9.134757	6.724276	41.375368	28.225202	11.921970	33.283917	2.991447	27.602744	143.830096	33.922032	22.651150	111.589375	12.706699	24.424543	60.680177	45.790265	18.086129	36.610892	32.231116	3.334682	24.644085	9.999866	44.846059	24.730143	32.633192	27.807831	28.138139	51.542807	42.410420	9.033674	85.388048	10.087219	60.768712	11.631750	12.140030	36.918323	40.440383	14.002361	119.475009	25.534409	17.415693	 
90.046879	62.271924	12.773255	68.148427	13.459502	78.602017	31.555956	27.203645	19.283929	28.647644	0.577146	142.393528	8.329628	101.178199	70.351020	90.568055	5.471617	17.325210	10.533589	43.677784	125.175998	40.265839	19.102321	10.905836	6.485752	60.511489	20.430990	40.863492	26.172199	0.963276	36.529074	42.346681	1.288477	10.798657	20.985707	186.863494	22.492450	5.729442	26.386094	46.429583	31.098867	36.251114	24.467422	153.155846	68.405187	4.651630	1.124157	18.899185	35.038569	135.712340	7.192988	1.087627	2.595343	5.736692	20.945943	170.664731	19.998062	33.136230	3.334613	8.603837	96.194749	31.792252	12.558614	34.997998	85.572066	 
34.632561	40.335777	18.811098	10.745455	61.983287	13.598781	16.072530	19.799952	75.741999	155.095176	6.158135	25.933626	6.925039	25.670743	55.609064	55.361937	13.195793	4.530790	6.372195	130.388747	2.634542	43.997812	15.337485	55.427669	121.152307	17.001004	16.516374	4.791383	36.208570	0.920873	5.430998	7.021060	10.796428	20.394047	20.905462	2.694723	21.722942	39.445534	8.490482	62.928012	23.282767	8.666643	2.931240	61.242708	1.024109	291.313676	53.245696	23.275398	20.160203	13.462554	8.622003	29.628958	53.499752	57.516480	20.772006	67.088216	66.433001	35.297402	2.665318	2.986572	5.098086	13.024922	20.684723	8.592069	81.294206	 
44.528715	61.100551	0.913618	54.938659	2.152031	17.781557	45.231163	10.295318	70.449648	106.055750	198.758542	79.035641	26.664760	24.839289	15.771870	63.406289	20.840575	53.322626	165.798972	23.605763	48.060934	78.443237	9.222204	13.042384	55.210698	92.433097	0.871843	49.393477	8.286763	2.311067	0.779273	14.909740	3.949688	18.480122	12.493598	13.907557	39.662244	20.427527	16.527334	42.490939	8.735512	8.311969	8.397504	14.525615	26.490655	8.119129	50.868835	54.073902	108.132700	34.606178	8.639162	6.666626	28.700777	48.637034	41.636733	33.376493	84.146876	14.900700	84.868569	5.101681	54.785222	49.067599	28.094604	9.749624	6.986199	