64
0.000000	33.400744	26.285789	45.891653	4.433758	15.985180	55.762854	50.883491	128.320368	105.592001	66.826844	10.468974	44.383875	14.524629	32.761658	34.471165	21.500676	266.595601	43.926430	9.657206	9.753976	5.218000	45.862522	9.616260	26.594554	88.975901	12.349786	3.593256	27.043530	114.356373	36.313380	2.201569	27.902670	18.540170	72.186669	12.589691	79.730776	33.617401	122.563515	8.841962	13.614786	68.164993	19.342545	40.632928	5.385440	22.324444	77.668593	57.738467	40.655413	25.093796	24.078896	7.763726	99.957695	3.055395	17.437374	54.515022	23.608948	13.397358	129.595247	21.789045	59.052697	2.771506	33.653203	54.714976	2.799140	 
6.732073	6.791852	2.359227	3.617332	80.610259	37.063686	51.701947	52.474856	22.921761	70.344879	5.503840	185.520783	22.343941	42.249516	13.475888	30.161495	40.740047	84.740558	20.213790	74.814613	152.072806	4.133233	3.612201	22.215486	26.478415	1.748282	173.605554	9.802954	14.574319	105.043041	11.420011	32.383781	14.154368	43.596960	49.463407	29.938108	12.080461	47.699159	54.272271	54.592359	6.835923	12.263946	42.082422	24.313361	97.593010	26.422295	32.883631	106.225844	61.344901	39.778634	58.815982	5.935750	31.526682	1.115849	0.763933	3.728200	30.950757	28.273434	5.134998	79.004552	25.037794	17.375813	33.476102	25.840300	82.344265	 
14.042788	22.439946	6.002507	22.199558	41.512279	5.782196	59.030137	4.393426	13.618781	93.349981	34.871301	118.625555	3.547267	39.457112	26.170974	7.166753	1.156614	1.559292	23.231650	2.435488	38.346831	73.565020	86.419051	31.777188	72.182398	48.785925	26.415849	32.948477	19.008359	53.910959	19.754818	26.490797	37.887044	1.383702	66.217312	15.839687	142.627986	6.038797	4.760709	15.571518	5.202475	16.792820	2.092516	5.275982	38.790772	18.542917	10.703922	1.624669	30.125499	1.878658	52.076382	70.040263	19.351613	44.473726	4.011185	2.788220	48.541652	38.577672	28.377022	77.565788	48.524219	4.251215	55.995906	32.015628	23.557501	 
3.200506	2.370218	57.090225	31.197004	23.742187	94.578053	41.146379	80.715956	4.225581	3.662748	24.627788	46.850337	2.533176	38.612854	9.004327	33.733154	21.511025	2.142640	15.928949	61.333780	55.128794	26.594580	40.592441	34.101544	28.850710	48.331590	147.773481	6.455373	103.045732	43.811656	50.562173	48.874589	52.441775	33.571143	44.361002	102.590116	32.153461	27.404203	20.698863	22.907688	4.334040	52.500708	3.386641	70.041069	1.678141	10.732665	156.715069	42.281150	186.304402	27.255418	14.807741	52.844670	17.117655	11.136522	52.274098	68.426261	37.478423	7.391089	14.894733	44.809028	9.018790	25.824287	22.300472	43.853343	13.040167	 
81.398091	59.126915	0.800327	74.416276	9.472754	26.221326	64.249653	15.287027	126.455031	52.854365	126.068986	5.979093	19.213920	109.038585	70.371810	2.127511	81.838764	56.999271	80.681517	14.503864	33.168852	86.738141	8.219868	47.737327	10.167853	10.634506	2.319148	73.823954	37.146696	11.555661	19.505488	68.552795	12.306829	1.242200	46.077282	144.926143	26.266952	52.846329	30.344948	35.180447	3.450906	29.949525	77.549343	97.475879	43.934757	36.164345	14.419882	141.613987	33.120740	16.026237	25.758764	29.306593	2.068670	20.179884	15.738021	13.686413	7.665487	65.344914	58.871773	3.024170	4.728333	9.369064	95.657922	178.307168	9.856743	 
19.917419	123.166528	60.064727	2.853071	147.576352	1.288858	5.492634	4.112641	45.169015	237.517470	1.047144	4.892057	8.257252	10.345657	13.609092	13.572274	21.516896	1.978911	18.857002	55.431036	10.914892	17.931119	94.748857	0.820110	23.136018	24.655487	38.557903	62.874148	42.664586	23.882552	37.693384	2.029730	72.465000	53.088987	4.011106	29.070386	40.792032	2.351820	1.583655	21.036504	26.922003	42.310792	22.618649	19.025063	31.219052	65.598310	6.306059	26.108814	13.263324	8.728085	19.527224	31.626975	18.960210	58.107400	33.144637	31.130771	12.640163	33.229566	30.169160	2.397447	44.759499	114.714934	20.520956	28.197783	54.275034	 
34.380656	27.586598	9.117568	118.916354	10.035663	38.476314	9.176584	48.187868	72.052289	7.566229	12.027312	2.069745	87.188367	71.668208	37.459464	17.835917	4.441239	95.069093	29.443400	15.297138	11.932983	60.568063	3.345678	105.617076	5.849610	61.523591	0.534990	34.038271	1.539932	2.607328	9.929112	46.489866	32.027678	111.172967	36.198906	4.732817	33.890204	89.490460	147.313810	0.805730	48.099853	24.328060	78.109413	53.970342	2.044688	34.643499	8.764795	123.364735	68.519689	80.318833	56.825679	6.225301	35.462373	29.294214	3.967737	52.673732	30.081591	1.093824	33.493444	43.050391	68.503169	8.294329	19.263039	2.878776	75.327122	 
135.230323	10.109704	116.724013	2.677218	11.747162	30.822566	93.864626	14.202280	20.716578	14.630413	5.239545	46.465931	60.641713	16.090155	28.786693	0.988292	20.894072	35.267093	3.809345	4.006378	13.988902	120.716237	50.237930	9.053012	31.047007	14.123481	46.805273	28.063159	53.854541	3.072026	3.840113	32.679063	19.462011	13.258247	30.631213	3.543490	7.701836	34.996943	7.513154	64.982003	3.483925	67.198347	8.364454	25.926965	9.909267	112.585690	42.096184	7.833617	3.433690	5.587269	32.481042	14.435610	72.189400	43.845607	89.936427	35.775044	83.395929	37.142446	54.136743	28.106435	74.581529	22.530022	9.652233	45.516908	84.978161	 
55.452790	46.629739	4.684115	8.892531	27.689200	51.731036	75.265249	108.141493	14.043731	2.399011	58.583489	5.502594	3.076209	2.798257	11.349313	13.967993	23.105792	9.797815	17.196638	46.261021	35.938379	58.438452	24.442207	22.705887	49.514872	10.453201	90.018605	53.980921	5.251452	28.685243	82.124280	85.850915	48.314619	237.446518	24.449675	18.530448	84.040059	18.286022	7.473078	50.003578	101.364144	4.773012	3.198265	3.848386	46.581487	1.041126	60.482085	2.215593	31.478990	30.934717	12.046065	70.308101	0.680494	3.452652	82.269078	87.981468	275.682394	3.394408	4.197662	89.586733	144.682935	18.774495	88.674369	31.260244	16.513973	 
22.998333	6.275732	71.896180	26.608502	25.275907	3.264513	7.413308	68.216455	0.776467	8.788044	10.917839	12.567438	30.013797	8.759422	6.615630	91.130348	11.795651	67.502369	101.237189	18.425863	51.543622	4.305761	5.941196	106.521724	91.688558	18.208463	53.131366	51.557754	49.750703	145.185671	120.915844	7.269224	17.486692	51.162170	202.772237	1.526914	52.083737	86.009500	7.828876	73.137271	8.322831	21.844557	32.950649	40.928739	59.046673	280.618548	2.501121	25.495333	11.210113	46.552091	44.890343	4.137677	10.814983	55.981154	11.687723	9.748999	21.829412	28.304820	138.449499	30.235543	46.405561	30.050125	12.013935	1.705240	7.652173	 
81.310966	20.518983	118.481278	3.368401	0.819679	5.864284	15.407279	73.005905	24.716077	3.079524	0.431791	97.451849	9.898612	43.718484	55.597421	37.253774	53.075189	25.814146	27.151349	3.862431	72.814577	105.513879	3.082824	12.576625	31.377881	43.776766	17.104910	11.215820	9.258936	29.104693	81.331663	14.474528	72.515793	65.075454	166.697731	7.747736	29.306554	127.828337	46.907769	110.624885	14.566572	46.811492	67.492496	34.023030	209.369093	20.420856	24.805878	46.638942	80.184194	53.596132	51.868057	49.025430	62.913537	67.835363	53.197432	0.497823	62.352374	3.222018	37.908181	2.784996	7.562294	31.359064	106.829811	11.053234	5.488964	 
62.011609	78.253325	11.824147	88.230284	20.700742	18.748053	20.398104	77.354689	42.824671	17.116837	117.529541	3.418717	66.350041	29.773201	2.190520	15.907240	1.916911	7.225525	28.727967	73.139816	89.564515	72.607781	49.797727	50.598691	42.353167	80.331061	8.880223	59.460873	34.353069	33.422216	52.036847	10.650225	100.344989	18.937824	28.937866	4.612967	16.571660	98.084225	43.534301	60.649603	4.478756	72.129119	55.804257	19.215242	1.091404	14.682630	22.330233	73.117072	14.087290	9.747941	10.931765	8.759060	8.741108	1.962059	4.337318	1.681067	16.371375	2.691107	7.805508	6.830304	18.868161	6.353764	20.911878	58.657278	1.898069	 
18.698903	6.963952	43.115707	5.973655	56.697660	61.510640	22.872545	50.355363	55.448549	0.289724	14.556486	62.689226	8.297744	17.581054	39.594205	20.633974	18.330842	76.681804	7.356755	15.467455	6.272136	10.104942	86.621884	3.915309	41.973538	35.115254	10.812193	14.739904	13.387240	17.044171	78.449640	5.187075	23.860140	129.757178	8.128103	14.112385	26.068520	54.352683	7.851435	32.206862	5.385787	4.336747	15.730505	94.567904	94.009934	4.573652	40.118870	51.131770	25.675607	51.971293	32.041146	1.320092	70.100300	29.564958	129.883001	15.309766	8.762813	14.854653	40.312579	23.952728	129.143619	2.565290	61.683455	12.347751	15.334245	 
132.889019	382.243384	3.531939	11.310400	52.598474	20.439329	1.553187	13.241058	10.534920	10.391843	12.967162	24.175536	45.209836	32.721750	15.864277	92.981254	29.583956	12.495990	38.138263	16.621555	4.863427	115.266624	45.197131	31.096308	0.914766	13.073866	1.140974	69.434019	57.264054	40.655724	22.539930	6.294119	50.738252	89.648095	22.774254	15.294127	20.036981	38.770412	18.771797	28.840191	8.398682	33.736110	91.050432	9.804996	46.672232	237.472242	110.647512	67.962319	8.232748	6.790561	1.486240	34.933217	96.451174	103.967944	2.628750	46.523099	9.532633	39.518956	24.583240	26.807892	86.062600	11.158633	63.079887	1.101247	12.446397	 
53.018367	26.352791	10.587243	88.533172	17.987550	5.118321	27.099268	8.168606	6.117409	75.981148	123.781560	42.623447	26.630475	24.626894	9.587376	54.914840	6.619951	6.362513	2.422891	64.960479	1.803682	1.863789	38.821361	46.740893	126.322023	84.740530	11.469455	42.751152	15.400248	4.513925	53.494205	109.256562	59.235538	56.120147	1.930854	55.150363	39.283481	7.415967	21.817545	0.477149	19.197881	6.205969	37.818260	87.091745	68.532743	14.552883	46.393779	13.504136	13.195017	13.657024	30.605220	10.546186	20.381380	29.753510	106.008868	103.073221	97.030728	18.679318	130.739063	139.349736	2.559057	11.781894	22.084648	165.231913	25.341083	 
70.610708	27.572379	16.150996	54.069993	130.368313	0.319772	22.017739	31.605375	4.175575	15.491977	9.383710	16.323950	62.181836	34.528801	1.699556	7.127280	10.688836	19.314151	130.504822	24.847541	13.883636	18.843258	18.402515	47.378237	11.136805	64.314863	55.841261	2.914326	35.417820	0.664884	16.417377	15.808297	109.771045	108.469451	2.211728	87.813849	55.166570	103.073548	2.036299	18.664988	28.279304	37.620820	18.816414	35.352947	64.998644	3.775205	1.101253	27.025979	15.528515	58.574279	96.505050	62.239423	105.374900	43.306039	70.441090	23.177057	3.587317	53.927267	3.370702	5.170431	116.409538	16.169532	52.995302	45.294726	6.114800	 
61.809468	42.631538	9.576774	54.805831	66.064796	51.181531	3.249150	3.257296	1.599739	11.603764	4.870457	61.325180	71.997964	65.169125	125.860284	69.164193	2.490405	10.497387	82.943075	32.038421	40.210337	66.210653	55.697167	111.977933	27.697270	67.363167	1.647539	31.843452	21.946673	103.657174	50.477658	25.522952	68.546811	14.129904	2.273381	20.731320	15.495466	60.509510	8.450311	73.675461	24.306681	51.209252	41.469190	52.871643	0.742903	42.656258	58.191121	27.473623	1.626452	9.643984	5.365153	2.950629	45.485235	79.236013	70.023994	80.219365	30.290223	13.559855	114.912546	67.283278	7.305518	23.269225	13.779131	15.264825	19.379311	 
101.325905	22.537110	29.013401	4.033144	13.548600	6.507209	30.019621	1.938870	3.983115	12.655477	44.243439	32.915243	12.078655	137.679239	111.846449	56.081628	62.315580	6.491735	64.081332	1.408989	23.724970	30.612900	22.286075	34.599262	11.713045	23.168490	44.439065	10.970866	58.342966	0.926690	11.703815	38.343134	30.008390	13.357725	60.882948	63.223069	23.510000	14.580286	0.767479	154.687166	34.440678	35.657934	155.457943	10.911141	51.384333	7.044220	27.411335	7.244171	10.676363	6.062412	9.880654	12.675291	53.041259	34.609500	33.569417	94.690430	16.315801	22.740467	124.492106	13.141175	6.731282	0.654776	40.467256	4.450345	11.539464	 
8.301416	79.094586	16.431110	14.334574	53.376794	46.978422	63.430260	70.909969	18.964034	9.350179	28.808937	25.479073	28.361344	34.055309	25.215859	56.302443	20.092674	21.279248	0.371624	10.977024	3.901046	0.650194	46.550607	58.247262	4.421108	34.057667	51.755051	16.812439	86.238769	3.531664	15.653468	7.071409	5.666483	18.181887	150.315044	94.987472	17.730004	50.773692	3.924114	13.842649	48.014143	35.894228	21.169514	4.526640	28.980633	80.084618	16.505225	24.147545	114.399510	33.907952	25.290967	56.143922	52.770962	35.668900	75.709880	77.678200	43.028074	35.384177	36.204576	98.243858	0.829811	4.671649	50.035067	49.108376	38.151338	 
26.938440	42.892102	1.295241	8.137877	25.964657	2.630278	25.849789	41.436994	59.692985	20.219313	9.648707	47.336452	24.742607	2.923936	63.345905	3.328074	8.749980	1.392128	22.954174	9.317258	0.337584	1.795285	28.777184	9.383363	57.855847	16.706320	27.089657	20.018824	14.462282	30.654756	57.036962	10.680672	6.988153	140.335280	23.055157	65.484604	33.183174	35.491609	7.630500	47.847661	56.741280	72.031304	50.899698	2.495597	14.133250	11.849070	77.977615	90.558792	77.482561	4.970652	44.528255	47.574105	58.230233	136.173760	6.370894	21.387241	62.709209	22.515168	4.381953	24.243382	7.568575	84.570157	31.581575	17.501277	43.944706	 
64.542439	10.949496	177.456248	63.858664	5.384565	39.453701	130.962919	3.441707	11.449414	57.130290	15.484103	69.965812	32.813188	82.568850	113.339692	19.315195	38.670541	104.384062	100.585946	49.890861	1.491717	3.024450	135.495724	72.599408	2.366997	49.042344	13.453132	19.021212	68.459410	2.154121	32.472941	4.484810	30.582011	25.702210	4.592064	50.764705	42.509636	10.046453	46.417606	7.172186	18.314653	9.409337	57.829686	34.873701	1.479595	41.636307	120.990029	46.443148	1.073310	2.256347	14.762638	9.191071	56.958301	92.085139	22.023916	18.832247	19.175954	29.791505	50.132954	9.439499	30.903994	52.822571	25.730303	59.414455	16.941279	 
44.881420	45.006120	57.259330	59.064669	22.775491	20.385429	2.097540	50.364193	88.759569	6.104528	125.120217	3.985852	42.820325	122.433705	58.205220	13.272417	60.509596	180.911722	37.794188	12.300876	11.664993	3.678778	40.268579	1.182054	0.972628	7.007057	21.131813	29.008532	19.947653	24.714079	13.840309	36.244434	159.755171	16.151538	32.586686	22.931018	140.844108	81.227902	46.967145	51.104230	20.558155	49.345164	13.472281	0.239940	41.341788	20.902955	16.963688	40.730085	13.247231	2.893811	15.801902	49.631997	2.867623	48.349819	32.435656	2.560114	130.067810	44.308889	18.071827	124.883920	20.722994	12.455516	0.019740	23.086927	28.629738	 
3.074697	12.320058	16.742755	51.540926	8.951093	37.704391	83.100000	23.349049	10.791833	4.287668	13.639178	51.092889	1.293860	18.845901	14.990881	7.422102	61.733007	113.556289	74.701997	1.862503	9.040347	0.703540	12.580480	1.179983	82.393699	134.297438	9.386510	105.449478	85.224947	3.336169	114.847633	107.310089	16.140073	100.766345	91.871681	36.770133	57.962209	11.692821	91.150775	64.303483	33.049400	34.646758	19.196023	25.997473	36.816914	29.400670	23.433692	7.878866	8.765885	13.157503	28.388626	2.906697	41.448541	47.699457	124.547655	108.533746	1.051665	40.169566	74.172666	57.427199	14.891801	39.513475	89.348088	190.304319	12.666959	 
109.816633	18.242365	18.074729	66.586244	120.503023	87.853440	31.987248	140.023581	59.051804	189.192696	17.683075	2.589477	70.299466	32.855872	18.111149	121.840181	2.612623	24.837723	7.791798	100.461272	35.140003	70.497288	50.761138	8.843688	4.120999	148.258465	38.710060	3.896766	3.393123	120.885642	31.878417	10.373168	25.173509	29.172087	18.947177	12.048788	24.431146	16.951276	69.125720	86.228568	122.840105	83.375165	6.349939	25.780125	56.899292	15.811050	22.103544	16.120769	25.734078	31.716546	27.947476	23.569788	36.322279	64.186197	17.555812	47.082116	1.507187	3.114104	138.288707	13.498023	33.667416	13.114662	11.731069	46.344861	111.836312	 
41.706521	215.550902	52.720632	27.383177	25.821892	5.123423	57.672708	92.275775	5.266970	13.609870	3.349404	17.324140	39.860720	8.214213	41.127440	63.108526	6.225882	27.786924	185.825678	21.234305	48.039826	4.550833	23.145616	152.517767	1.857548	10.752312	10.354235	47.041063	21.912549	0.904168	13.879340	123.684520	37.529871	51.546802	7.671042	13.167259	85.172433	19.775973	42.715744	167.877502	11.172386	43.124041	1.408007	7.150551	58.551343	48.204768	9.213231	8.715713	1.285665	128.130918	10.482711	1.921859	29.227948	27.321027	31.361085	35.863151	15.652631	21.225156	39.138825	24.967246	32.854564	24.263772	18.760154	30.049991	54.392152	 
23.410372	116.133326	82.644812	69.347413	91.752494	52.289790	58.997279	63.169001	74.181497	103.611135	50.070015	12.391423	10.258034	1.715557	2.901124	10.957032	49.096965	102.644397	36.093450	3.588531	33.949558	21.879508	111.389499	2.824009	39.162727	1.963967	8.975579	53.800719	21.789644	76.839160	8.845320	119.603038	3.624875	100.429890	63.611882	6.361511	58.245043	4.659580	113.934342	4.832171	14.806984	10.920988	28.008423	31.487305	38.393879	4.090597	61.018385	44.875531	1.375178	48.600658	4.502964	50.496512	2.893697	26.263027	122.496320	33.267744	59.944210	4.668814	9.756482	33.981223	2.447821	12.782142	33.457653	51.676367	37.167861	 
63.507125	11.306434	11.923905	70.194264	10.611555	26.099859	47.239516	29.969686	6.193203	64.128864	34.553349	2.395910	27.258196	24.520435	35.684038	144.582656	207.942443	9.190393	94.241007	3.937058	69.032271	38.004559	1.304489	4.439633	25.299319	17.342312	6.813926	37.540524	15.503332	6.020185	8.136660	9.895625	146.257376	17.995104	107.012880	12.319522	82.132788	42.353498	90.567951	29.758230	40.641597	53.436177	7.482653	1.554105	17.108538	20.540685	23.640703	14.703766	59.575851	0.341789	41.761051	16.289483	109.172283	75.202553	37.153622	92.822143	43.408971	63.575117	99.130506	7.097824	49.019049	64.382684	45.094448	1.669175	94.563973	 
14.105683	0.598273	32.666142	2.955931	32.557657	56.775521	84.328285	30.862473	40.340033	90.774873	9.305313	111.222861	49.563911	26.797712	261.898292	24.176064	28.171996	26.019525	4.120717	40.712373	45.447161	0.873387	18.432999	17.110893	1.488137	48.523897	9.955257	13.707481	44.859546	1.404420	50.476039	38.957597	60.823282	16.798578	3.023722	11.104426	24.642462	20.960197	128.155337	124.255333	19.562686	93.398674	105.158169	8.161980	5.346263	117.094472	55.856096	57.732850	13.499404	42.522243	72.821485	101.176587	109.727991	16.496852	32.432380	9.721437	8.692903	22.350749	15.995608	7.392813	12.435747	28.102293	7.773206	0.934235	56.331954	 
33.760313	171.636013	41.492739	44.247521	1.529466	63.688515	14.044334	144.782994	48.409519	28.729140	22.552927	30.857662	61.438423	11.081544	36.703061	85.518494	184.752301	10.318678	6.032029	2.372401	67.378769	7.952493	11.833256	17.566245	16.942416	4.056806	55.531879	9.134625	9.614756	15.394668	73.002858	37.080769	72.864315	18.043386	8.460042	26.601161	32.475935	61.434674	15.491774	11.812875	4.585850	76.185590	18.244427	2.068932	27.734906	25.192286	116.078271	4.291833	1.695134	43.239499	63.868949	13.835728	19.948807	31.822533	12.961000	2.067018	6.804561	32.559054	4.066605	101.672978	56.642702	14.165787	51.541467	4.885992	63.117759	 
20.129255	14.262505	23.999366	55.682878	4.927080	40.228549	19.911610	41.437995	121.354702	25.866468	73.785852	1.555262	55.231555	53.891152	3.789858	32.252622	12.832305	14.686256	20.286228	83.549945	33.339386	17.210712	48.481902	54.727726	124.640508	8.050743	10.965695	139.195153	104.873252	4.512132	29.044564	70.011031	46.196705	59.478774	53.639201	38.004758	68.112307	72.424609	3.096300	68.362414	11.421457	4.229893	22.560447	35.683815	121.081959	8.645638	25.122396	36.101916	56.894223	26.125112	76.638804	12.125900	5.240017	49.566179	8.384335	3.912384	256.250683	23.953736	2.699284	1.015221	30.156034	32.731993	30.654072	106.476453	2.751475	 
14.700293	24.487219	33.260496	4.336753	101.912390	81.808617	94.773084	5.215810	10.866584	7.781642	30.814202	148.530681	1.564184	81.888495	55.121279	10.917072	49.968772	114.155648	4.860963	57.101775	22.846303	28.128460	38.719301	69.171104	7.820306	13.737975	19.289692	1.639184	81.179326	34.156688	1.601200	64.521909	71.545738	25.004971	54.633801	0.905393	10.529313	53.084499	109.771936	9.530376	53.745500	141.389544	28.491565	11.551264	22.261132	3.009768	11.058543	42.462131	10.279017	59.871789	91.867954	16.678616	1.226307	6.569862	2.085517	4.110498	16.574933	27.732884	125.414424	79.940220	11.374613	44.353614	72.471644	48.270577	11.390865	 
1.320988	14.382753	1.889069	21.900503	25.029682	60.708577	33.814884	34.429563	22.171296	4.000542	30.178412	166.858942	10.299097	7.764738	14.580455	4.936739	34.636903	17.710652	72.959579	75.622942	65.252254	7.691795	46.540718	74.586546	66.221239	117.474882	42.125322	16.572232	60.181063	59.795014	30.009140	1.471335	82.888270	3.851222	3.207948	61.343895	81.356076	3.489846	56.532453	72.151716	51.612610	46.887371	34.850022	64.279908	34.334742	195.940831	111.848287	53.496074	27.435863	42.963275	57.068573	5.169537	5.480212	29.263794	74.778096	53.126437	14.193783	46.614897	41.228482	65.871480	39.624849	24.086816	9.105392	16.867529	45.010000	 
3.668240	116.283606	51.142144	4.089586	8.534570	17.514441	22.531205	58.096414	18.576966	57.439569	1.608971	16.599871	57.735334	53.659278	13.711739	51.217150	6.614555	6.650772	50.403614	36.648377	19.354910	9.797993	43.497637	36.360834	77.722510	26.339094	43.538708	83.578965	32.866331	60.501719	31.393105	19.213064	0.197726	207.963037	5.245062	16.412727	33.710222	24.809959	17.056851	10.522684	52.521597	49.339084	6.499797	1.890589	2.557984	195.857740	104.650568	39.029196	40.587852	18.227102	53.810744	26.867063	33.075847	29.222646	56.510793	6.495295	66.600506	29.089412	71.693484	87.948690	15.107260	13.645183	88.821449	67.910563	6.054494	 
51.107225	0.602592	46.547511	69.353005	108.865352	17.997112	28.559703	11.546561	23.952848	116.413988	1.383535	41.004257	163.180426	6.657877	130.031378	23.754961	13.624934	24.415266	29.155669	34.104158	12.653376	1.273639	48.613980	79.226002	9.939641	2.516272	18.250302	110.168629	4.227638	27.628488	119.719742	90.386190	3.647804	7.555431	30.237994	38.314709	56.587029	39.899139	11.466441	15.874382	169.730944	18.062418	11.247763	2.625465	12.821815	33.105158	66.743441	175.823184	11.640796	32.895708	8.909281	33.568720	55.955535	101.116215	50.471128	49.829675	188.822040	2.368732	34.897501	12.628129	12.029980	88.975433	40.718693	37.825802	76.881350	 
38.031568	19.508556	8.120398	117.523453	16.312590	51.132111	20.694893	9.443676	33.721125	29.689960	9.687473	140.239166	46.938956	81.244973	6.251775	157.615213	77.284148	88.071596	4.006415	15.825003	7.505513	1.545117	2.930868	21.527888	22.293583	10.990865	18.179338	3.966958	6.141584	28.401562	3.035697	39.983988	14.932887	101.107191	0.695978	87.103223	7.927491	45.512942	189.848195	11.941600	91.687215	27.552923	7.212441	63.841472	107.433914	81.086465	5.197042	15.736463	23.279015	28.868905	12.350513	38.408173	67.450581	6.414445	12.259416	0.345686	22.114315	18.776020	15.394373	60.848871	44.332836	26.169019	26.449822	45.734557	8.949561	 
0.949808	7.712135	59.105185	3.488292	50.292538	19.460839	16.911126	21.729895	32.800222	13.674351	18.520134	86.360145	22.845402	8.105527	38.264432	46.271048	4.149645	59.288211	14.536299	36.961718	3.393462	57.658848	18.584299	3.213383	26.319453	3.554635	52.405111	2.026991	3.287064	153.299689	41.814828	18.163889	25.125088	144.897580	98.715783	25.780266	35.139214	81.570980	4.490054	85.867462	68.119930	3.290893	5.802207	0.954699	5.704537	31.775521	23.371288	151.426045	23.437634	27.028268	191.446253	179.532292	111.444671	155.075284	10.703172	53.433361	13.164057	8.587930	171.735778	57.332851	0.037407	6.146665	139.632132	118.208822	60.135297	 
30.927463	0.814865	25.448682	20.151637	10.531511	18.776807	42.530521	11.739780	118.700390	31.218987	51.957060	79.303377	114.352387	31.040957	27.274269	8.292814	0.952932	2.963566	9.172926	4.333816	46.143032	54.119764	56.109565	4.390623	266.636948	41.729233	49.899319	31.819465	42.194572	37.472930	32.181779	0.972990	82.115747	25.231730	20.883550	17.277456	1.434879	24.050757	52.329982	24.286821	59.762963	49.431592	46.306153	10.770447	18.151683	98.240833	33.126501	87.331334	17.250233	0.363109	29.678195	8.316429	68.546694	56.667577	8.732393	49.709105	8.098504	56.214367	2.029448	95.755767	0.389673	28.565624	26.945839	20.344463	24.804011	 
92.920669	62.539112	132.062754	44.613634	49.605298	1.966918	16.098675	61.609655	36.712171	13.796842	3.634201	63.437733	7.524257	33.734372	99.007034	47.424321	34.401514	25.993366	2.996335	126.199993	162.575568	20.081068	28.904602	11.431333	2.671387	3.604976	3.683003	36.827459	40.778729	18.507856	14.358817	108.961234	25.502111	1.536999	180.055166	21.663148	19.862953	23.326171	31.159667	19.956856	25.391000	31.344219	135.681036	22.742058	3.049108	37.742135	123.384955	0.578897	1.673539	13.938689	26.251780	32.077948	15.749387	35.035385	18.200635	28.563924	91.996552	42.321169	19.109908	23.692917	18.784555	56.277518	9.528679	68.805476	26.207340	 
17.450535	3.746159	4.622139	26.115241	122.893610	8.034347	19.361437	90.259936	22.950988	13.406563	8.384046	39.583950	59.261568	33.044359	14.341161	73.772158	42.489636	4.068870	30.488450	15.112406	6.864387	14.327294	0.170817	4.420761	42.800815	14.398711	46.548821	88.036131	11.839902	64.517406	13.609290	106.993861	71.284415	31.360392	26.743895	5.667254	28.137964	66.531920	6.250372	11.768462	33.916895	31.897766	49.921565	24.325043	57.112410	44.144735	95.483254	53.070637	21.064681	99.844998	7.198111	30.214779	32.898475	55.726630	21.412343	72.203116	27.628931	15.000154	17.747185	12.450831	22.601147	10.041651	51.309846	75.588555	91.531714	 
42.917037	116.191917	58.785726	52.906560	16.343078	87.649428	59.164743	116.083531	9.524870	44.122881	49.724157	62.581936	52.316568	21.849791	23.235223	33.648952	112.997134	75.695497	28.926505	5.817964	2.562889	65.548243	75.691730	8.709539	28.387853	4.845476	101.185003	23.618610	30.027970	44.245421	35.869596	29.147207	9.892863	36.778025	14.932563	29.261532	2.697702	14.762977	99.394678	38.784621	47.846755	1.392389	46.266585	49.092145	39.908366	17.100972	108.764117	39.668124	85.123011	94.500732	6.775719	21.921945	7.322958	29.811794	9.383915	94.706593	24.425959	19.942902	103.493715	3.080626	8.414739	17.279596	2.908442	7.758115	68.635780	 
38.975063	47.526004	57.910580	201.833956	36.922203	61.685618	14.977821	118.912944	6.612397	40.925081	48.842038	64.302603	26.962143	62.564768	18.947410	9.435971	11.030347	23.539986	19.300956	74.877809	4.128057	33.796804	59.057912	26.043361	23.433253	17.899971	9.320901	5.786938	7.015530	33.290339	33.493762	19.566690	31.760202	29.772500	61.275070	99.520161	67.839428	97.996030	71.675879	12.546206	4.041242	64.692729	26.562697	18.375168	76.200374	58.185151	32.309278	39.921136	66.511225	6.735688	1.790997	19.951647	37.403348	112.627142	12.555400	32.043125	17.398882	19.171087	56.419866	66.420526	8.590581	104.665486	13.669332	13.251324	42.980234	 
13.011059	68.946748	49.185836	10.602672	29.964763	18.681236	81.485484	3.754634	7.223660	84.030764	71.646242	18.816557	1.027577	166.460859	87.577998	7.693485	130.142876	11.553176	61.292450	24.160927	3.347881	12.231493	53.561761	12.336268	40.108316	12.149255	2.975263	3.680851	1.231408	84.642790	8.021162	14.683876	1.501315	79.510250	23.314572	23.560125	6.833945	32.135323	80.691026	61.764816	16.668566	2.503715	19.226734	26.522373	3.410899	56.253472	12.792964	50.711066	62.235788	1.948396	18.659064	66.895263	13.343332	96.307499	37.229929	39.433975	35.117308	52.768654	42.807906	49.613923	13.706513	84.320132	3.092444	114.302814	6.680527	 
50.667198	55.381749	26.100853	13.593105	10.744029	15.288515	57.816687	57.823349	74.485903	3.197485	34.525860	31.267861	76.479182	80.393554	28.217636	56.363888	33.556067	31.969485	10.791135	38.149457	46.675058	28.156939	31.528890	111.472154	33.686711	92.815864	12.209890	38.142780	34.535169	11.962764	8.784978	25.328877	2.681507	130.044812	79.125039	3.768235	54.679624	27.084303	0.975715	19.367367	118.714698	38.770399	13.129663	17.401190	178.394392	170.952367	54.748129	2.346625	44.846326	11.831199	7.750154	1.135437	33.774928	37.708340	5.680779	37.274509	10.196053	7.202178	55.483459	10.389075	40.451606	0.381749	67.388603	5.856913	12.504909	 
64.515761	1.513521	19.384690	15.083138	5.018366	25.338351	21.782916	34.259766	105.363923	74.855403	90.619245	35.854499	69.235613	21.224240	12.038368	2.913617	112.089062	60.038152	66.907066	8.996317	15.160999	39.403354	26.663136	12.441677	35.750944	8.232857	121.388628	121.049073	11.509279	23.617476	41.607680	39.423204	29.706229	65.494506	30.891912	68.678869	13.962845	100.514263	19.341246	19.884517	24.634261	76.588406	8.498873	9.648358	1.388255	4.461834	137.124828	22.253953	7.454621	1.218088	20.347541	27.675220	48.141431	70.182602	23.048830	7.639054	79.241706	38.381506	170.309342	34.771462	8.959289	86.609637	17.459123	6.300009	5.689417	 
21.348207	59.895207	46.537683	13.379975	42.476191	70.622524	26.630573	10.551760	38.593920	33.415837	8.044250	21.879502	16.367060	1.239492	7.761100	12.882964	11.282163	160.095498	2.560234	103.793523	14.640253	5.961328	40.386480	18.908902	30.096371	30.381259	132.274806	96.511473	18.328813	2.802135	73.056362	72.519684	57.398385	33.079464	25.008536	25.775788	36.015150	96.911079	38.363485	23.308977	30.559293	105.331273	7.594888	3.441415	2.029124	50.530103	16.977892	18.913589	5.819863	7.729788	55.634519	135.084591	59.539069	14.742065	53.340720	30.547803	4.718840	39.990114	45.529313	14.960456	26.309376	30.237344	104.052159	42.267291	30.800099	 
182.303075	85.295965	80.894811	29.546022	145.508347	122.286887	98.962437	29.176008	34.762163	26.960473	58.621245	7.763337	1.432838	14.319470	13.085316	50.639098	18.853471	3.898917	2.400950	11.359321	20.712818	59.352230	144.132720	10.223908	36.404261	86.878920	88.552832	15.954547	30.796333	28.048987	21.678012	12.976145	108.183216	28.554996	14.031323	40.589386	69.553887	32.513902	10.694072	52.025260	64.591455	1.579218	7.667957	14.265389	76.616307	2.461860	12.323740	17.955837	43.985343	5.823299	19.867823	16.135641	3.243295	18.301648	61.352633	12.329299	24.913011	2.313308	32.626230	17.181915	3.060374	2.834124	171.669567	5.686146	28.553186	 
160.841584	21.070327	69.639796	203.336384	122.457001	11.448269	14.897572	23.099129	177.530474	0.761870	65.155825	21.674504	65.797421	33.881619	85.626357	8.070601	8.847845	61.260436	85.638903	2.635730	19.344648	32.914482	23.114842	204.126358	23.643374	32.852027	105.509900	56.861356	143.332583	14.436995	70.837361	14.417097	10.271561	24.125828	93.217803	63.689224	110.381013	38.144460	106.553207	163.227984	7.842428	27.586229	1.485188	21.437256	38.050088	21.758378	12.419731	11.139184	1.167987	4.391196	147.625829	54.524043	17.491752	16.141528	61.330610	71.959004	35.157153	0.649180	23.405506	88.105499	1.189140	254.666470	28.616014	32.833048	79.448991	 
32.789162	3.887090	16.596827	2.249960	39.729396	65.054019	2.085511	17.145428	10.693356	79.297164	46.804673	48.175470	219.835308	40.212819	5.061968	78.766688	108.146014	7.825139	24.544934	37.527093	65.238847	48.406108	1.024511	49.241248	10.234447	18.695164	34.773496	9.053162	62.820798	112.354969	111.994409	13.671996	17.776472	21.377945	31.402271	22.815536	2.348866	30.051615	51.261810	19.099604	12.266906	65.298447	14.347818	20.132866	19.297122	29.211055	165.943903	12.018804	52.785975	113.600227	26.777425	7.603738	27.025091	7.868737	1.835112	24.794041	54.609582	3.342790	13.980350	21.943509	28.852974	16.877723	2.929072	11.112371	14.593446	 
15.133412	6.747895	8.779349	12.454369	19.418367	0.766645	3.580068	110.703477	3.522782	80.776528	17.666664	12.994188	5.724559	7.730085	20.048957	1.848081	10.250553	90.317478	15.471134	36.198230	22.616913	48.183295	9.406461	39.393186	11.376940	2.684933	65.860406	34.323058	4.126567	13.825931	40.308925	27.406879	91.366141	131.655623	4.950436	12.301230	16.652589	32.779677	47.794964	15.798958	37.822741	32.939686	7.176508	28.399261	7.257074	132.119555	32.009770	12.484584	2.913632	26.259749	13.901274	59.155683	23.499734	29.512806	30.912007	30.750020	4.867223	35.738631	9.508723	92.954775	10.676528	8.546956	6.980456	35.157996	9.056371	 
21.892152	83.295776	5.093047	9.515873	10.680718	35.523630	26.901581	81.280584	87.826741	152.913208	41.818300	64.080440	31.668307	79.765548	52.090731	54.962319	52.586819	73.436920	102.543178	59.764205	12.925230	16.519031	44.033863	36.107328	50.053123	22.480664	140.961643	4.755666	15.627656	17.937866	33.170549	44.945631	78.571116	111.903107	98.577438	9.235426	8.971702	1.073069	0.744760	7.838915	32.017989	13.813927	37.527422	21.114081	5.526643	161.943161	86.107083	82.217762	6.470310	8.504512	20.025933	44.841116	44.072906	8.104225	87.903516	44.339212	0.614519	6.371366	94.970421	37.349229	14.557448	83.504020	8.406346	1.640921	56.352129	 
85.567351	74.243571	6.872594	15.335168	91.876881	4.828903	52.435332	111.182454	0.278913	106.890025	50.585486	53.498383	71.311699	2.822133	29.010520	61.175729	26.168271	6.647634	166.655119	3.127078	41.527049	1.613553	15.775080	16.806249	42.340273	43.833897	13.787614	36.359918	0.293361	1.984068	0.822677	17.302606	1.446983	0.337981	27.725255	37.575253	13.058531	21.439559	2.473607	13.234869	12.003208	70.470439	30.519069	17.989624	10.022061	5.191791	80.882085	36.961157	6.175171	52.892743	9.013601	3.927773	23.226698	19.659047	13.322015	6.261258	1.414710	92.726956	89.270340	1.137358	1.228281	10.956712	56.660547	29.933063	166.086304	 
12.742605	3.328898	22.361441	6.249402	25.934179	107.084896	12.773034	115.804236	23.026748	85.866248	26.508162	19.731433	13.349591	38.687773	8.403929	1.684835	89.193061	16.234554	18.516003	4.196196	60.851900	47.093253	43.787342	30.359315	24.568039	3.362372	9.384152	8.737921	20.068644	85.965901	34.369302	5.357057	60.222997	2.301984	116.344998	13.524336	0.233018	82.796314	30.750007	5.350461	85.007324	9.313696	2.224659	118.061948	5.146770	100.771728	5.191154	74.147153	7.144997	0.936519	0.894590	4.378523	28.844888	35.519759	4.841915	41.539285	135.514161	70.342882	11.190860	14.772722	7.094558	25.353320	6.639298	1.847693	38.247671	 
89.964853	19.817278	7.853399	77.990186	11.024822	3.540241	7.707509	103.988812	74.726015	10.079552	31.418421	21.651095	22.047847	1.718131	5.983343	2.367682	100.365026	47.977584	9.576946	34.625687	103.461606	23.524419	23.908877	42.782555	12.447284	80.317756	5.004019	47.284423	46.977744	25.857901	23.843804	7.203020	131.905494	33.223334	34.448329	25.987775	5.665565	16.773126	57.749274	90.933507	42.320502	24.732585	3.503184	43.543819	93.060722	6.488095	9.261486	18.091236	9.291214	8.433735	68.138139	31.247480	5.225984	22.468924	47.340082	5.032338	32.874354	83.634791	26.338630	7.828728	26.701733	15.874164	6.696594	63.719620	20.221980	 
15.035900	19.819658	14.334542	70.194687	26.437237	0.830193	80.490987	69.278316	70.761400	52.538481	2.629365	39.520544	38.305581	45.709791	23.199767	12.240340	33.227235	27.545382	14.185249	27.787450	9.337387	72.735289	63.795523	55.540125	14.058344	32.777071	22.105689	35.514468	26.526644	57.069490	14.846335	51.298254	97.491394	80.061824	66.304320	13.446313	13.741406	1.226708	60.481284	45.691001	22.337679	15.078520	5.284248	16.385813	7.816201	0.897761	2.729484	35.943111	94.033887	4.662144	4.028108	127.743291	26.749577	2.111747	7.390199	88.826416	47.761924	57.929169	54.275871	43.097274	22.190788	1.984886	8.832368	13.176038	29.412454	 
194.830877	23.912383	42.296315	53.202184	10.811184	46.853413	14.650386	16.149617	70.537688	21.432944	26.444402	73.465462	31.241138	72.093845	42.704230	26.937042	26.251593	4.689500	14.216000	70.653095	33.229512	12.431199	41.360227	93.618773	6.202376	19.927483	59.479358	2.985451	99.393351	27.214923	7.454371	27.574519	45.345503	67.146509	111.734324	7.940118	4.052558	21.595653	26.928849	15.786020	8.844546	31.824838	37.814822	3.993464	50.175256	11.262961	45.643676	37.996767	27.494518	23.273023	60.716789	13.288693	19.781204	32.061130	24.581475	90.456129	33.287329	62.646752	42.309369	19.337244	13.706577	45.046635	28.842788	13.866030	83.479688	 
32.045505	3.161179	13.804440	8.205926	6.043301	16.161704	11.596724	42.072145	187.708872	19.513990	41.500867	37.253609	58.894575	7.039223	84.379276	68.950869	5.946342	7.265967	49.258311	34.369495	31.060341	14.440057	27.122421	13.792372	9.748632	5.157544	18.424033	13.912530	80.914462	8.746910	16.097112	11.918100	29.107280	65.721635	49.515209	8.375043	5.381654	32.822655	126.601581	50.517429	6.653017	14.226911	1.981406	20.891966	5.483929	2.741900	59.749021	1.505223	12.058563	6.741552	9.764821	29.729471	14.786765	58.047139	91.282422	9.496891	89.128328	50.660932	138.172559	71.273556	15.545813	28.611107	62.484397	71.473366	66.904183	 
46.139576	19.292767	12.644817	2.641816	45.960812	1.836990	5.476572	7.144586	10.867267	39.651410	68.820049	15.487347	162.943710	1.701865	15.664592	19.566328	1.597584	28.727003	122.740371	27.290191	73.216086	37.072071	102.470420	6.560581	33.816007	21.256588	14.466131	11.997594	13.369590	77.311161	18.555853	18.958101	77.130117	17.001950	101.395765	50.172922	169.436659	50.357869	3.575259	3.797931	22.828401	41.497744	23.460623	3.403379	10.212959	85.625340	22.243203	110.219030	6.053663	34.576982	69.563767	35.679031	17.334299	165.394017	25.410099	115.122171	1.887862	71.738042	25.979987	76.054449	28.548632	22.334290	7.981142	24.257598	43.360808	 
23.975880	27.996645	4.469261	26.521803	32.353009	51.916762	5.780743	29.078787	97.732409	61.613412	39.382654	26.564937	46.467931	36.151412	73.830119	48.090097	16.408800	5.339365	50.961000	15.434757	36.001359	57.920033	79.216511	25.989141	2.462628	79.405762	83.537590	32.646142	8.725811	17.436809	19.475521	25.393028	33.265869	38.144378	32.421930	3.726498	7.849803	12.189090	21.761231	133.594573	19.255090	71.752868	2.409874	13.720650	53.690625	22.183998	20.062483	64.640039	41.253687	16.015205	1.307440	54.666124	0.815947	1.968768	26.022025	144.849739	28.579509	12.884350	18.783067	9.917015	1.275237	92.248610	17.495960	61.141071	8.467637	 
16.862393	43.579403	24.909693	29.257286	45.765274	5.688629	18.099315	24.936697	2.940815	103.431945	36.526166	33.378952	60.468535	63.166977	37.403453	1.436195	22.706198	68.410793	4.327859	44.714548	3.657283	142.151189	30.810978	31.232115	37.499579	20.554699	92.899394	49.942963	28.054541	62.719669	54.375633	22.073021	82.616911	48.432884	9.854321	35.838509	127.503349	15.075268	56.066577	46.344171	46.285647	12.082879	32.186887	50.906519	22.301827	57.082215	61.043203	16.172453	63.863702	13.047083	19.124312	26.465998	11.164577	19.507933	43.970242	30.785631	21.894568	171.132265	3.979714	10.956597	40.867927	34.342204	25.795374	11.873302	78.041478	 
70.985087	122.894402	16.562189	25.286278	30.487350	16.404672	53.132749	92.870929	11.072232	107.110378	18.404534	1.971418	64.186678	61.102076	28.262654	45.351982	176.435058	14.620136	5.683829	43.102202	21.385912	85.245416	16.732780	7.146506	33.021940	126.399270	14.910288	22.978323	0.617876	2.391623	5.114675	41.840652	84.063172	24.372461	16.392384	25.992025	77.841571	14.258455	106.827184	54.987408	1.795396	12.322735	8.516659	21.857782	19.146597	105.347930	30.069491	2.168149	15.131997	81.811387	17.157169	29.043285	109.122256	24.206409	33.628385	15.008038	166.313558	67.210307	70.829557	4.046853	1.392668	38.709121	22.814686	23.425949	27.068751	 
23.829192	11.388684	44.655063	55.304316	158.772615	18.772277	14.792977	5.376451	30.067029	8.540264	38.467520	3.479751	49.872406	4.935360	49.385170	20.890569	8.290222	1.495487	155.808389	14.214385	77.651504	6.238124	125.948856	15.882343	167.799329	12.337597	45.319393	28.966705	20.596081	32.546921	111.208876	140.145704	37.506595	66.411816	20.569415	36.836707	23.695674	5.623115	37.838422	20.070499	0.822115	8.766807	23.569758	10.045979	84.638573	23.179343	44.713694	90.965558	78.521403	7.455080	21.391850	111.332057	247.260252	67.022765	49.533177	27.179475	31.857922	15.567728	3.807212	112.995681	2.115517	12.422727	14.946248	32.153839	3.317804	 
142.428325	8.748613	29.520457	16.272596	106.954367	12.309530	3.805410	44.805085	19.128168	39.141932	8.073871	48.756167	35.381233	7.760505	52.030094	1.804612	80.610256	19.233782	34.510663	8.755294	39.629671	28.976501	60.797889	62.583739	41.024390	10.155368	43.432841	18.429942	7.150649	125.362649	49.946215	52.809246	54.592330	158.456822	19.365733	16.265931	34.107684	24.889426	82.883470	39.779213	68.943601	33.717061	64.087313	12.990651	89.237283	2.712161	84.204536	39.599898	64.798649	5.978819	66.677188	13.150731	58.143648	38.404161	12.358960	81.937108	52.315423	17.866153	40.491139	13.608486	145.094503	9.859361	9.390534	45.564261	4.337600	 
20.400727	116.683877	64.532825	78.799283	64.973915	2.027633	65.428854	2.714549	5.238185	37.976182	37.217465	18.259299	2.315534	4.422604	43.262162	106.942467	29.253386	1.513455	95.841075	88.142283	8.824949	268.617451	7.959084	81.592232	41.261137	71.351824	11.267133	1.614018	17.451211	98.827924	52.239594	23.615611	25.251330	4.780017	48.377652	8.697389	33.065850	14.065498	35.398197	92.950222	153.864963	19.216927	36.926184	132.095817	10.445308	35.992042	7.096391	6.982125	39.640876	28.189448	1.074705	79.740066	78.800004	19.006217	1.934149	6.897105	0.991542	8.401496	203.387595	29.797489	65.362485	69.784304	2.710231	0.522925	23.397512	 
91.938709	32.864100	149.068002	28.470451	24.326464	69.276033	31.013408	68.024393	53.535846	6.040468	28.264029	4.625191	25.012787	17.844903	31.339292	43.098368	31.046843	16.569172	10.894239	139.323550	23.636122	4.486246	22.349966	14.458335	42.755789	31.739848	0.150655	0.571897	49.865538	30.308695	29.921678	8.262203	10.637352	89.580954	79.725911	69.761625	10.803647	24.966181	38.500284	24.132798	90.007994	62.494646	10.045991	8.672318	10.797438	71.440000	21.474116	37.213205	58.512803	14.474975	48.090911	15.845038	84.625624	10.660741	3.184134	7.795427	40.814994	3.031756	32.049551	32.450595	2.180995	70.861794	16.627141	31.066180	15.338436	 
53.283765	1.321941	3.241205	116.685384	4.802520	60.209664	56.764440	1.536367	44.573753	11.086204	1.527067	30.474032	7.501959	112.790361	47.692391	20.956661	48.802813	2.699295	48.571240	100.786752	63.473939	20.892752	44.751522	22.095420	32.773961	49.337223	66.156187	21.481235	30.002756	1.740316	22.148886	6.809497	40.175592	16.881446	12.171334	130.467175	35.172599	1.680203	29.611027	19.580053	151.293909	114.808126	45.769677	19.460053	1.304385	126.709287	57.202930	29.724535	14.604865	20.517249	61.559947	7.643675	1.296152	32.487503	33.221896	56.750132	51.584105	6.583628	93.262172	22.829223	26.755374	22.903969	76.788291	17.744553	6.501521	