64
0.000000	29.218511	8.707136	66.455797	79.770428	13.553444	3.662245	138.691407	1.577080	12.673484	42.425509	10.109436	17.904405	8.321780	22.280251	11.247115	8.706499	79.689069	34.233091	72.556405	40.959983	8.833255	30.899941	75.858375	17.431226	54.070081	78.926680	12.742210	18.211488	26.265179	82.907094	4.601613	60.523974	42.661837	21.246140	1.577389	30.124367	14.216159	9.411900	111.069145	26.048096	55.061235	84.866596	5.063497	12.990570	17.203257	4.793438	21.135144	28.794160	37.118530	38.429502	83.208168	82.688300	32.933318	10.947170	123.541996	31.382638	67.224405	30.795942	21.448473	5.438230	45.743588	0.380198	9.380600	14.650497	 
14.045269	6.701960	86.708218	18.586588	49.340643	18.954188	23.716254	16.988413	40.648479	2.573876	15.786702	110.888312	29.881953	91.142475	8.458826	9.869787	12.967135	60.326544	39.407374	34.849636	112.902927	3.624959	66.393233	17.490124	39.289061	57.175869	53.174267	61.705201	25.247480	7.609302	14.909252	106.174047	32.232038	12.390554	10.414315	6.494864	5.717926	30.194724	36.506707	7.105605	67.563136	67.259752	11.811286	49.826830	27.773196	92.671748	3.154489	14.608720	0.872317	108.897390	86.794595	29.350897	153.166646	60.153114	7.926669	0.276755	7.261196	172.667654	14.895131	17.427780	150.464602	40.634531	24.322307	86.061776	5.486701	 
69.096994	54.090160	1.683554	76.604296	23.097644	54.519743	137.679943	37.841577	1.165767	30.388574	21.158829	102.353196	20.723078	13.217943	5.868192	90.430460	59.061424	75.511812	62.363225	16.207428	12.835594	20.186422	12.185477	7.596443	76.515749	3.997545	38.324107	97.146969	23.862998	95.082376	52.120664	26.442655	15.650083	100.574298	4.975016	3.932435	37.019674	11.356799	57.799117	63.262015	28.296470	14.073503	7.753482	25.217544	39.780767	67.680195	9.809993	38.721316	12.006131	82.603104	14.696529	35.377949	28.659001	56.775842	23.568168	43.304501	7.602290	4.074598	13.168954	34.245620	30.417909	17.625377	11.774144	5.033466	113.201031	 
35.089571	87.136338	32.504275	7.314279	36.216426	48.870675	11.073374	74.655268	34.189819	14.574974	12.395128	32.996330	0.687872	33.598894	61.205358	26.233808	75.125804	2.256004	91.524855	43.696945	0.643665	131.455811	41.409121	12.910707	263.031468	9.383090	54.645901	7.498715	5.508472	3.753632	147.577988	8.473815	24.551417	46.709524	8.073317	13.613432	19.813467	12.501183	25.013903	35.720761	17.809277	8.501348	39.851897	40.699329	26.308882	4.252098	120.136988	20.940702	27.844009	61.269032	27.653614	14.939008	115.095030	107.714259	7.147223	28.369918	61.065598	107.268086	59.893886	13.589950	39.462867	9.201190	160.914325	18.526567	25.800404	 
4.731247	32.871227	7.565020	88.693241	13.580021	27.818082	4.156208	13.896360	4.434713	11.655034	64.188859	49.287583	2.926927	86.790803	24.682071	93.074784	61.186435	30.449216	73.513486	9.047696	43.784732	59.813318	46.484594	17.296394	63.999354	2.229023	19.672566	12.259618	13.259568	49.934054	40.939625	10.224931	71.611903	1.695133	14.963368	2.671326	40.018738	46.328959	34.652288	55.169270	30.628486	30.094770	16.179021	8.169354	4.737926	64.973940	4.073829	31.011286	29.553039	8.370163	73.353971	117.204153	3.602110	10.688613	35.206053	28.756984	1.341471	15.349356	40.842411	7.259587	12.782537	14.457613	27.899229	27.818016	20.715556	 
2.558782	28.009854	16.096024	63.281956	0.603131	5.275746	36.214983	90.790483	30.588482	120.324417	22.325979	0.918146	15.876478	66.346654	0.371461	28.060818	27.621262	41.136192	7.101123	17.230787	21.735126	56.346977	0.950786	108.487124	21.057163	4.381460	14.029577	13.209780	95.546804	10.763977	131.975883	63.019483	21.301008	12.519025	9.335655	76.128737	41.627886	99.104040	74.780564	5.938778	46.417281	8.359044	3.434432	44.857262	32.795970	30.685662	36.622767	23.024274	28.344242	4.871087	87.145826	31.818368	31.657404	9.757602	58.104234	47.133251	11.837218	42.048392	59.537402	25.905194	78.640222	76.233563	50.931150	30.599611	0.753434	 
28.020639	23.185149	32.837785	20.131173	9.836450	13.384931	9.052794	124.663327	35.840415	59.492856	6.072771	209.769250	17.030323	2.866955	67.075889	25.659367	19.695772	29.494294	102.351909	27.032536	46.993528	20.197887	20.680794	32.631569	16.870139	72.405405	0.488941	5.097204	17.094464	23.697619	7.454795	74.462364	14.132790	113.272608	79.484812	94.153610	97.115688	3.389326	55.898701	103.907621	76.922481	50.005710	23.984663	17.852123	24.306060	66.396548	25.713296	99.224762	29.633957	124.708716	13.243402	5.703205	4.848677	9.119152	7.055202	5.609336	50.606151	17.014096	33.877578	20.484803	81.577515	70.923870	20.322950	134.613969	87.177627	 
97.314927	29.741604	125.159585	65.170874	10.665310	31.592188	69.948958	1.534347	38.545696	17.127928	10.641246	65.568097	23.053147	7.316183	3.183189	26.810419	42.113845	10.202977	24.351449	43.266606	5.384028	3.714171	210.095877	48.522172	107.841035	87.016585	2.153273	67.414796	15.750791	0.653268	10.184430	26.023856	3.777096	85.955060	2.171105	3.493762	5.285821	5.149369	5.803780	8.398033	15.153575	45.290585	15.412957	48.488847	8.304006	6.040774	4.596866	161.108360	55.653089	9.619179	6.382790	26.222641	3.409563	16.938936	100.646831	63.665407	37.400970	61.978915	5.249446	127.414928	42.066747	28.455602	134.285385	36.758340	111.987283	 
16.796242	61.656266	30.582382	70.414547	5.112669	34.862362	42.401325	6.952039	4.486519	13.322706	23.288123	17.192040	57.501865	19.956126	7.861619	18.367834	25.030104	35.483595	70.707656	17.571716	81.897119	46.860712	7.938444	15.797084	26.838915	92.765348	28.774390	19.714684	0.855557	33.103212	35.178074	38.791458	20.874764	38.193192	5.974624	130.360666	49.788124	22.702635	58.023195	50.740596	30.979767	104.809978	8.455641	23.714244	63.582974	28.899914	58.087451	53.167944	115.663162	3.518211	138.191487	34.583597	76.045607	55.572478	161.980221	133.048683	41.048452	35.349468	51.785994	56.980899	59.014277	48.751748	13.437460	33.524135	25.639889	 
8.754754	89.316082	129.967385	27.119219	9.692121	7.575850	48.358686	39.485465	161.623926	9.141034	9.411959	98.315555	11.754356	76.371236	9.567309	55.770068	58.517448	17.928019	62.884054	9.368637	18.573511	42.200049	3.539398	50.337705	14.121245	35.320792	11.112798	37.272365	17.602225	79.247632	68.229342	66.203290	51.894814	48.982503	15.478819	20.815579	85.170454	5.285618	163.284298	23.834627	6.024914	8.853858	8.716299	6.229009	146.713027	19.883368	11.925982	117.017406	3.759161	23.504189	2.815687	5.805057	31.752654	13.972713	5.979161	28.462515	64.081233	11.231057	11.618221	79.470720	4.572042	10.141435	2.823658	116.974149	46.282279	 
26.797552	2.193964	15.526886	45.671474	6.211310	80.756401	11.331893	49.341152	6.366603	45.642405	0.269852	32.686878	27.364571	44.969320	11.166043	14.345993	17.027525	18.077849	1.903939	97.059361	123.730949	3.828947	48.079676	39.675294	127.331327	27.514727	16.726188	7.984041	59.911855	53.253362	16.751962	34.304743	11.009184	60.140238	65.516146	5.691349	10.670335	21.840594	15.572647	45.744600	143.601142	195.084471	3.988269	29.762680	15.223503	15.597523	2.278618	10.290764	7.849646	28.888806	1.806384	37.294890	43.081747	8.191884	91.216638	23.429571	102.538457	35.213739	17.108430	20.564783	18.123384	18.595151	1.531047	73.210193	30.205424	 
44.975259	17.963670	4.733005	18.608525	8.959078	48.060504	29.889213	40.819007	7.776404	9.795860	138.586148	4.541973	57.603073	21.705620	32.233374	115.808171	21.018394	8.758108	11.774433	8.854735	0.444265	84.797423	10.950136	16.158026	47.960122	39.191404	9.235467	58.367410	90.531032	78.661315	26.309996	51.281105	15.336560	115.219809	3.611055	116.262264	11.918034	6.143554	60.660676	171.533313	136.195552	28.907368	7.178246	9.157376	27.556044	8.280589	27.335887	26.865312	26.451379	11.123329	19.613789	73.826189	5.336000	48.284864	70.530798	9.121748	40.778365	143.656566	12.460240	17.350980	20.038124	48.067058	20.738066	17.527053	2.694014	 
72.620747	90.412658	72.828576	3.039620	0.256699	34.604371	7.441643	32.257070	91.725577	97.356868	28.403602	13.552696	4.956469	60.666357	86.183023	41.786571	67.366177	26.735041	30.397016	85.979776	1.569514	139.655155	83.595119	43.131219	29.317969	15.030123	8.863354	21.650197	25.538438	20.959771	2.251610	3.075608	13.604332	25.454956	40.882418	15.122011	5.581486	93.012287	108.338398	21.886423	19.099655	65.980000	21.905354	33.573150	5.642923	11.501948	47.993826	45.522147	10.816626	41.177565	4.906705	6.919497	85.100752	14.653865	3.121562	57.203504	38.152927	7.109434	17.182307	90.544300	29.086861	19.720919	134.395907	7.132107	21.050633	 
47.954811	107.556211	44.325382	97.211210	25.531614	96.038727	103.537826	23.403373	52.497647	47.801790	13.740986	57.098817	8.420689	7.061127	30.005915	9.787682	26.276527	83.288045	3.720706	11.478183	15.089496	17.981685	35.820283	50.007916	68.658652	1.284780	11.691592	2.603799	7.129548	0.379591	99.348081	15.738361	35.344048	16.114489	3.554016	4.503477	1.920562	50.012524	109.590355	64.566275	99.932405	62.563699	38.585781	72.002513	36.122173	31.642292	19.058835	37.566718	3.952833	25.777684	54.379027	62.146989	56.177978	19.990879	16.247918	46.763416	28.844508	7.731101	136.087077	32.818471	51.128559	10.316225	95.870781	61.272958	37.960714	 
32.235711	18.302517	16.441744	49.470429	84.038979	28.858202	83.054454	65.115507	28.650711	38.839564	13.000091	82.286019	8.641139	4.372319	0.335997	26.890138	3.427286	29.553822	79.544486	131.343883	15.008701	63.336158	132.300656	8.592215	45.295369	27.576720	22.313730	58.767351	28.763734	50.501245	21.364729	5.976035	61.876713	161.585630	5.043976	84.531177	14.739508	42.437621	31.654480	95.264244	10.697094	3.025136	43.848803	79.138122	12.103966	46.959826	179.679723	13.547338	7.132443	18.755382	58.855051	10.132927	72.595940	12.338928	83.524320	38.407600	1.366732	143.792191	22.769236	18.886347	8.399055	21.074371	50.428253	4.328411	7.173072	 
12.745302	3.571712	18.774246	41.644142	64.541764	1.166072	10.626604	41.280947	8.873816	15.403245	4.135731	67.419141	0.844037	49.000662	23.841139	28.581491	79.305684	2.939022	37.724352	6.653545	5.181678	7.835445	85.472241	5.587188	32.574909	78.320344	60.038218	63.017502	25.294039	125.721882	35.804453	0.809048	10.271542	33.682200	76.924370	6.533578	64.354536	3.225033	61.859655	0.512343	38.012454	10.318566	9.203677	15.597372	86.613485	17.288985	66.502450	41.383359	6.041502	4.690189	31.766699	93.110441	43.450582	42.821387	63.071016	6.496855	25.944517	11.427404	17.712701	15.482265	11.836007	4.379830	80.943621	34.600609	62.115044	 
37.025511	129.914931	93.377762	34.868300	70.074488	58.610009	121.339012	130.004236	6.331517	69.124853	15.843148	162.991972	35.572242	45.439522	4.214767	21.526564	9.314643	37.589818	4.068467	29.711713	56.229976	153.742287	6.804029	12.569410	96.071314	9.640643	4.819482	92.123586	14.194772	10.214514	145.014055	9.587127	24.547507	19.290623	2.275224	16.136724	17.562036	12.048069	4.580492	21.774216	42.940516	12.446213	27.202860	6.187236	9.283705	25.827053	173.530252	7.460805	7.845988	94.253133	10.692728	16.265964	0.211527	15.234832	13.350414	8.811149	14.819479	21.232890	29.121196	21.278943	97.447052	1.640521	2.428918	29.776062	72.439586	 
47.748676	64.858368	4.592701	86.176279	65.728874	73.427965	61.892743	6.253911	74.423685	4.918210	124.156396	25.836877	2.782435	63.424596	17.555211	109.895329	18.848514	0.574633	15.398143	19.908112	76.491068	37.430977	34.432269	29.841028	19.764350	60.979372	0.827111	15.221826	133.672139	67.045087	109.034831	53.658201	142.465148	46.152172	48.470220	9.138828	62.359879	11.533022	20.162112	4.314254	4.658587	13.564104	69.367123	15.589765	115.257088	3.135624	38.224926	14.782761	1.294304	20.291863	11.091417	17.587986	11.717157	44.770976	1.624402	97.377902	7.609618	30.450906	9.724303	15.896418	15.615188	10.464876	49.455788	37.525954	2.120908	 
36.266080	29.842005	31.239120	98.997343	10.442461	37.728779	40.632544	9.836489	14.931302	99.609432	26.100906	30.225634	22.194078	32.264390	2.193343	27.130479	50.236799	5.043286	5.374783	110.078312	26.739636	17.840146	21.790780	53.393157	45.271907	63.644937	76.057870	64.691755	7.273925	0.434195	50.327788	105.265113	60.555012	100.384689	36.273017	133.084425	13.024063	21.149700	189.893124	8.220910	22.143693	64.432390	10.620547	28.027593	18.354598	43.043455	68.371438	92.381945	41.058636	47.239894	76.738659	3.433646	29.804139	51.081993	18.725787	54.922708	81.423823	4.927184	89.666321	63.053934	38.040704	26.612043	84.124695	5.234500	50.487125	 
17.389539	50.726291	8.928222	40.232974	48.552879	6.492280	5.899714	10.236336	10.399326	7.295240	5.786792	74.794431	12.593822	28.102593	16.028726	17.694818	16.000344	21.700504	95.895225	10.924099	13.641991	12.653653	13.588831	196.046235	19.947071	135.395606	4.924055	63.529488	87.765183	19.424151	16.696107	1.543561	25.056770	4.038627	3.972565	22.113811	75.267244	148.660887	3.261428	12.471143	11.894817	15.697530	50.070567	2.617177	1.351518	22.760190	15.158630	0.360328	228.247541	57.328669	23.107429	232.270795	13.065797	81.557720	35.458160	51.820677	3.559714	56.137155	93.741169	12.680068	23.002645	75.160671	32.753073	31.299807	26.006020	 
32.192508	38.638409	50.865888	97.645847	9.243978	18.209212	90.384309	29.452629	29.696065	45.101800	4.442817	24.599346	25.859674	4.961406	24.788615	1.900603	4.461216	35.641254	30.906529	25.166613	12.369090	45.004556	22.247494	177.533945	9.279413	87.965844	40.837580	12.585682	15.255684	33.952125	8.011531	32.303864	12.957997	9.130076	24.080921	61.303395	1.501875	18.200811	75.038643	44.563182	47.056376	1.940358	4.146268	150.259012	58.330798	37.151730	36.731712	57.483758	164.191826	3.506993	61.307006	4.035041	42.986633	98.314929	122.654615	41.767524	2.563192	107.914899	99.651140	4.498637	27.617360	30.153396	6.008589	47.843521	128.777332	 
111.727859	9.150265	70.826912	0.870976	18.354308	62.615893	55.385308	76.580640	0.656203	15.360726	51.306255	165.967051	96.775387	3.013943	39.200733	15.809882	26.758036	4.744796	267.303256	51.554455	30.044374	13.321437	61.349212	148.642141	9.417277	12.109437	72.825554	22.405128	32.842298	47.457651	14.480353	100.424527	53.366563	69.135201	24.486638	37.854290	71.736795	0.288124	181.572324	69.016182	114.419881	16.339819	13.110789	13.578309	5.909302	5.646730	107.614676	49.409124	4.678696	32.976700	8.808370	69.934203	34.432268	12.184277	55.482530	1.816213	2.778617	0.153574	18.007680	16.772178	31.098034	51.747935	74.947083	94.227336	15.499646	 
62.798835	14.113909	4.643749	26.915544	11.010554	49.308338	8.810828	34.979447	67.331374	14.733576	83.217132	14.599821	39.496165	3.076735	29.199680	119.982306	7.462828	46.380814	54.949614	34.930451	67.941708	8.680601	7.248821	27.599295	4.215150	17.601201	21.015905	54.499790	199.375875	13.916481	9.456658	44.640720	141.178119	6.993552	2.098007	17.251189	18.932586	96.777818	213.230067	0.212729	28.058065	10.324324	23.026183	26.288931	3.940487	52.779647	28.336526	24.620210	45.685165	112.937984	4.683770	142.825395	11.072563	0.342560	1.771067	0.749187	16.535379	136.748239	191.006840	1.233369	6.631243	96.860125	27.309528	46.173051	44.307631	 
88.689989	28.885821	28.048681	59.233214	15.941447	18.473680	47.970298	43.689939	81.709237	9.284070	21.820419	73.398639	17.918550	15.073627	5.360783	36.161111	18.164452	43.353352	35.332421	78.265977	40.990288	58.369082	65.034289	7.370484	55.767487	19.528993	5.735767	17.949753	73.614126	8.444959	39.397957	95.536359	20.992211	45.015032	142.533359	14.544148	9.678928	32.897386	36.840173	19.480023	25.762959	24.408660	16.118852	3.847012	76.482066	22.544798	28.551258	2.432684	7.287100	101.989015	28.643580	31.508936	3.444098	50.345005	38.121233	16.989135	164.245956	160.888836	50.260665	43.493750	6.941189	25.830306	21.875953	62.599486	26.364025	 
24.095553	4.285136	1.110860	24.022221	8.684621	61.394396	82.293075	140.454666	28.347490	34.335692	5.584980	11.365736	5.599738	62.897216	1.621065	25.699851	3.479241	7.978653	23.060374	36.490889	62.170204	58.600749	57.964057	41.079182	18.578749	36.106906	14.158635	41.953216	138.930912	23.373592	4.735955	133.147506	119.738602	11.189338	17.314042	31.532314	105.200128	26.482040	8.547347	28.510651	35.290763	37.353836	1.422090	2.616982	18.914397	1.813955	38.662889	5.168041	32.380493	1.273104	15.396138	152.007403	71.531541	17.300094	9.585733	28.407683	6.413042	37.677878	26.875771	297.991045	44.131404	115.480561	29.302158	65.608725	5.789646	 
8.946963	60.164496	12.484765	112.274060	48.744858	121.282492	5.684323	40.378453	45.063814	16.714659	65.425784	66.540096	71.591208	14.650566	115.876571	0.628007	83.699054	12.202198	5.714665	39.613583	7.481431	11.454430	87.863098	15.923345	27.464562	13.528310	25.157490	69.975726	27.160223	2.184152	52.019926	34.272709	34.207248	26.085319	14.462728	4.131342	10.760264	21.207900	79.020411	45.791235	2.542335	20.959988	2.532685	10.830934	137.350198	7.994298	37.847261	72.685857	39.053779	32.139046	50.764888	75.971164	20.869598	3.340263	89.186289	158.971700	11.512144	5.035141	12.827249	44.753114	7.096424	82.765699	45.014318	56.263020	62.506892	 
55.333321	42.191511	17.699687	3.691690	3.174291	49.007610	22.056157	10.431567	33.746249	12.367638	26.794023	42.850233	11.125173	51.018137	7.154012	46.643725	17.449043	2.371018	5.901194	67.088596	9.326030	36.010404	15.165392	42.253784	6.581833	45.719105	2.098597	1.577146	40.758778	20.472491	59.929320	2.404604	6.798285	24.847459	13.550593	20.309865	21.105874	40.287355	99.703204	34.973141	11.314065	28.634141	38.790874	49.661266	30.773550	16.642145	21.702503	55.349122	24.539272	8.199310	45.939830	24.568388	43.377459	0.838550	13.528652	5.928599	40.472442	28.320679	2.567390	44.139133	1.348264	8.721596	23.514043	13.760842	84.318990	 
71.732196	5.974955	7.063068	33.908095	58.015878	37.738747	34.971862	6.348075	60.949037	136.904350	2.227357	45.628978	9.443072	80.429288	29.235441	65.628261	77.970966	45.392012	103.509006	32.502818	2.709502	8.473102	1.399986	2.627228	95.368377	129.877397	84.237623	3.531026	18.853719	48.924615	75.572055	17.099436	7.957126	9.447538	22.340211	5.516797	6.121267	31.074749	6.182298	17.066568	8.960699	34.007167	105.239078	214.734101	5.874702	13.479648	116.285517	37.864507	41.819774	12.856126	182.406799	17.022362	5.048285	34.114213	37.515583	14.056842	35.091904	42.997413	17.426950	28.073372	49.551127	46.551641	13.443263	78.591617	17.748104	 
5.478377	25.381283	18.401024	120.746136	13.396590	3.921579	109.325089	25.189736	20.711516	33.635987	86.609299	43.797456	7.944691	90.288700	10.899011	120.161082	63.255494	54.966480	23.446913	3.724448	130.259422	73.193248	56.192441	0.704500	29.382480	10.501592	24.218562	56.911373	4.734298	93.464514	18.159489	98.807032	42.953498	40.392539	9.463810	68.453391	60.963358	29.469403	21.651425	161.321417	19.300469	13.002886	100.474394	14.617411	157.786275	19.382372	74.488662	39.933858	39.624411	10.927559	6.726624	3.468252	36.820298	35.969096	37.882531	47.233224	23.826241	11.104974	0.598890	6.268736	68.187835	47.997786	71.589211	31.249887	69.417058	 
11.357197	0.524805	36.927477	85.326317	1.225300	33.479268	81.723325	16.641979	12.719516	18.726399	25.348732	5.039242	33.780249	11.965733	69.929688	3.547995	28.796386	53.434101	18.433829	10.645291	69.907216	17.919586	67.145262	35.164592	17.498351	31.599721	47.678011	195.276510	64.939496	3.783152	107.581290	28.307189	196.354836	0.429680	83.369060	5.493183	16.494157	6.408360	26.587644	5.134400	35.710474	10.141204	27.045416	47.612773	4.714038	8.823290	64.381826	0.731676	33.602741	63.731241	25.555220	38.584171	34.377004	61.720231	29.003000	47.594820	38.671657	66.651874	24.042628	20.884761	15.609263	0.700011	0.592849	42.375202	7.518440	 
78.261834	42.008355	4.328430	72.412765	7.569717	94.095535	106.315153	2.218985	116.440380	32.234724	11.127033	34.833780	237.484627	28.682187	43.240084	39.332486	7.011542	3.489525	27.779595	2.318540	2.568357	35.494689	33.954208	81.949553	37.491247	34.329573	51.517132	24.640897	8.709262	46.871937	7.844063	19.649894	3.314437	1.831125	13.144227	108.622012	163.408344	17.428926	138.084853	32.879164	37.057023	81.217386	11.697483	14.988459	118.926474	67.407708	33.099958	40.945376	7.358190	61.540975	12.721871	33.497739	108.416765	99.237374	9.937218	12.647934	32.451840	40.597838	38.316818	12.303311	83.852216	27.642727	138.513659	24.976425	22.284889	 
9.322602	8.726931	15.673032	9.022723	30.421753	1.892363	23.965112	56.750369	78.139012	55.247185	41.169023	4.507458	4.485477	6.405437	5.246071	34.249176	4.180148	6.169047	45.656664	2.670775	47.450410	81.041326	16.072111	31.320079	170.659820	37.033389	32.994333	6.068483	19.810990	36.177380	43.649870	2.948426	10.571194	6.919993	50.333416	28.273632	52.615827	128.219575	44.303096	111.773525	87.072063	55.310950	33.931484	40.583513	10.786083	18.476145	36.299461	39.859795	30.634624	36.270280	77.712420	37.300891	48.989115	37.087435	0.679738	52.778442	18.879318	47.095332	133.795752	11.063442	45.848794	7.244864	31.694813	61.256297	15.304156	 
22.582224	30.873746	11.297117	21.299566	23.104502	9.545172	121.264061	26.596889	10.348767	26.565680	3.516714	46.053727	105.316835	72.863742	18.125134	7.112780	66.897960	36.895258	12.177191	21.077539	69.603804	96.875748	67.227673	21.665250	6.899310	97.038799	9.205270	41.402457	142.638111	158.673610	67.856993	34.443845	5.690163	29.276212	174.312125	40.915802	3.097490	23.780236	56.572339	17.162950	22.051894	7.509336	3.264377	2.989224	117.009870	17.980220	13.715275	19.168456	8.563946	172.202218	9.078029	73.034744	36.387983	72.327535	3.484457	22.089322	46.077812	11.531124	25.725603	70.621418	170.596560	72.024980	8.289152	31.289963	28.758893	 
27.170396	25.055060	0.854749	18.092266	4.324196	38.430430	3.108278	18.050623	14.200714	43.145209	18.707760	57.463854	1.604358	4.887771	60.659446	9.772226	0.907353	35.704869	22.664913	29.429220	30.972894	151.840344	0.667755	39.887461	40.409130	17.139205	49.605887	37.794254	6.011165	99.362006	20.526840	103.991909	15.218476	10.739135	0.554016	55.721370	64.287641	77.289817	81.466035	47.056757	10.740167	11.884417	53.469515	103.185561	49.052453	49.077344	6.610071	121.228788	1.981295	82.583237	12.469266	13.584653	96.588718	28.428530	2.275800	19.654374	21.843823	13.955403	1.295159	22.954306	1.791100	149.705020	19.405740	21.971170	6.414359	 
167.373049	1.731314	26.119099	71.745602	18.244416	55.906372	5.767406	21.103056	7.347619	2.304561	74.768329	5.749481	75.153456	18.254055	204.675321	41.704862	43.684550	34.087534	170.216317	41.859219	16.224933	2.429996	34.773642	6.137290	2.381995	145.240334	31.892979	157.040659	20.563559	28.800441	9.165526	6.273673	65.802656	20.562856	3.035489	4.471942	62.187236	44.435168	38.306177	3.812455	3.344313	2.003076	45.448989	15.268469	93.246413	10.238328	80.297518	61.359088	2.034181	92.322697	23.899893	90.302160	3.635922	39.819048	64.591645	15.536649	5.246810	13.933630	35.722647	43.678457	80.945836	35.799279	18.655474	46.261480	20.710794	 
154.419108	26.045600	76.598333	111.294435	40.179592	38.668085	18.028349	115.922245	20.510608	8.303395	70.467887	19.128820	27.260715	8.882405	5.764364	40.661725	64.902386	14.161058	48.609697	8.926085	26.586729	0.542679	28.856113	103.429925	79.100956	35.400496	1.053890	157.768099	18.562895	40.196839	58.320436	24.561567	45.854085	97.959149	11.028130	22.767290	44.888424	147.518427	42.490686	57.448571	9.299064	16.394990	7.915454	2.240754	14.385209	58.144554	39.468316	88.086559	27.276999	22.321817	15.485724	158.702463	5.580796	57.475642	133.528383	15.843108	10.535069	44.922832	68.389811	36.166918	33.636189	109.103069	7.793575	41.070101	5.722937	 
66.687491	43.618519	75.579816	11.052488	4.123402	112.817495	148.672562	4.195092	19.906520	80.883140	20.906867	75.470054	126.173006	4.088950	75.994347	14.891453	137.171497	219.958573	5.953880	5.285845	119.618196	27.896153	179.423476	141.354580	9.421666	69.009459	3.226285	60.970081	76.124290	34.064917	5.780252	22.094093	22.998369	4.587310	24.553799	50.948082	0.381880	7.275119	16.392650	27.959165	8.639376	33.832235	45.357900	47.068392	1.900432	94.319060	59.348087	34.373586	49.867877	24.498538	2.477392	94.082566	6.607051	28.325199	74.802054	14.854426	27.114614	23.774560	22.646347	31.030646	132.499463	46.121907	72.302680	21.487236	29.293062	 
86.561510	43.307080	19.357408	11.631753	73.554746	22.413975	21.696274	1.731819	25.957737	4.150759	60.029167	15.271564	29.124296	4.555092	7.909228	22.424370	60.555640	114.856680	27.538341	44.233159	138.472125	90.925165	3.563280	6.527170	6.252643	3.815371	10.084100	15.915164	58.237154	1.689806	22.794028	21.085707	59.896712	17.036300	21.680159	39.193646	85.602223	4.332330	15.238053	62.264107	8.977929	56.491176	9.818150	63.093499	68.175031	30.056765	8.576080	40.087895	5.503657	61.654093	48.040804	46.023148	122.067933	17.706329	4.510634	63.557246	104.863460	24.585019	165.467773	23.302824	25.695611	34.370947	51.495338	78.671948	0.647184	 
78.827172	18.002935	32.853404	3.625400	5.659075	0.068158	24.874469	3.072586	6.411145	49.145707	121.990787	5.147337	100.962709	10.957845	6.750011	13.234687	11.379858	83.627815	9.742491	41.118432	48.019143	24.291123	24.449823	31.638020	34.942899	74.641530	57.622020	24.339516	3.222586	50.017822	10.290669	19.861397	36.998597	3.969948	78.297025	72.549677	5.052094	2.718183	34.506561	55.964304	18.151565	8.086393	102.139338	39.361814	15.810509	7.438961	101.587204	84.938086	0.436151	48.754951	100.236072	6.088752	72.403111	88.725206	30.399350	5.465562	71.560916	59.848842	183.989399	121.332365	2.869248	19.213376	14.664044	16.021403	273.002427	 
9.149716	7.986266	11.921638	0.404408	21.494180	11.832618	44.536951	57.100442	7.571369	23.357623	8.643784	69.797091	48.429017	53.469985	54.113753	9.607501	21.483577	13.869563	50.598615	92.673107	123.901440	20.432922	14.579267	96.556201	2.213722	56.884954	73.323430	38.536097	25.498680	30.770452	8.400872	58.467500	75.554110	36.681183	40.843167	32.336249	8.922193	0.370364	67.297635	1.219886	78.045269	0.527669	15.689417	11.138903	101.150287	58.593588	43.436034	6.960126	37.349541	16.265357	46.103287	48.344395	44.004956	23.676125	35.899545	22.961072	13.813444	12.315978	34.350454	35.543119	50.719876	13.486654	8.564382	14.971593	8.198248	 
33.188901	29.053659	0.477505	10.594563	1.561750	39.349264	19.979918	25.048190	4.582145	88.365146	107.242999	33.982038	25.611779	12.350847	10.370600	8.907385	6.846597	0.590253	18.426834	18.945599	1.085287	40.167632	2.413655	59.093421	1.547586	62.631803	10.549576	93.558840	58.756330	205.005442	11.986269	28.795242	30.611684	18.940115	37.386507	38.463432	12.931949	21.508998	82.031595	18.255123	2.247370	74.366409	65.038579	66.637308	32.281958	16.975776	10.661813	36.208346	22.795742	44.163808	13.545758	63.334699	59.142584	38.389202	52.991781	10.396321	34.180276	44.393813	23.060027	16.532940	82.285790	59.910469	27.067348	14.598460	84.516687	 
159.613822	20.586362	56.391715	29.305610	66.911221	46.130229	79.635432	60.318380	72.294622	73.584808	20.456147	21.898977	28.391731	99.017930	2.206639	102.073332	44.656729	85.417606	3.107497	8.195087	159.414536	26.177114	11.888562	99.593048	61.106478	9.849652	2.027202	13.813047	117.129617	34.174017	20.952305	30.603102	6.975106	23.712272	16.595118	8.968113	0.857637	10.144244	39.780665	28.669673	10.644423	4.503166	88.723850	19.649456	130.250441	82.191835	14.107919	38.457089	63.942761	11.141248	23.614945	19.096963	5.480915	10.121341	37.700496	51.346272	16.846646	19.915556	13.287362	38.708301	46.501303	2.640227	4.676569	16.206715	12.693786	 
45.019017	23.173000	67.530331	11.518861	6.238372	33.400807	10.095971	30.267711	78.166637	39.078391	48.507400	5.946080	34.694948	54.142649	14.215676	1.720326	51.001816	26.543616	17.290493	7.723530	51.085545	103.903252	7.880624	4.130333	91.768439	9.826109	17.465175	26.962558	4.968096	72.675255	50.685803	14.882600	2.751254	0.961516	10.432465	8.174586	157.246966	94.309300	40.579600	58.769961	13.817797	95.784034	6.303369	8.830979	3.540507	62.133276	105.898812	94.231134	108.493768	20.832870	26.842264	79.963009	41.045285	63.290833	81.785133	61.141849	84.290657	77.372495	2.536402	19.823305	58.139535	28.644853	10.753853	8.908921	25.226395	 
34.287307	41.895754	7.898525	13.875400	6.662909	8.143123	21.035006	8.136365	20.489875	24.183710	79.708500	70.633139	6.851077	8.506394	42.010308	46.836632	42.556462	20.726911	21.065043	92.453374	0.582533	12.895216	48.946663	31.728949	41.112213	38.034637	69.576969	32.761830	6.171239	97.199694	20.665761	21.832293	0.303463	55.460903	21.373593	39.965447	31.588375	96.102594	10.532688	0.848299	43.078826	34.094774	16.948004	13.095034	14.889930	43.911973	3.778243	2.518700	15.135170	8.245794	91.161728	21.803527	67.682352	33.575816	5.137096	60.932745	26.126895	10.368076	11.301993	17.114560	9.615950	11.360728	37.884000	15.325779	31.110253	 
31.262926	37.340461	87.274007	43.435477	83.737087	27.163030	88.866907	35.319209	16.643143	46.634787	21.378438	12.355818	8.336348	85.772761	11.482066	7.366879	14.496617	46.443108	40.151417	7.941010	59.310440	20.027820	25.378744	92.407839	38.416735	19.389697	19.083351	16.864034	15.891876	23.861663	88.162358	8.288212	28.944254	19.226671	11.750865	71.764594	88.818113	67.537018	64.788170	28.617084	33.664451	11.968074	114.987113	11.610999	8.743908	3.756496	3.578156	9.746907	194.191006	5.007891	106.495842	23.997628	19.119821	10.320088	66.426900	72.583943	155.853276	13.345903	69.213041	96.359715	36.367304	45.856626	105.741144	32.691584	106.287516	 
5.929798	14.547555	29.487126	26.188047	6.836442	1.412578	17.957206	52.739434	24.984913	74.119829	5.011458	22.931102	26.976934	120.602566	93.013328	1.177097	24.312894	40.104712	12.280706	104.218738	29.073335	13.907943	9.454966	102.606271	74.042592	83.516086	33.428721	14.412853	63.010520	250.504886	0.878772	10.885829	54.968597	173.604113	53.604666	8.068443	20.141002	52.823387	117.008931	70.453925	43.433307	20.504593	20.096342	6.136692	44.324422	10.935592	45.012764	30.198602	40.561577	88.892046	67.904342	112.507583	2.074083	72.539167	45.239065	52.053957	6.835177	32.725009	1.970474	9.835233	3.280135	9.853876	3.580725	16.379804	70.891244	 
51.762621	41.799124	8.110369	3.741563	0.459261	27.489184	18.734083	24.426553	21.876955	46.306892	6.188441	25.406695	29.068765	39.097020	80.432886	22.288976	36.689957	15.737904	18.415016	17.726093	48.588176	11.316138	58.618527	27.560483	76.200724	24.039171	37.637818	63.631214	98.537146	84.092952	15.574838	30.980356	118.627693	77.683637	29.332004	38.132389	28.611787	30.231704	129.760839	6.732818	7.781775	56.206824	45.064461	80.646053	56.418549	26.815624	17.435658	34.027198	16.356898	0.610303	45.426545	102.371176	17.567878	6.457261	8.530819	86.941818	12.177929	58.770007	41.043585	33.756901	50.919411	55.854335	108.608313	48.907302	57.071564	 
37.807000	70.957263	99.115720	69.495193	6.795829	4.107384	4.837922	13.801973	19.193608	1.741624	91.104052	17.143184	105.811365	58.577880	43.938247	9.618654	8.408644	36.750969	34.239464	9.772322	14.729330	20.188938	144.839117	25.937472	71.242254	38.473582	2.429904	21.570189	23.470153	70.182097	31.956274	51.189888	37.877331	8.070143	31.511116	35.458360	2.319558	14.195850	53.761188	88.093187	174.668501	36.413886	79.221453	3.123178	8.964790	59.281560	50.684831	3.720462	16.211577	34.015551	9.034083	80.995300	64.477632	22.458697	61.815889	36.181315	2.969159	33.304527	20.090816	25.504820	44.488207	8.731402	51.482801	79.922542	59.992718	 
14.759065	82.441244	21.718021	27.051615	157.635609	12.405255	178.537645	29.088137	32.180118	10.029705	56.514156	0.142540	1.598748	97.416855	71.287562	19.050118	16.962847	44.932049	34.416639	50.351351	30.285020	26.201283	81.450387	126.578261	48.192497	17.908162	57.712720	2.673499	23.256376	8.059633	6.469523	98.503037	42.254024	51.507697	55.088105	9.964807	35.333284	15.546376	35.367646	181.618688	18.004201	163.994626	35.838543	58.434087	14.273487	14.863790	161.904998	80.924256	6.490660	2.230002	1.747625	23.979094	34.016752	75.799389	36.636728	36.540015	15.242674	60.439582	47.308279	119.893741	10.251086	70.720636	15.380161	10.512799	31.046051	 
2.254072	17.673569	43.804004	34.147619	11.672150	76.435701	4.883376	3.268663	39.466541	13.119890	115.815296	47.163476	57.999698	16.743030	181.127611	14.401765	31.228210	41.910447	33.191160	58.775134	42.789935	119.608289	4.506139	9.480728	22.400317	155.168287	46.237950	34.992177	30.854550	23.014300	8.163864	126.255852	18.633824	49.637057	10.294710	14.431406	33.692478	3.972694	8.255531	14.281466	30.451918	75.965928	48.980307	59.846741	23.280464	20.385423	6.396357	13.131271	3.264147	0.825415	11.845845	151.491162	12.058707	27.638710	83.320672	9.647586	17.289717	63.692519	28.983562	75.821084	54.234935	1.961869	6.982977	68.197942	48.745158	 
104.140258	73.825953	37.116052	202.177959	7.493786	36.359773	15.815424	3.852304	19.807762	72.021424	53.424706	84.771179	11.060058	17.344153	0.834311	106.532510	10.016015	116.705428	73.148308	45.291249	36.114526	24.881996	28.285248	58.418110	3.392120	46.700478	21.134058	1.973052	37.656466	40.132458	20.162460	38.695804	7.547053	45.049300	8.957716	15.950791	28.723710	13.611788	121.690281	24.862890	16.080112	21.012047	50.806539	39.195482	8.898904	10.166188	25.231135	64.591410	75.253570	13.268577	19.566181	11.982491	55.109918	39.290038	0.252091	7.984264	30.631423	14.390382	13.990816	18.096781	32.760819	8.821174	140.425448	96.054860	8.788884	 
47.483490	65.273135	134.487309	7.553156	70.227179	22.511542	110.558821	56.843407	22.542653	31.702727	32.087677	111.283036	58.950952	1.602700	11.442622	1.816061	7.394055	105.803538	33.465547	14.795317	25.572113	7.809860	0.625842	20.706599	26.805438	64.132811	28.673077	8.947393	106.185469	15.600121	43.968304	66.573946	0.661424	8.301381	50.837447	8.186581	23.122656	40.107430	20.468358	47.645308	5.051913	10.429181	112.557093	31.348324	18.917576	15.065169	63.125321	38.318127	14.433292	148.212156	53.375287	6.962621	4.234775	28.147282	14.597309	82.508936	0.383856	40.320207	87.591714	3.139470	125.275078	6.749258	10.838476	19.168911	17.881878	 
3.747665	5.694187	9.683096	212.388982	2.904745	8.389430	24.287998	31.212103	7.182580	17.427115	11.333146	73.295378	4.800319	53.492081	0.545942	185.128623	35.841376	41.748164	47.214177	51.931914	128.850153	26.911429	4.009258	55.782676	14.942543	7.234391	14.856673	129.750949	42.754597	100.142425	63.065262	13.152657	56.117423	12.984965	75.433549	27.473798	93.276846	75.928151	3.028742	55.421117	42.186163	34.637859	14.852121	18.026828	21.026452	43.345371	159.659195	47.223183	37.138548	143.898829	6.815507	0.513914	3.553505	26.918016	77.492081	16.837887	10.028873	25.848968	45.477745	90.201990	5.894573	106.945079	132.000373	4.441169	3.280753	 
30.262688	10.664919	3.660587	31.849832	27.500268	34.265850	18.031259	9.791886	7.823376	20.970612	34.734294	26.907373	18.252206	82.518091	39.925388	37.060126	25.100831	33.966786	37.848545	146.497420	21.801831	30.473797	10.205197	109.667034	35.472789	16.693698	21.337895	17.551109	15.871337	50.032622	96.378784	75.129036	40.777973	10.977070	47.074678	57.186353	37.023053	89.442983	32.037170	5.656308	9.237163	46.236897	11.515876	5.094279	8.829596	11.935813	20.270458	77.108129	31.946984	7.467821	2.935368	8.235492	7.673650	13.312216	4.857584	3.594222	49.343015	60.513650	68.200976	16.053177	24.391062	11.376982	43.053849	251.324324	7.216570	 
94.407671	83.114060	33.957446	30.591270	2.096882	164.490191	65.031658	0.646848	20.618007	4.481979	36.012639	4.035602	64.001908	37.972733	7.706133	19.688128	35.606341	51.302843	38.466405	144.928876	3.505664	20.401606	4.566095	26.825403	84.670533	27.642656	81.365988	10.560461	14.248305	70.089349	7.199002	1.210900	34.568327	35.781406	100.865060	39.767263	98.219438	23.781875	75.510715	9.512025	119.490049	26.994028	38.156342	84.729906	21.614019	11.588338	51.562476	19.815486	0.560854	41.701834	9.402458	4.036403	18.517415	37.432530	3.295333	17.740828	76.382615	41.674382	50.620704	19.161467	13.596434	21.275463	33.881128	49.877964	20.294291	 
13.217506	89.677159	2.343661	71.507536	58.123936	74.624007	13.718898	3.101873	31.570308	12.345092	65.195468	8.164658	6.752245	14.604055	66.420674	8.340731	17.183166	82.250824	175.364391	15.961712	21.886660	19.392537	46.865541	68.044160	7.441742	100.547424	50.214526	5.571298	33.084534	105.846505	26.806190	15.591579	54.102726	222.682026	14.862132	16.842027	125.397908	19.090597	2.325139	54.921878	112.709408	8.982148	28.279509	30.437666	5.690753	21.915715	55.922779	7.076951	18.441115	71.969473	14.960657	3.335746	7.085010	3.315406	6.745289	1.545373	40.453709	56.245313	80.199815	54.431432	88.444388	75.513020	36.399824	0.505597	44.120827	 
87.065278	64.277889	16.780614	3.946568	6.361475	60.392266	6.301195	86.274659	9.946077	6.666246	15.576533	29.011405	62.229122	19.259920	19.317334	28.490829	27.078615	30.880722	60.205337	18.921833	22.947017	30.026456	67.545761	26.234744	12.526826	37.569832	8.506913	39.574190	64.630862	13.565308	191.080116	13.978241	13.151026	4.592056	40.442706	1.070470	63.453515	26.361651	53.311817	214.440532	101.785288	32.996881	13.272965	15.929569	18.127417	21.696031	2.862588	39.524708	119.127186	37.806958	30.159240	45.040341	32.146067	10.036016	34.117948	6.595734	2.663160	13.763414	4.812690	12.246134	42.814848	4.664429	30.082004	18.835980	29.791507	 
65.046318	92.380269	35.755111	18.808372	7.841695	21.713112	4.047038	68.833787	30.816583	38.491697	9.197689	18.570182	10.420254	20.084701	90.317726	39.621274	17.325423	17.857618	5.440965	100.026963	22.969388	34.842381	23.662129	11.808921	46.863902	83.097844	18.785900	76.785368	28.532749	28.922364	27.876309	90.474779	4.332122	85.561799	28.781569	21.690976	60.131882	116.896449	30.789006	24.317125	66.249882	1.214080	21.295633	29.437678	27.697927	27.500351	8.882458	129.068488	13.620137	67.742332	0.625154	133.520555	44.789607	35.552178	87.574392	42.292748	71.183074	6.537369	11.301808	96.559417	43.022791	9.818561	11.743801	25.914922	27.027092	 
7.627096	26.157459	10.051799	67.354207	99.164254	14.444407	30.321514	63.680000	173.311620	21.472632	32.819356	64.504254	65.177511	84.533968	92.889940	51.473879	31.537312	56.705615	99.517743	32.625199	14.812188	32.369224	69.554680	4.823236	1.528661	25.208495	11.852907	21.325508	36.384736	32.764797	36.790639	4.474306	1.762849	92.421212	42.931474	56.170043	0.840651	35.834230	0.462966	82.861021	27.951951	44.224956	22.638148	25.865158	61.920889	35.860559	16.229941	3.399022	5.008920	81.705975	114.988997	13.669567	44.883627	44.378774	9.606729	104.848200	10.912249	8.048916	1.714915	6.709728	16.488824	30.490990	106.469480	88.428783	9.610630	 
1.339751	1.823608	171.347573	116.371479	105.625394	29.926598	35.836255	92.187290	24.339611	2.621892	61.234454	50.436325	45.446094	5.866316	27.366893	32.203656	22.297720	38.942560	114.140287	17.886500	68.590552	36.823541	97.944880	3.009287	86.967172	5.067012	0.326751	102.174635	68.623195	14.331125	11.939495	7.821665	31.922198	29.373154	35.028506	1.086609	13.018241	115.692874	21.418512	94.875450	242.467264	8.883123	65.669756	41.022396	76.399582	20.054871	10.681812	77.197735	3.017053	20.797202	80.984974	35.793059	10.088037	15.757307	74.593691	23.255968	30.314807	10.069158	25.185807	10.830258	85.337837	0.853692	2.896569	7.942022	30.605752	 
5.187486	40.782486	12.950229	19.843691	91.563656	32.984192	88.553400	13.896069	13.184414	15.146114	1.620138	9.887835	21.391106	27.856280	105.628402	14.818243	32.390822	1.499714	16.392338	14.888993	111.274558	20.304459	24.818676	84.704370	10.586481	24.001069	14.219870	121.060993	24.019768	71.425135	13.371342	22.339131	3.358247	50.622149	39.639736	17.200098	23.865198	23.010213	0.783411	24.291418	1.850252	107.225337	28.031033	35.080690	9.196884	13.097792	40.787038	15.487337	21.593451	12.772939	36.575306	40.994565	49.655255	22.070497	8.164591	58.832955	46.400556	6.010991	60.662243	36.955263	3.358091	5.948016	71.022507	3.661950	81.498924	 
16.416885	8.786718	9.695771	133.463551	34.139867	20.644490	86.570077	0.706733	2.081437	78.701734	69.066277	5.222268	46.011782	16.242932	14.109340	15.492054	2.337691	10.882704	117.627811	14.218170	9.099952	3.912030	30.287455	16.911437	29.441421	49.684597	56.452799	17.858232	2.841066	3.958411	45.914167	48.280820	31.824335	32.335905	3.415859	1.603191	170.236511	60.459213	6.619981	9.335664	22.151804	4.209310	85.432934	2.874274	56.265977	122.754758	65.939391	59.890933	5.365059	5.483830	7.402071	3.362849	63.436381	4.367624	94.279257	56.655400	4.245789	31.455992	13.268420	1.094191	3.057020	3.453075	60.086953	36.854247	54.667180	 
33.693248	30.156093	2.944773	29.885423	40.878931	20.219681	2.050873	52.936980	41.607947	32.702873	7.646321	41.759764	5.895090	23.833087	20.653314	24.791029	21.210238	40.322087	37.868747	9.798654	0.940314	7.101429	6.386722	47.679455	36.421160	15.720659	46.355673	1.614800	7.366583	0.325384	22.636931	58.584282	77.002680	20.279251	13.592660	37.710530	62.722171	31.914626	25.900524	25.570158	4.707848	14.680683	34.773425	120.110475	0.639986	10.700251	150.877572	9.591914	54.838153	3.347691	39.329617	73.068678	25.502043	114.460846	2.113917	63.626643	5.738087	41.667213	8.789838	30.284291	89.324023	28.416993	36.035777	29.591840	38.063060	 
12.047880	9.551288	6.960748	114.277675	17.437226	74.166297	0.196041	17.172749	53.622636	50.538868	47.967619	98.951631	31.085395	13.366090	1.522185	7.388693	43.528606	22.929904	54.196738	12.716661	77.209373	55.883558	4.806471	72.036241	0.394477	21.352503	4.127379	19.887515	75.946554	32.436995	62.887979	13.893624	64.609265	12.577000	12.863418	3.544349	6.234030	16.942518	30.042815	56.334192	67.552843	74.287696	30.999152	13.932481	23.384069	42.684035	69.619591	8.144197	67.291642	11.486595	20.584942	29.961432	57.154559	47.617896	19.558207	57.175678	13.861894	35.067689	26.801647	55.451735	11.981644	3.779778	20.086792	2.108137	35.448306	 
199.534689	52.967678	12.378618	38.253132	34.661153	12.379898	13.711000	43.966458	4.554756	6.681042	92.885989	28.154313	15.046511	19.863260	44.168639	16.391714	15.612418	64.168748	20.416761	16.248140	8.275367	7.861944	128.491957	16.100971	28.824825	4.605444	0.897101	27.802243	15.117481	8.853028	9.466056	0.527714	1.376648	31.965651	0.710219	18.526390	34.398109	10.847834	6.706850	8.085918	21.650144	1.803462	14.189758	70.221232	64.976526	3.954264	2.968203	97.926256	55.062031	2.259519	25.892024	68.705913	3.160221	36.239404	16.439286	167.694639	19.652487	14.572771	24.322153	3.805987	74.930251	34.876106	3.597435	60.879475	12.411384	