64
0.000000	10.688814	56.542701	30.744847	4.793464	36.284021	32.539542	6.649321	31.352476	50.227895	60.752893	16.362788	71.716479	89.753242	1.784080	0.829197	18.501340	18.123789	2.825026	25.524291	53.717147	67.509368	8.744438	25.389127	13.671418	22.041949	8.586023	12.221856	65.281227	23.374102	23.214455	27.955555	132.683562	3.764111	38.678968	7.960836	75.257330	47.381823	18.888313	43.614754	16.254286	25.595481	35.986170	146.696646	54.664466	8.370639	47.693984	162.532435	66.228345	0.642028	2.407388	10.033183	57.153981	34.987111	20.672759	17.055017	2.135700	52.996284	43.659947	22.702618	38.677427	98.414766	16.378619	149.305554	85.495510	 
25.375758	17.206961	56.121052	50.717468	2.183697	66.870846	33.772239	21.629125	17.481842	83.733770	102.605746	40.864913	171.717904	25.091028	67.860010	24.014153	49.670835	3.409166	5.466286	34.582384	36.804688	85.451740	30.985294	54.295750	4.941586	7.090898	10.698211	54.302816	68.433418	88.509413	8.433392	29.544264	17.955426	48.175669	51.594160	27.580971	7.692308	53.671438	4.351937	44.846244	8.302481	53.199777	10.365375	9.730457	2.224258	44.275602	36.469967	38.947507	2.430386	28.693554	38.573336	37.601913	2.513944	12.963341	45.667544	12.289207	6.567651	98.690875	18.165098	13.989139	74.327802	42.971242	42.044531	57.651127	9.677653	 
111.052428	15.480957	5.232845	44.839086	27.900088	25.006727	53.161064	109.598529	15.209405	48.694055	96.161355	56.715971	72.636138	3.641528	62.588006	209.679298	37.514171	93.398263	33.563209	22.936832	1.263327	31.396995	40.544663	36.849220	79.487550	10.539951	71.625380	43.649205	129.890522	3.050691	156.531852	14.528920	57.526232	7.241133	49.775538	103.435178	14.650117	56.913931	9.319437	11.000851	14.588067	58.402781	8.370107	3.506218	11.711004	6.412229	20.946347	181.415411	6.889352	129.398481	84.394463	38.383057	12.260736	40.617851	27.392047	19.035978	68.870124	10.212292	148.368599	88.456179	108.138154	30.160271	56.159397	46.385521	182.669600	 
5.574825	6.761635	75.911084	1.495546	35.620516	61.071877	40.813265	70.407080	38.582834	31.258732	46.989740	2.043808	50.464382	83.815324	7.551975	19.766601	17.227424	81.690212	52.454226	69.875252	94.188125	16.948184	6.845793	18.484362	13.191630	81.735244	81.397571	153.714642	42.258442	43.496432	33.956653	28.758425	2.499743	8.240322	246.610761	48.070502	6.400459	55.277482	39.578553	6.206115	27.285501	29.003654	72.434622	22.630304	21.602050	0.359001	101.949903	31.017084	199.225225	15.125127	97.644230	76.877392	45.860112	4.904674	13.163130	7.358353	0.997594	24.995976	1.983970	19.791583	24.869367	95.159951	17.401425	16.801329	45.473641	 
32.237187	26.405337	32.810981	7.154534	3.858173	25.506011	124.060078	43.656363	76.781669	48.339003	1.196859	98.981496	13.787937	5.901576	99.893710	8.477013	5.111337	11.996470	59.128764	49.667318	5.998595	42.922157	134.143133	73.991953	9.922805	13.524545	8.332592	49.660054	31.133629	1.390156	77.394846	2.555438	71.926280	10.468406	5.285072	41.751592	15.048405	6.808672	5.150492	23.150671	28.738113	19.144505	143.960416	15.945866	63.503910	44.552243	162.783644	45.048920	17.061554	16.417546	4.526470	23.360870	79.771147	21.805996	104.774401	50.752869	59.184360	12.143731	26.896052	86.962916	4.742725	145.465410	4.596668	38.097157	97.809823	 
13.721920	37.028032	154.250951	112.228318	70.592437	0.268848	2.292637	74.610785	163.109869	18.370632	3.244116	6.624269	22.339985	30.735885	109.930398	0.537492	4.818490	37.347268	42.666749	80.391078	34.901706	22.069426	2.692408	78.664269	3.099201	23.019929	14.112730	94.983682	23.803165	149.349184	31.242496	22.007099	72.251050	10.811737	35.230339	47.985728	114.617330	10.719420	47.249054	9.227231	65.099193	2.299342	23.897450	0.802150	131.399830	53.683717	59.247512	56.343810	7.891885	18.681874	95.689858	7.897062	2.278257	6.130466	40.456887	12.176508	27.328374	138.164766	46.557733	16.796585	12.274802	67.589306	15.928866	153.586602	28.032140	 
22.858284	17.500405	110.125020	19.971714	32.776180	3.027009	5.008984	11.884443	14.113411	12.451285	36.769759	34.602636	23.127984	42.772126	114.326804	40.872933	4.091754	38.790844	56.709531	30.377694	13.791383	8.397725	38.491394	34.798120	112.380882	70.049208	5.077587	59.372055	34.527858	13.976815	33.201130	3.809147	50.083600	5.512199	102.299847	26.530573	16.619016	5.597148	25.711052	9.430739	147.161580	25.648144	1.163799	108.146394	21.757974	20.210980	61.698404	42.852011	29.500129	7.496184	41.274784	3.712105	6.376667	33.407252	29.930688	10.758597	5.723801	1.593170	14.716415	23.368620	92.455808	20.869124	2.191126	16.261747	11.935039	 
20.746676	11.898461	121.009902	44.048124	84.975272	70.096960	48.978103	3.196664	19.058083	138.163233	13.656712	15.106471	13.685631	35.840197	28.382135	14.871720	67.526581	20.629076	6.286278	14.730485	8.706021	12.642302	4.613091	56.710077	0.227267	8.725766	17.990617	26.745617	32.773618	13.026909	82.989951	104.601698	19.059055	44.028453	39.731639	71.199687	10.549741	14.917382	42.049135	78.235601	23.562317	8.729783	56.414231	4.074865	58.154983	43.144911	19.002816	141.690409	67.880889	19.726923	78.531188	98.256865	22.133267	141.715964	19.118126	39.404406	58.315733	36.893645	7.617838	30.903476	10.902004	156.107411	27.992514	2.223587	44.244746	 
34.717946	3.551459	43.169592	14.684023	4.452677	36.991126	97.994594	12.315972	0.894424	31.630939	53.056375	1.754671	19.374141	35.849697	59.198003	170.274525	41.800480	18.761493	5.191503	20.029973	17.938022	10.965073	46.481978	94.033638	17.182845	34.637854	19.634366	28.654593	44.243476	25.717051	128.305117	72.971312	12.563165	100.317504	163.317165	1.661256	13.703734	95.801555	8.948020	64.065739	8.831388	96.870181	33.623243	28.298557	81.683692	12.930042	102.163191	8.853286	2.136567	149.894133	40.148807	15.334393	23.552227	9.308097	35.457630	8.597369	17.208433	33.261209	61.107111	1.891067	8.251855	13.102848	48.684472	140.577388	155.983995	 
141.859210	32.035343	22.236629	151.565558	180.227539	23.802698	127.705366	7.682213	43.101581	3.859963	11.894840	29.136538	22.876641	15.872694	3.892288	2.834325	42.728033	106.921559	81.853135	19.737510	2.880064	53.026778	45.013026	84.539499	23.456747	31.985492	1.697859	17.361593	21.554177	38.158993	28.816102	18.165629	8.838329	47.931545	49.065138	1.554169	4.534230	5.262378	67.040875	57.186087	9.958854	15.371447	14.163996	0.387975	16.882332	7.561534	23.492930	0.502106	0.441785	6.404233	46.605393	31.232379	82.985222	82.532902	10.018298	1.432709	3.567547	45.717906	96.740859	30.017820	140.707433	42.581547	18.142547	7.586134	19.453842	 
13.416141	31.366609	1.634797	8.809831	115.106152	20.243959	30.595753	5.558139	77.625005	0.663699	2.653435	49.030690	11.143046	43.142925	21.272779	66.008146	74.640053	28.906481	84.285036	18.609567	31.339189	8.080791	7.052499	8.088492	11.141236	4.916661	122.370494	22.960693	107.567594	7.618468	69.739072	5.367636	129.028575	33.930237	7.412797	10.858734	5.824697	96.551843	7.748273	1.945038	66.347362	4.327583	65.560326	173.039175	85.212649	0.776034	12.726534	57.723499	73.825896	80.385683	45.145623	2.484541	7.596863	7.589237	73.754361	9.504873	8.521384	20.860842	3.186827	16.573771	34.767749	5.726548	36.120439	4.029519	49.611828	 
42.033036	22.438077	59.914086	127.556310	4.512043	95.121518	3.436043	35.294569	40.502814	21.755799	0.486594	3.338709	58.948224	30.585366	25.988857	16.123453	147.573340	39.179519	50.916694	99.684238	20.190869	20.496388	27.456832	100.232074	38.877155	6.760545	14.658976	68.021522	2.393389	43.342666	5.131436	17.386989	95.288674	140.671203	15.400979	17.643354	112.666276	2.730339	24.467170	7.381242	104.536617	67.049486	48.104537	20.973385	12.190699	24.240212	89.308667	9.853693	11.586637	30.092268	2.930962	33.653906	8.706374	66.121673	7.918917	1.963953	86.007945	0.677375	69.996748	3.346520	6.960129	52.501527	110.167431	53.527966	13.600427	 
78.748431	55.684438	3.035703	46.915101	0.025381	44.817062	17.906828	7.763185	52.257662	2.670296	47.006731	56.563460	5.100886	15.782127	205.105887	0.552144	2.544825	44.713630	160.345725	29.967708	6.360561	10.943936	55.961906	37.064406	12.656356	28.910985	30.418710	41.993947	12.967632	85.047567	70.788707	2.714413	126.352499	5.576730	4.144460	55.633415	121.977505	38.218259	38.725398	22.797570	15.694657	5.378671	82.316090	25.886683	86.703226	32.737549	10.157476	114.598471	46.715225	19.150042	118.136454	10.307802	6.079220	70.555689	45.455505	58.678163	58.742557	109.999922	29.522595	4.978356	12.654804	2.024883	31.548408	67.021409	28.833398	 
3.156449	7.811754	37.823863	19.361065	8.985596	80.228693	23.677205	65.771642	62.942135	38.954914	8.699283	21.296036	0.631498	0.534516	74.667463	11.554766	21.198225	21.537219	52.234023	187.168818	4.948380	44.079213	31.462013	23.669408	22.898792	12.018161	17.162891	56.497213	2.121818	14.450095	12.746384	3.392104	38.478665	35.406176	107.885657	51.910368	77.315830	54.457974	87.950727	55.533113	36.525371	28.988266	3.922189	22.233862	55.755248	20.149067	56.543313	40.352346	23.223274	0.358691	4.872551	35.104985	15.401705	125.959184	52.624213	10.073259	7.065777	2.269737	34.230698	77.415653	6.519011	23.357223	164.542485	71.733039	4.010339	 
23.040889	17.830826	71.117427	82.443021	7.571904	31.071828	5.127088	185.613909	28.553442	25.140662	14.996902	5.648106	34.706767	4.554518	1.226629	89.826853	6.004256	9.247552	5.652107	47.470233	57.197390	7.110771	139.745718	17.921142	61.113946	56.993146	79.384124	61.496365	62.154491	4.514149	57.368601	21.406174	32.868378	2.470418	92.038323	25.623452	72.430274	43.254427	16.205990	86.479528	43.886133	6.216304	68.421746	33.598296	93.419469	3.990168	7.535607	137.056400	116.856102	84.904434	13.164204	2.704088	108.030268	191.313271	15.062247	14.972655	20.869442	50.123924	123.604095	24.271434	3.873823	37.332403	22.628901	79.851380	8.686123	 
49.984556	42.651088	8.769536	82.505492	30.128355	7.677140	28.476234	2.047351	34.831209	15.589275	14.645394	21.079852	80.247917	7.106265	9.640425	2.546868	21.944046	30.664279	18.211894	28.874810	105.571705	25.814793	64.671731	83.680596	54.857255	17.656971	63.705758	15.157078	15.709035	3.823868	27.274261	43.069614	33.512965	75.354936	8.303135	10.370287	146.143454	43.890589	32.831142	36.738935	28.601742	0.511421	12.348566	20.228762	26.436733	65.972357	19.819060	70.111722	4.342691	53.996267	19.032575	3.640198	44.394911	54.617071	74.992841	12.486347	30.056929	99.917581	134.382174	15.775062	5.189972	49.614962	55.941678	53.803108	3.869014	 
45.188734	14.651017	67.948303	96.509086	29.125310	115.909279	141.669471	74.311325	118.706427	291.628942	16.438179	62.855498	28.139463	10.129601	114.091948	4.701455	35.379917	19.470336	35.842175	17.275200	29.230557	4.054999	39.315157	5.931007	55.250621	17.174676	19.964034	23.322825	70.777182	4.983111	49.852411	27.863059	55.558566	31.216267	0.648420	63.542531	70.360613	3.807567	5.045683	7.847339	44.209826	66.746202	44.840488	5.193650	65.984008	3.577375	17.391163	43.374235	188.607345	16.219424	70.895898	8.567726	41.607090	79.145804	19.387515	5.786565	38.096730	34.665404	29.756335	23.521867	46.817504	5.152614	35.687269	5.833570	107.396389	 
1.648689	35.348445	90.541074	4.873647	63.183402	11.263206	22.548032	77.558281	2.177785	58.228490	21.853053	47.261463	12.659403	35.124595	6.737565	1.304075	150.275671	0.890123	82.064547	51.903322	41.174392	105.023110	78.522691	20.479635	53.078860	2.732930	34.627149	67.039352	43.863187	153.304333	6.887782	36.826982	50.266713	50.704234	21.828836	23.711302	11.151768	20.214127	33.787609	40.963560	5.961212	18.173820	23.285165	12.036098	47.313859	23.302242	5.173428	43.736382	7.399876	5.004482	64.153107	107.989956	4.447981	83.534867	8.416357	93.387191	11.849749	22.723956	23.374854	24.208271	129.195385	26.552160	127.662686	89.035115	55.658872	 
13.861801	30.153359	56.137871	104.688578	91.168434	69.431709	8.878220	66.422613	117.915543	95.842121	224.398621	40.484120	12.811612	19.140178	8.111200	26.181113	0.275932	28.173299	7.779581	72.099551	10.804302	94.402685	12.376692	176.749689	115.455403	1.408371	29.754571	44.076865	14.221958	78.232355	9.871324	170.350468	12.880217	24.507963	10.278241	6.510068	62.620607	94.782866	27.124971	6.598682	7.131246	65.438645	28.654366	83.947760	41.712253	12.053180	43.190562	133.376709	226.339056	12.960697	19.804724	32.830595	75.469246	12.987272	26.636184	45.146640	26.454160	38.229045	130.769818	181.948767	48.874310	10.403534	66.808747	49.519798	64.134891	 
0.472431	81.170075	130.634372	20.712899	84.107328	160.072105	44.250801	6.171242	27.510724	1.536966	31.476998	53.090365	45.939671	159.988581	11.506107	58.616401	22.656934	56.236468	2.565721	6.581025	23.941211	20.311793	53.032902	11.051382	164.504616	7.080340	25.644373	8.841990	96.532172	57.455503	8.543091	35.853910	70.803350	31.592251	47.480382	41.227797	9.970951	53.195158	94.876175	50.234647	27.314998	47.595152	8.759148	88.676607	20.929193	74.044311	3.830813	18.298660	12.866345	15.630186	109.886274	35.792512	9.864090	42.229984	41.396278	48.561509	10.164883	71.538442	39.152012	99.977664	5.106558	21.660119	1.310802	18.377231	32.047266	 
6.391446	102.849790	5.159530	29.757452	24.851764	11.670030	131.942999	23.658019	49.482986	18.083131	30.159524	52.212549	19.297745	28.976446	68.660939	67.058157	19.176464	37.466843	24.226642	31.908764	7.513454	127.738457	5.750219	46.229986	16.965198	78.102357	5.553299	111.475904	50.985670	20.490902	98.320989	1.452584	8.827700	51.314743	60.759920	10.110318	59.602007	71.557065	67.889073	60.804446	9.490397	9.828367	19.207172	14.919849	1.295339	32.425115	6.257902	24.751910	60.464173	43.447413	2.451458	20.635656	29.804364	7.731673	21.338375	89.033824	50.666863	41.734586	2.485326	47.717683	40.818913	34.238759	37.882548	20.889407	108.070928	 
82.199942	20.532675	49.805721	58.441843	0.568640	3.271205	43.592258	28.879420	98.483793	41.640919	2.504815	75.761583	161.414503	2.454266	66.859809	3.368864	128.704791	2.369648	31.969497	16.632102	43.945219	8.239982	2.881204	93.812426	6.922682	43.609667	60.160437	1.922211	47.673580	59.735844	6.886240	4.865473	20.719663	1.068797	19.467750	127.243736	13.141288	53.062199	8.902977	0.645808	76.261063	103.699431	110.956290	43.632303	15.893800	38.167007	38.550023	43.573469	7.646787	5.639564	34.457958	60.383677	2.111948	1.754772	24.904508	75.211802	27.822226	6.800774	0.750355	2.826184	86.107034	10.754602	30.332282	43.071371	71.417815	 
34.281449	15.924885	95.844126	17.313853	87.030386	68.968995	16.186275	3.875448	15.289806	143.553093	19.393279	24.120973	9.697213	128.912290	12.280265	55.029651	46.501680	148.443072	4.468072	18.543301	19.662611	13.293322	1.818184	2.382254	6.467731	16.381035	3.868553	21.312127	49.890529	4.435907	3.141924	27.873533	18.023416	22.307882	44.149095	110.839198	59.059518	9.387658	32.914151	18.741330	125.599863	6.666611	10.663986	52.475763	98.595082	20.084701	0.525887	11.289458	46.952431	81.495810	21.419262	8.116363	24.200193	10.310513	14.193282	18.048057	21.671582	29.473767	93.209013	57.334714	3.872260	47.418022	123.742502	90.002225	10.162854	 
1.363746	50.325007	192.584554	6.129415	35.341817	94.711453	20.166609	16.330363	4.597841	6.363300	19.294427	38.982656	181.019580	10.129666	54.867614	25.732575	4.433958	36.307461	56.155434	131.727184	2.168274	39.808937	19.618312	2.977567	15.485899	9.055836	107.820603	157.952683	16.253430	64.584746	24.525343	17.436830	79.963829	36.680398	14.846279	2.945342	9.389461	13.554095	20.410838	90.930342	38.146493	26.908068	0.484047	47.821687	119.251962	70.398661	23.589892	69.261102	2.157514	39.215937	62.138277	8.417705	18.293319	91.844685	31.042137	21.475933	21.756699	3.233680	21.612251	25.083071	13.497272	8.435569	33.115561	10.265609	31.604401	 
81.923144	128.916268	23.673379	34.947074	8.244174	14.175995	75.992241	41.311883	67.975463	8.164820	20.901899	49.164003	25.819457	5.453936	7.231253	2.424917	93.912366	44.195568	106.971969	44.388969	6.396675	34.702826	78.019027	31.404245	14.735559	7.543359	22.298157	61.948909	43.680299	71.188603	1.472251	3.363938	128.123625	48.685963	41.764232	152.308479	39.520950	9.815121	46.420505	19.663378	13.962209	168.621940	36.579738	62.996918	20.419889	26.568167	1.817670	0.453518	49.435114	0.642134	33.858466	15.411589	44.743975	19.662923	25.853240	12.830318	12.767322	106.288353	82.338270	17.981110	44.264439	59.561332	3.961621	17.961458	3.984117	 
98.610026	92.072046	18.949202	116.762461	16.712994	77.844625	17.411370	0.218250	7.234963	67.498360	30.767729	28.736280	50.849762	83.958778	70.678805	3.169247	16.781215	82.534476	3.808270	31.029108	66.088813	49.727987	124.946143	41.878794	111.911879	1.313252	57.076934	116.695878	41.288145	93.062316	6.502491	34.789396	59.637249	36.092339	14.492007	22.503924	245.979988	93.922410	0.613066	33.789367	0.899313	118.187466	25.397033	24.439671	81.952747	6.128199	26.904470	1.821066	23.453936	110.273169	48.488030	43.556775	9.021396	60.392572	15.364884	81.788619	6.088563	101.207441	33.690942	68.333651	12.879232	75.919377	1.539963	2.919321	14.887941	 
14.544012	75.354103	32.856689	8.218823	24.094662	47.342521	7.437577	3.163333	18.286343	39.074339	8.365359	32.780248	32.720434	72.180693	45.364996	2.059092	58.642471	18.255939	15.838586	57.265044	41.990802	16.322280	58.230535	38.467142	38.034181	55.275515	6.234549	68.665257	111.861054	64.128526	23.622289	73.096331	3.999701	57.275810	6.574545	281.422327	31.519274	7.283291	35.204244	7.700074	56.209295	1.754983	6.325791	84.385194	23.775981	36.421808	72.055906	31.554928	25.974035	56.167499	14.410895	13.891113	70.009334	118.175216	60.679986	94.798310	12.012069	8.980652	7.499468	38.086163	30.048805	136.506846	14.788842	39.733964	3.929896	 
26.883858	80.273463	7.558440	45.494534	82.563272	19.577563	28.834844	16.187483	13.141103	12.352094	1.342892	6.184803	109.524403	31.356052	49.410572	94.009897	69.501837	18.665691	13.302783	46.405701	17.397525	57.449775	11.299940	57.715560	0.862808	96.281551	58.015666	8.450536	56.518723	29.801074	31.768576	28.972253	29.520442	2.313157	41.886979	42.793934	11.057355	11.684452	8.639425	49.407838	3.884297	5.110508	52.131903	14.336939	79.230459	56.322991	16.294051	8.605641	27.936756	20.076684	13.954601	3.560280	1.566340	167.335287	64.225534	77.802072	86.142032	21.872261	9.738065	9.334889	4.780314	4.354002	172.524159	22.274155	41.584991	 
62.573868	16.707547	12.476816	59.552616	13.301191	27.357903	21.649688	35.390052	48.817666	21.210575	42.189893	179.438088	81.092566	109.175045	4.357735	1.175066	32.365540	39.028251	19.087482	2.590072	36.349932	9.904279	104.458431	21.559156	2.027795	12.108755	38.149797	60.947082	1.624621	106.568614	56.522783	44.693063	83.129341	51.119919	4.597430	56.476774	42.952702	34.133579	28.758613	16.513730	61.463208	45.564991	72.561263	83.636354	91.435661	76.514506	83.592315	67.411334	95.828068	105.262006	35.323629	14.086199	8.553639	51.215271	0.773558	23.746497	8.882718	23.105721	88.495067	42.162619	47.860295	41.546694	2.095190	119.525878	1.732825	 
69.215085	16.073155	13.259484	4.695084	96.934156	42.167627	77.005358	9.047391	21.076829	7.697807	31.198463	135.730789	4.403980	36.519348	20.272290	10.750293	4.049716	28.571592	78.826888	8.976332	47.264074	54.419697	5.315965	17.873152	18.292305	17.896206	8.525839	1.241308	147.632730	10.027387	10.102633	17.560674	107.866459	3.674755	16.760464	72.544529	3.743078	15.344508	100.394113	18.014284	37.568702	98.525345	55.045087	93.928963	68.253159	19.114078	59.015753	3.359677	12.832929	107.935243	2.350724	82.950434	1.240913	13.591948	5.425165	8.554424	0.879956	15.038234	57.617771	20.475376	30.689864	7.688119	41.467378	2.822422	21.220660	 
59.146330	7.504350	37.578845	20.449501	5.302765	41.094801	9.944008	63.036380	25.440581	0.970456	21.122201	5.359073	22.538954	20.910147	10.861519	21.341243	24.560107	32.304924	172.713189	30.218292	74.936458	58.386354	86.786540	2.650724	136.563862	32.689811	68.747410	47.069846	19.882695	15.870340	0.085837	33.278195	12.249555	48.304225	55.539984	110.829031	64.610651	74.462631	21.625410	32.575214	12.129873	12.684766	3.871168	4.485642	51.701930	265.409162	2.128044	34.108388	8.066049	10.814687	148.468311	59.546433	9.592570	76.641923	6.721314	56.073807	121.634018	7.632489	56.426090	9.706332	102.644457	16.426155	46.512708	49.684205	7.237045	 
34.765955	16.253681	4.204242	90.513460	150.441811	113.864692	46.124789	26.734421	4.045271	72.936833	54.825982	11.623907	3.018315	8.446099	42.710834	19.089861	9.127036	19.701655	9.869263	8.768915	52.735523	131.890273	25.800329	84.060644	29.863952	40.340055	91.408837	93.719761	1.930147	18.919956	17.568205	2.787713	18.305838	276.037417	106.472598	29.590777	7.855698	25.762870	49.697771	3.387052	9.768383	68.240750	90.261697	16.511630	14.829616	12.505949	31.292870	10.274894	20.327013	18.197559	18.712019	144.105774	6.653912	16.976698	6.226544	24.990224	23.564950	18.567002	70.368598	4.588540	78.208739	16.262737	24.704050	36.392982	16.635121	 
12.997098	131.346080	121.591108	4.906674	16.580974	3.793242	6.722041	41.466534	35.421448	5.740472	36.495418	25.770527	2.713322	2.931451	0.567739	38.133352	25.937925	151.635756	16.156807	138.480656	10.268193	61.662168	32.906072	33.741818	44.023673	7.528119	108.465682	9.921448	1.749621	41.939585	91.119631	60.640080	6.277189	25.518006	183.135831	118.338990	51.819548	64.188316	8.962582	65.276908	39.551917	112.259429	16.999853	28.417872	47.733915	20.868876	19.372365	36.180128	1.879454	49.067797	8.530582	20.761635	15.368316	9.888554	28.917877	2.486749	22.199451	46.633637	26.362597	7.714308	71.514763	19.670251	16.021299	53.750338	11.591135	 
126.522637	64.573145	70.293082	38.767212	3.454988	3.882691	183.935695	77.884709	2.164480	9.343132	79.345312	107.981060	80.374661	9.524844	25.873780	57.035943	43.586478	43.131847	26.695825	63.413519	28.580987	107.896300	88.158984	9.030578	20.479523	10.678052	58.763908	41.873821	48.133282	37.543008	51.903338	108.236152	26.909807	14.213390	3.878848	82.576166	135.522279	14.403403	34.422779	17.199807	57.282836	11.637540	22.647726	48.314129	6.172807	115.161528	19.662737	9.942726	57.209191	80.276635	43.723301	75.026516	43.226632	51.977472	18.327367	184.998880	52.194966	109.253214	47.125384	3.364388	115.488452	57.352736	114.987709	28.169324	65.685023	 
53.619454	179.378879	28.097346	6.738747	9.770967	24.297420	0.669530	11.491235	5.194386	19.651359	37.827705	15.932745	11.029783	9.805339	11.441148	27.483932	98.358549	62.157752	43.689759	96.780530	75.947630	21.716347	17.571730	14.468015	27.474949	62.576385	30.573261	4.679004	70.603587	76.235294	31.724659	89.888701	4.983458	22.764674	12.669565	87.379528	6.538801	4.684831	61.197579	21.079350	61.528289	32.389785	11.979810	43.460126	6.972354	82.733290	0.723911	71.358810	82.192582	63.109784	262.188301	12.862235	45.858567	17.943396	15.517660	20.170311	15.441502	75.245192	14.956309	43.100276	15.952273	84.917974	24.687497	33.818535	109.144818	 
62.510546	22.186881	41.273878	153.481422	2.050321	2.772374	43.246653	14.320570	7.216416	66.237668	39.362756	7.291204	50.487658	3.824297	59.249013	17.280246	50.132473	8.779833	12.933605	7.066948	35.717124	49.029647	57.253830	35.714794	3.988880	41.638665	168.021132	15.142380	218.905385	49.124350	29.719942	17.989301	115.223899	8.928329	5.572593	3.932653	20.987244	23.840049	42.790628	22.856101	37.090786	24.564548	12.521762	3.206472	31.974491	10.102982	27.283408	51.402054	9.636477	33.340302	6.626295	50.392738	35.158556	9.021362	0.464600	17.695955	65.973356	27.047863	94.744216	149.626730	43.585219	72.511511	40.121678	0.501164	8.647684	 
64.514123	10.492474	1.712944	76.659900	32.786021	11.383830	14.332018	9.539264	19.431335	61.554781	42.370847	22.805673	37.649758	9.848665	1.760120	4.729996	21.454613	23.106739	21.426840	38.042727	69.180271	26.376142	4.787545	23.489683	18.034479	32.556205	4.972949	98.661557	49.473324	48.579900	60.779795	44.202879	3.846898	79.452100	178.395747	147.897680	14.271293	65.248852	20.801166	61.389031	27.091951	23.537675	52.361660	42.683084	148.818042	26.485022	29.265669	15.275882	13.089333	20.533518	13.034708	119.531289	3.605345	25.474437	31.061915	7.866694	17.856639	19.395492	57.228033	5.865865	89.806820	66.696746	9.145440	58.895188	29.370722	 
16.387417	34.846000	25.861964	58.628216	16.051262	6.856317	127.919806	13.767191	31.959574	32.857179	32.401623	0.476650	11.325848	10.757133	6.704864	8.513556	35.098333	10.705671	37.999778	3.866226	55.834557	40.325847	130.659853	2.214963	40.199907	32.327611	8.508450	7.995157	29.363761	25.993649	79.509163	0.936873	76.870326	14.048641	3.125452	6.573751	5.000505	1.305350	5.143613	24.068647	18.083296	34.753816	6.726965	27.085100	80.131187	90.470289	61.610703	147.970975	14.488362	3.710668	73.436938	9.718132	15.061795	21.023179	59.762756	44.247094	19.913079	69.173426	15.556526	17.429336	56.566953	0.514293	1.460720	21.034862	14.768827	 
17.125568	14.917916	13.932031	0.591512	5.860487	34.344502	34.673134	16.361265	16.602957	13.859179	19.356476	15.838065	14.589001	146.056071	0.650253	30.531038	14.250898	78.015109	28.201918	4.572984	53.329226	10.980756	3.142421	108.771415	37.514314	38.109332	69.472965	5.698109	9.771348	34.876601	312.737145	8.594762	47.916064	78.841917	21.588928	35.934275	23.707169	82.591354	1.364504	50.061814	24.493774	8.104422	91.004240	47.758880	26.655398	34.434549	141.236724	38.855355	108.899874	45.967091	88.321636	37.146479	8.402880	130.635494	4.461902	22.219928	46.943700	38.720616	19.406579	35.469321	10.305085	17.605142	40.943790	21.799128	43.735431	 
25.790865	59.938732	19.146014	27.883476	31.913542	65.318547	34.424226	50.363524	8.242809	42.391037	40.335496	19.851832	8.894813	11.318897	62.465004	39.661453	41.868995	11.793408	25.442255	26.403702	47.561581	4.360345	70.074795	5.275201	61.973038	55.284360	124.409299	8.873221	49.669827	40.391789	11.370435	4.213743	97.172508	83.569809	164.087742	50.706216	41.950998	12.120788	24.423552	1.151742	20.779785	4.983841	26.542798	19.563498	4.532453	9.851429	42.506393	19.798697	9.774617	57.316012	5.892268	44.135370	22.494607	15.731544	4.808958	36.717159	337.676573	12.467860	13.021745	34.277546	8.883980	19.331120	26.691535	51.334233	57.236629	 
11.359369	4.840267	0.376169	96.853848	38.741781	1.200484	3.098332	32.710639	37.827029	9.270662	56.319014	49.825878	18.589624	87.083284	38.387533	18.198513	29.712380	72.150443	19.274253	18.184270	107.202134	56.662097	73.207970	4.695815	9.340454	34.682632	38.898213	18.691000	40.466094	21.253833	26.235508	58.435999	31.023544	18.202953	68.102337	26.598143	24.880306	13.945601	0.555930	7.510703	9.604143	58.992642	16.717337	151.013820	4.565796	17.545703	29.017180	166.541383	41.928474	3.581776	26.387277	33.777410	222.300133	158.432125	25.280246	11.747357	31.191712	74.519476	10.772798	13.430602	130.827893	59.487584	49.183489	40.490565	33.437498	 
3.488752	4.895905	27.336403	159.642700	7.197908	117.092569	110.683297	60.529669	11.278541	24.384574	62.609612	60.492140	63.285874	26.803280	20.610470	51.031599	138.555821	13.112713	44.177154	78.081966	27.073269	7.367750	143.713788	8.558006	64.125978	39.240976	42.915099	42.171306	45.226180	11.098440	12.484419	133.386122	78.106853	41.546147	18.949641	33.769241	18.010691	16.596781	18.548120	55.111183	8.527394	2.903036	25.657768	43.288969	31.124944	9.920314	84.147321	59.257221	37.067645	10.278299	109.207347	7.438596	10.878311	38.342349	30.273247	47.425995	33.641238	4.019270	1.747611	68.980273	9.280388	1.180556	54.837059	82.374322	30.785823	 
36.064418	11.356010	233.761551	24.038395	14.059508	84.758505	79.718264	8.334584	29.945964	141.250880	13.383230	47.791939	4.587055	25.315910	17.918770	12.591622	18.206335	59.560140	39.463773	64.143130	93.643113	138.147771	52.515202	40.117556	6.919798	19.900960	74.157864	5.840770	1.701335	167.746994	117.405643	9.817979	125.876541	20.123810	14.904942	19.719996	38.132903	37.381145	20.538375	46.549095	36.656574	31.816191	1.798273	189.915810	98.552012	20.198539	109.350028	30.133375	7.774751	41.758718	16.979755	149.370534	38.082470	96.174544	41.074549	15.408469	38.219749	39.407197	13.388676	1.067573	132.510625	61.894237	14.525325	6.431870	68.517379	 
62.504410	15.417860	6.695097	13.546461	0.534266	27.936376	2.415252	124.419095	17.018657	6.611902	35.066808	20.180718	85.624320	33.172467	62.987541	38.101529	28.261833	31.710568	18.112698	2.473896	67.006418	103.225871	16.235208	46.293373	29.072905	20.340279	47.788667	12.784095	11.615151	9.212845	17.283390	168.838156	17.126870	19.308925	18.314007	12.296727	25.923016	54.716514	1.955773	11.856935	3.960874	27.525466	110.938015	10.478763	19.684295	119.593106	54.648250	39.813295	104.945883	14.366880	23.373410	168.430001	20.617507	69.153135	32.513741	98.615681	4.466144	10.253407	8.677177	65.589443	41.621040	91.846333	128.487716	7.309201	28.386767	 
279.652242	30.648941	0.471804	42.134362	7.063671	3.627417	32.234773	48.492128	19.491288	25.552850	56.437059	132.050903	14.458863	10.836861	51.871381	2.656131	68.034611	9.592295	0.718915	31.416470	36.735817	63.776837	21.103882	2.059396	54.210498	127.659824	77.187876	38.776950	98.250598	34.885691	14.900923	42.289539	54.772777	57.152597	7.980879	8.492804	85.653093	86.191555	47.034968	23.504565	34.131522	5.956742	79.877479	20.490552	10.947503	185.644736	102.296343	3.227415	41.961422	102.225109	8.616054	91.244893	10.420418	30.108661	19.230810	6.968280	42.294288	120.568652	45.063188	60.434767	54.818674	145.177924	45.469379	43.730723	26.692120	 
11.704987	1.187500	28.581962	36.869392	19.780015	94.125348	11.201337	4.639129	182.141474	137.815271	49.169799	22.044457	73.652342	66.966984	55.290129	29.019586	1.991892	184.017922	13.482698	30.335226	24.584165	43.189325	8.196429	3.837314	59.183490	2.157747	11.398719	12.007663	9.950213	6.685465	29.844450	20.670456	15.631057	37.046471	44.012037	12.421789	157.339302	26.162709	13.012854	182.977431	33.931455	12.790018	161.090195	30.459620	42.193094	16.041072	5.505872	88.105535	113.959583	21.057032	41.325029	12.089768	7.716159	132.663354	61.097094	11.329011	57.910522	27.932983	51.498249	7.553268	23.303594	162.365048	4.666878	70.046578	54.579940	 
21.048638	28.949635	49.209738	48.843388	15.474124	54.212710	28.818535	10.049747	110.702390	142.407055	38.885102	24.040606	27.939393	8.688286	0.953125	13.054676	61.705073	15.419804	34.340468	6.587308	62.237132	14.497879	66.243382	8.250982	7.479700	6.570475	54.227923	10.327178	10.303918	51.574631	13.409191	31.703739	87.675669	23.927069	137.301051	6.120508	21.725457	21.439495	34.779672	333.233439	2.475939	11.902871	17.301390	108.887683	36.631049	12.476970	11.811058	21.425896	5.433030	47.296758	46.735055	8.322087	57.683841	52.127015	25.377364	9.800418	0.351828	7.785254	25.485308	0.442569	71.707026	32.693790	34.028174	23.850225	15.849684	 
27.183264	4.201048	44.752495	12.426226	14.006987	5.334126	2.008984	39.110278	11.365171	31.219083	27.014209	11.586157	103.646682	1.997824	28.569712	14.790593	3.281000	38.820749	46.471482	27.491045	13.086504	95.486127	40.069720	10.122777	17.649724	4.819820	49.301662	28.060980	10.120110	50.107241	13.298917	18.384460	4.002843	42.036956	36.522742	94.993649	206.203525	4.641237	82.593914	46.998405	66.087360	119.374181	5.210668	52.953369	66.988343	40.143662	30.192105	5.649621	68.267909	2.277725	35.178858	16.856231	66.368690	15.939403	4.370174	4.404108	73.741168	19.776026	13.874000	7.822358	14.843414	35.995328	30.818528	19.345234	174.224596	 
46.160387	50.157487	10.894731	7.245285	14.251204	55.384601	58.999799	13.982916	49.688656	49.274952	37.166744	39.587369	170.375568	2.804618	24.482735	32.799297	8.352235	99.055241	150.206525	10.457828	23.284035	5.071891	5.996011	36.713777	36.738992	21.133446	3.793332	19.111818	0.778708	81.178511	24.822133	8.795167	5.848855	10.977852	60.656187	11.835796	58.937090	29.784592	2.584886	15.752245	31.216985	26.825885	54.768711	9.575008	88.295340	1.364135	115.992911	33.034225	3.674947	21.349945	8.598977	15.561809	49.649636	15.991933	10.113040	0.670053	45.138683	37.382922	43.707133	12.500965	41.910964	37.258776	6.831482	37.745089	1.679615	 
3.705077	20.714083	23.567203	27.380608	97.022090	46.636758	10.488672	1.942379	10.350606	17.063559	10.560337	41.655691	15.167873	24.042439	6.654384	18.983873	80.574752	32.062831	7.403601	21.034864	97.771604	41.991176	149.025889	10.371543	3.791082	36.149449	16.978860	62.134745	8.766158	49.951277	3.071384	146.183934	14.942098	63.668236	273.356952	73.839793	15.717942	23.882373	11.044771	77.606586	40.400964	74.256506	63.683393	56.687015	23.927544	60.624265	4.701391	3.989934	5.914091	7.058951	80.201546	15.344286	103.611897	99.702163	56.973975	24.027813	98.666016	2.675055	81.140870	81.225520	58.830036	43.723684	4.813555	54.176543	6.366475	 
84.171566	8.536592	0.604515	45.598842	2.314725	13.448457	30.854997	10.010961	52.601407	22.754486	10.430393	72.804284	112.160380	10.059005	72.521420	17.568455	21.404949	49.139002	5.321633	8.443436	44.528834	25.284140	146.164822	20.275017	117.416259	69.276837	14.604818	19.653426	11.849691	3.906936	61.840950	48.074066	23.202000	7.602688	268.654446	109.597837	38.082699	38.745850	20.298953	11.129821	36.681678	10.820089	21.931485	7.027291	53.650896	39.411722	33.551036	24.218211	62.068934	39.756014	9.946117	30.867434	26.156218	37.327855	18.257548	56.237700	68.795160	49.244223	33.449255	37.829825	97.566311	2.607216	85.917719	43.678328	29.806568	 
40.905630	104.880721	16.526888	34.604341	3.796463	31.781839	34.023527	34.823097	27.339416	2.956554	1.744246	45.470254	23.704149	63.118667	132.660207	23.950086	25.614785	16.876078	30.401483	23.414897	26.053373	106.575422	13.161553	30.167182	57.256154	84.048505	23.497771	54.926069	1.265529	114.058257	43.643997	48.065961	14.474599	34.167933	116.283135	67.205483	72.739532	62.735798	13.305786	56.306960	25.400301	9.096797	33.699457	72.349524	190.987284	61.496024	5.911754	45.657596	22.525471	35.346588	78.438480	12.322009	6.297001	8.029737	18.627169	28.248006	13.249358	39.512875	26.364166	18.926712	5.909255	37.935692	18.636059	145.110274	31.966752	 
132.229593	40.282778	23.891580	40.111311	64.963953	115.102024	42.740951	24.543537	42.538040	4.012712	26.298220	25.261808	49.359125	6.008949	0.369163	124.586457	12.560546	50.091115	40.784826	153.684231	4.068030	11.877919	4.666923	9.188834	45.532733	73.309475	38.946248	23.979702	19.761543	20.253833	31.148933	0.944336	19.206945	2.644777	34.747646	14.646068	6.882242	43.292547	20.295700	58.629082	12.188768	13.950755	9.611760	6.080463	83.010996	5.008416	63.442577	40.164023	42.795054	70.121504	8.098022	6.776362	35.507835	17.143498	53.543593	42.921243	2.132296	8.524723	57.152089	1.344163	54.322204	62.947746	16.964939	10.952585	40.734165	 
43.124859	29.109871	40.273831	4.473781	10.728607	88.295374	11.947866	0.510455	27.131153	88.721177	9.137709	74.429767	25.338187	2.276901	45.182257	70.166373	151.566468	32.553784	9.516124	89.973775	31.744138	8.903567	16.739742	28.011069	17.387456	61.172448	24.604188	26.853774	49.351459	33.590363	14.906673	13.909664	54.218284	13.244146	5.833424	43.378384	20.465104	1.680661	5.501359	45.365960	26.438381	112.158760	32.218318	114.682992	6.154928	18.472660	3.120342	57.831044	9.118176	84.793243	29.674273	18.110576	131.806088	3.897279	29.542868	20.047121	126.798125	57.721432	20.577389	21.948083	56.411403	13.151217	85.397215	24.932586	137.118323	 
20.653610	12.663572	24.911693	54.147604	9.601905	150.845966	11.409457	66.243421	5.971276	18.852045	143.098742	57.398341	15.724038	119.655299	2.306699	27.842439	6.023444	16.455989	171.971877	30.355722	37.929637	105.866290	197.342821	41.202847	18.987201	34.791314	1.552293	115.786408	94.781550	21.387512	12.681288	123.225522	61.496604	47.641060	34.953483	6.191904	6.317410	101.656292	10.062918	13.356661	33.155121	9.065386	65.882926	28.635796	40.877489	81.469081	20.150483	95.653055	24.361966	6.314388	62.844919	147.878422	6.548988	78.472061	4.166579	60.085699	133.621808	150.535969	146.028398	48.496810	99.273750	4.124593	244.498309	6.131752	189.737345	 
38.732312	82.411765	40.095255	52.950997	28.435905	18.157240	52.486755	5.946109	155.068521	37.909968	33.987468	54.375973	27.385834	4.800776	80.693498	61.737562	31.463675	40.972089	11.324466	88.938938	14.799422	8.052230	0.200417	42.141701	45.472578	13.769815	51.929982	300.097904	87.411547	139.853285	35.289560	4.332555	70.482554	54.847526	49.210319	5.935798	12.190807	3.580426	94.584390	11.995259	25.472083	11.243460	1.165571	70.380724	12.816482	7.119257	1.534069	15.764246	1.132149	42.354474	21.427666	35.529221	3.929265	16.718226	34.262771	2.380800	102.155920	0.906108	14.669314	36.442283	16.247920	13.255595	16.768971	81.200795	62.867591	 
10.313408	30.720611	41.200778	18.442540	10.963694	20.439397	4.985212	68.992416	34.463177	14.160508	0.903517	28.378370	4.787046	95.595468	8.468103	22.414870	77.772445	5.911256	19.501436	65.380300	74.523898	71.982142	17.928916	63.639726	89.744125	121.944605	10.486285	6.711769	4.805031	25.604269	70.961055	44.681902	24.634913	54.965101	32.522765	14.930051	9.022595	21.262969	0.852306	61.901154	26.363222	18.159152	47.779004	185.093543	0.534692	135.845118	64.430124	1.060680	28.784484	22.784915	1.311129	22.857392	9.842848	14.058783	19.290545	4.855847	1.114864	42.761406	104.598671	67.130141	14.804893	34.120327	28.946576	9.073092	58.637623	 
2.443221	75.671553	16.584650	38.858237	29.126253	33.191368	10.792818	2.970468	9.477494	16.691544	79.762686	14.422223	69.734275	6.059366	20.520953	31.386704	18.352025	75.123139	12.000553	26.435747	14.057940	10.055736	23.125272	84.356001	0.317850	15.009614	44.912097	115.746696	98.821001	2.121870	43.509341	131.981388	11.316838	200.476750	2.854288	39.005831	22.326560	87.696430	13.441199	36.136534	102.592217	85.002512	5.199636	8.199645	110.747559	80.266223	9.348324	12.462403	70.367152	157.094547	11.402200	39.218288	71.514890	14.048524	3.091581	34.459333	26.500264	6.842033	17.097384	4.711221	36.694187	29.394415	102.375070	56.022784	104.345631	 
40.988451	21.882632	70.769601	74.698938	3.526333	10.407899	64.726873	76.798502	78.992209	60.854392	1.383560	90.696851	20.909145	22.221198	13.518887	12.766855	28.309742	7.191579	47.263031	63.119641	9.875497	89.959200	1.019209	9.262300	12.849424	11.437390	38.517538	79.483356	15.115246	23.915732	42.596622	42.247084	27.093398	172.256336	22.811879	9.187564	28.199715	15.534732	67.571201	23.127246	38.235549	29.779532	2.502038	35.876818	21.597431	6.662514	20.133625	23.549007	16.411032	42.165988	56.650976	171.594308	25.632268	29.227844	108.627350	58.464589	43.022318	25.612822	6.712461	11.437202	24.048394	13.486982	3.013687	9.500464	7.307677	 
25.122298	20.553321	121.975124	32.322759	3.929876	69.560864	45.255474	77.010382	2.953035	36.206625	48.270893	39.501722	34.074976	36.023484	82.156195	133.878941	7.462611	172.123504	37.542518	61.687824	33.805178	80.224633	103.598658	98.704437	29.441504	37.299358	42.943365	48.791461	62.454147	2.937839	31.338156	30.031283	41.331028	16.182139	3.392415	37.830402	35.048719	34.082986	0.337040	46.404517	6.361371	177.637048	26.167992	37.373061	19.175235	13.477265	70.488616	30.167708	6.164562	40.043178	64.025678	73.708350	32.358684	3.199409	38.200276	59.019359	87.330719	16.619201	4.212645	3.240155	2.695221	14.972427	68.570795	179.743809	56.517336	 
12.068766	1.517959	10.894922	34.254325	25.709604	60.795189	11.931837	38.642702	0.977300	57.235190	2.490223	13.264191	20.278247	23.068137	50.246159	69.641183	40.086982	71.981941	67.277819	61.513487	22.557060	5.350377	108.527632	32.580431	2.668929	0.788617	6.751984	0.750619	124.503719	15.138115	2.521518	69.925263	112.802853	66.686465	27.612273	47.211866	17.455627	52.255911	46.596366	91.398446	22.527037	7.135886	74.131868	42.213902	58.082333	53.662127	100.797013	96.819249	21.751706	19.392997	29.600058	100.454190	10.609019	27.966885	30.183799	3.361763	43.849082	3.202233	30.965311	65.326956	4.588319	118.705516	47.315948	17.821011	9.443088	 
50.417992	80.778718	77.284645	19.023712	32.947008	112.197048	0.591851	83.962222	9.655610	24.428904	24.600328	10.179721	10.218853	11.619127	108.332129	69.838664	8.709545	30.792433	92.491539	39.292803	35.120380	31.402631	75.423787	86.551302	146.635362	126.003978	163.866696	3.510191	21.820165	1.226948	90.786209	8.501744	113.463953	19.496636	59.550975	1.394401	4.038416	4.997028	47.320962	8.448356	31.530987	35.200752	21.018258	85.784356	10.961221	8.475251	5.210081	33.251967	128.785416	34.405786	3.292460	31.925328	59.964838	45.945944	8.898015	9.792348	2.832509	48.847436	26.969703	17.015234	8.089173	8.341593	27.072597	35.708092	20.408841	 
5.167068	31.702076	1.302861	84.355827	36.653941	3.733216	11.156592	5.917327	1.860592	206.437884	26.451165	2.988113	75.686271	149.629218	42.974012	48.895552	14.735090	21.858636	70.763176	0.693710	110.910139	17.221941	12.063450	0.557592	23.529691	103.469748	61.146811	21.555278	29.894495	1.957347	3.666899	29.436047	54.011101	16.901373	17.290500	70.722862	58.017797	36.980683	25.607543	4.156744	6.736208	26.790968	69.090570	53.136535	85.652106	51.143783	37.894781	45.723899	27.205680	92.360332	51.338588	15.075159	12.263029	26.378580	21.168233	3.578804	100.331197	156.623175	164.092241	2.682180	21.877527	48.207038	23.870000	50.326937	20.724007	 
4.007167	101.584305	21.162678	48.045186	23.805909	48.142041	6.620907	53.018946	97.934345	24.379621	50.683244	7.204049	6.019236	68.188869	11.553280	56.866062	36.884832	65.073557	87.401543	27.007730	29.770654	11.369890	32.957440	18.614325	78.870352	4.600044	1.140425	70.066465	2.679882	8.322885	1.842477	8.937038	42.421270	2.400370	5.564586	47.329833	113.501665	9.500339	80.288776	31.990578	53.588372	16.984770	6.715942	13.447091	7.783865	25.851931	168.073784	9.059066	9.016347	33.927133	94.099167	85.873559	0.508804	0.373862	18.192297	6.515210	23.065487	47.710851	53.348462	37.705133	85.650595	19.382463	28.957829	1.307585	10.341502	 
0.528782	38.063567	2.039395	20.739127	38.494136	134.039232	25.952873	25.550025	10.010536	29.943339	118.963524	33.899083	90.687582	3.959719	58.970845	44.414682	44.643365	27.615418	64.772023	125.688746	6.484234	34.932788	18.403361	125.908140	64.078101	39.590218	20.813471	26.278861	84.438049	91.844234	23.532846	9.067289	67.470852	2.981714	44.654791	51.758343	12.145218	18.297795	62.650768	44.924112	11.745631	72.538706	3.736568	5.616470	62.380644	94.778193	18.773544	56.939199	115.124644	50.763292	143.717077	11.494381	62.067776	78.285563	67.477332	9.370389	18.476088	80.937464	62.468162	7.723839	26.899757	34.497370	9.137298	26.009380	2.235802	