64
0.000000	142.817671	41.222837	6.135263	16.539727	15.929892	11.572408	5.671847	71.355424	58.613549	14.995866	15.927917	21.934807	14.179875	53.978732	100.911980	4.092967	16.623371	23.075488	43.153749	41.082454	34.544610	23.040585	34.425862	15.346089	179.846434	45.435648	0.926125	167.839690	47.512427	66.471502	105.640462	89.784343	127.498544	114.936173	10.718715	24.261960	53.018421	50.173860	5.047970	5.339297	16.711930	27.437890	369.512321	21.528373	6.278432	2.687592	16.784397	38.377794	33.549259	61.516324	132.963076	28.006434	23.848560	5.893731	106.988144	71.145730	131.257711	98.935580	22.430072	30.934829	59.706142	31.612664	20.032731	95.051682	 
18.844376	7.903848	0.283586	46.055340	3.363032	0.926239	85.414892	9.935283	12.880613	37.240710	3.095634	40.938293	50.472581	61.527705	152.993085	29.384743	30.424738	25.781556	63.361415	101.814160	9.079513	59.892891	132.812377	10.706234	38.156209	73.063937	90.249638	75.834312	95.788216	6.907973	271.762898	26.795073	117.972604	32.687506	7.300809	61.513740	42.363990	45.620524	12.016247	18.268531	67.583702	6.177542	5.185682	20.809318	52.365445	121.781129	72.230223	77.398864	5.789534	33.422155	12.439483	29.853720	9.610679	158.089551	105.304891	6.654659	32.347327	28.918656	0.755795	20.874906	13.131559	11.305840	5.915197	14.003462	21.093858	 
17.328098	26.949035	10.531089	196.616557	8.857607	3.170312	27.939675	120.635041	95.841850	45.019884	35.719304	36.835205	7.084363	3.536766	28.164818	42.362018	21.623637	14.153819	0.620380	39.245670	9.790920	15.840279	18.998962	3.213486	22.896600	95.663363	18.517915	19.184785	125.219114	56.777185	99.849541	66.267336	24.008349	8.190274	59.240845	12.275200	26.126888	13.389028	93.559377	21.493467	7.141644	98.343454	3.100160	2.035070	22.689631	5.157257	27.071469	71.116692	36.682961	74.450454	5.201583	3.148372	78.876742	11.563017	78.406889	18.236158	29.389395	44.557547	11.167642	70.238457	15.780001	0.071619	8.463076	29.090596	20.137433	 
55.830332	13.744271	19.493136	12.643317	129.877152	29.575491	6.160676	6.362193	114.326691	39.173176	2.114310	79.731902	33.097353	4.571687	124.157937	31.416122	27.560910	49.837167	17.450142	7.809855	22.433084	48.266283	20.820734	29.403865	53.773705	0.522520	43.808235	4.920223	6.822181	18.872641	43.754379	16.689994	9.051686	23.983437	91.666844	36.043950	50.198425	1.728052	28.575280	44.763966	38.824944	2.610205	165.604481	23.100796	80.538741	35.365642	64.989339	37.014695	105.914608	52.704631	13.412993	4.827919	6.074800	13.507350	31.405634	22.178436	118.758075	1.979139	35.275609	4.193899	55.285651	34.800626	94.848027	77.078803	94.268140	 
53.900466	47.825543	15.986407	144.936000	9.717190	3.979427	34.549514	7.719078	7.630675	24.473631	58.625118	44.767923	5.896566	63.654560	17.455301	75.792329	26.055548	34.309437	20.391849	181.634707	6.377165	69.516572	11.756789	26.826238	3.187600	79.013992	17.672644	13.409826	66.933592	84.079998	6.979959	38.166647	21.720947	13.146709	55.820765	55.694235	13.853963	3.462702	35.580179	16.741638	17.175378	37.195249	21.765958	184.014424	12.966632	167.642309	33.842096	71.429915	24.518213	5.408290	18.390947	11.046604	10.414752	26.074660	6.286360	62.474080	3.184760	33.291034	13.284196	126.426219	75.999285	8.919650	14.068268	5.427069	75.663432	 
19.501076	2.847882	64.235036	10.090438	20.073743	5.406264	59.764068	37.547453	189.263864	19.834240	53.812177	29.288588	18.497584	121.066050	44.794355	111.341638	11.503570	51.334061	97.082386	2.187224	53.552071	9.825325	17.040290	9.523318	7.431361	51.671861	1.682990	124.416032	15.315566	0.177996	33.852881	9.566017	19.085171	35.196207	95.369236	13.377666	45.209073	6.615184	19.428781	68.499947	34.901241	131.176215	18.125091	28.984570	35.160705	27.670024	56.727743	24.057342	6.061317	21.094267	30.855076	71.609831	35.727547	57.200005	29.190119	3.476641	16.595181	32.329556	23.302058	12.090126	45.701123	7.021905	38.419820	18.308320	44.441009	 
7.021261	20.557145	6.020667	24.056375	5.967433	153.847849	14.504365	56.543799	15.340706	43.111837	25.290975	73.142936	36.354025	12.493149	15.462347	72.718396	19.209745	86.730955	86.809015	25.510145	17.744506	7.696487	63.210590	30.285947	48.516876	0.599754	35.331006	4.493303	40.968951	105.858931	17.526050	21.027699	46.818431	42.731285	17.971397	115.203257	30.317310	24.942497	5.986067	15.681908	91.571823	18.464516	14.661042	70.472768	12.633816	6.799264	3.028400	53.553321	100.296519	54.321783	18.901304	39.847559	1.797637	135.989462	5.657490	18.769565	29.170815	80.173611	37.250943	3.906282	38.750821	74.789129	8.168285	3.972901	1.052692	 
1.206900	53.159106	8.459348	12.108008	39.432073	6.115935	5.102046	5.363316	6.209405	26.368909	9.747570	82.997842	113.841483	8.553682	20.914692	94.986021	13.929370	26.496817	2.242417	19.479853	48.947015	30.948993	78.659318	0.214237	67.374404	39.017152	75.793644	5.970782	33.881367	21.379964	0.940188	11.901068	82.795317	86.550294	24.698293	51.083813	76.132629	6.000019	22.064070	12.760947	85.537738	26.946920	47.217284	4.587108	51.138405	99.691296	39.682537	30.899860	35.795962	93.530762	24.486883	4.980003	102.082781	17.465677	18.443686	83.118462	14.103049	22.574132	44.475511	28.331426	6.110679	90.178182	3.903223	42.268783	16.176619	 
48.598396	15.370945	16.538256	39.016271	52.932504	55.628396	23.709006	29.843363	6.195443	12.394861	18.942749	11.233513	56.727247	50.769314	49.661467	26.600844	15.088771	62.575394	59.600849	14.803268	47.994218	51.684559	39.135170	43.746284	36.784741	45.319176	15.105505	59.916550	20.493859	7.432199	63.654435	29.630265	20.377255	78.593308	71.461751	8.498036	15.932137	140.906044	128.575588	25.427673	3.685334	0.952364	4.055479	6.944443	15.151250	79.661616	6.710959	27.781310	50.609185	16.616197	17.359557	30.238444	21.457923	41.029237	13.014972	34.784506	20.762189	10.139629	22.265608	88.251487	32.276103	16.486152	41.506630	13.839535	0.989362	 
24.890325	1.423917	10.102777	43.225204	9.722272	118.876909	162.243378	1.144638	14.538690	0.494874	62.490216	39.705544	43.362613	8.373710	5.056071	11.402660	69.699950	48.039266	38.626181	25.259478	72.681645	29.652710	47.442006	45.420651	102.626035	29.294577	23.017049	77.077632	0.374089	149.803521	151.187334	13.217359	155.855594	65.724268	20.681030	10.404251	11.782782	46.230133	15.226720	12.080216	21.666977	53.647878	44.375442	15.545081	35.949552	36.453587	3.939177	33.398714	26.239361	92.307478	12.402689	52.320840	49.132791	43.814941	3.635505	41.983516	0.259424	5.013174	51.943188	26.641401	74.753107	12.117351	54.561945	8.015674	5.288849	 
59.452588	75.862634	30.374099	49.377557	26.426637	128.614282	103.771679	5.904080	22.391845	18.255207	4.628670	50.297348	77.817171	233.474937	193.046504	22.998117	71.245001	22.392707	80.610006	71.126952	4.111459	3.669422	65.762612	35.160947	4.219900	29.558692	41.324084	27.792013	2.526057	0.588230	137.046883	17.973516	116.213948	25.626919	11.025376	33.830477	9.781568	16.763247	20.326874	9.211155	103.528255	20.511438	30.743547	10.885021	14.249310	66.705381	25.356103	3.443994	25.431313	13.503496	66.413446	50.762677	179.416634	55.260547	31.882491	33.696404	6.777546	30.109427	16.480009	38.587183	22.299734	77.130985	90.818091	6.764121	27.459068	 
24.018110	8.954516	28.717758	27.346666	34.437018	49.407665	13.149448	159.201523	46.452572	0.204872	25.278310	24.929166	56.868627	0.800723	8.443226	31.685458	6.117996	32.493132	67.429574	21.964321	15.640906	5.256769	6.364698	37.589726	2.591783	43.108515	13.768761	12.108473	66.447120	11.065514	68.359090	91.863166	10.037054	69.407600	51.033987	11.245144	29.269867	8.039897	94.001737	22.871838	17.717684	22.192312	27.881683	51.267255	29.412507	13.094036	4.126518	18.068826	8.656479	38.190133	25.461673	13.555789	30.761344	11.390842	13.019747	62.042985	23.965675	4.812223	10.554508	15.973521	15.684446	91.585443	8.777830	3.170405	10.636719	 
17.016041	24.342572	74.778037	3.234119	38.366214	69.443711	40.636057	30.264857	20.729738	73.413528	4.042505	21.938544	11.880246	0.229074	6.252497	34.580352	66.049010	71.393480	30.007118	27.242253	17.138995	8.091172	11.385013	37.654698	16.629414	21.732543	17.547484	188.788176	139.473467	37.187986	119.362013	9.832907	57.314662	76.085775	8.791019	91.474261	161.526942	17.913627	1.354605	34.204278	148.505347	39.829357	45.477091	34.705941	11.705405	20.227160	8.291154	8.310012	1.151201	19.959435	1.026838	60.053231	30.154404	58.904315	65.511458	0.518521	29.207794	8.865562	33.257898	23.319867	11.342823	1.033596	9.123010	3.628326	15.998702	 
14.414160	12.397855	12.133033	7.265583	18.930018	65.612009	12.450608	39.801795	91.639821	69.346698	48.891347	70.270817	5.569927	4.993763	135.526066	195.311487	21.197248	21.212534	115.060725	5.820277	39.168967	23.115972	87.010952	12.763549	24.784849	1.368011	3.016803	46.393048	3.970777	5.010769	4.785333	41.166826	39.346462	67.598153	107.635522	48.659647	104.667076	21.426367	22.272387	53.089422	12.792638	59.960373	0.991112	54.144797	16.450392	1.629828	30.013802	7.350233	41.529529	40.844641	15.109764	66.451226	16.690410	64.254004	57.432110	93.359195	18.869091	8.086738	8.834308	10.977432	28.258001	8.659161	62.593218	12.246874	10.990058	 
43.946267	31.329222	11.997803	28.087803	22.513991	37.799951	30.531739	109.280797	176.859828	21.647015	6.827541	31.613923	13.848981	35.594153	2.356283	57.653622	39.788872	16.190449	4.604618	144.480767	17.083518	3.928041	81.495268	19.431889	0.584918	14.535108	4.995356	30.542693	11.460186	24.760067	10.743764	19.428041	10.544992	47.540430	130.679904	37.159729	99.302714	28.481957	12.763511	0.765079	9.468085	3.802200	22.423975	10.588750	26.653350	15.095776	67.579411	1.122514	26.432242	77.984819	92.510117	23.836284	86.818540	9.747297	2.444555	52.080985	5.889496	25.609062	9.507898	7.184170	8.996000	156.218426	91.880294	3.205247	21.959405	 
119.314803	70.950002	51.743917	105.034005	40.300012	225.802673	18.546878	12.421333	94.102601	24.028078	13.352852	8.818623	60.759130	32.246421	13.242036	1.347715	4.342412	31.359394	107.654947	59.393432	19.852619	16.804396	40.884231	6.365737	51.267639	45.128960	35.697943	38.343094	10.026623	5.936342	95.274419	20.803783	126.400880	18.272948	33.474716	16.397757	7.396585	47.040603	138.617917	12.466792	151.899315	13.634703	18.138860	55.310549	8.601877	29.561606	7.839404	68.491722	37.218337	17.843164	100.382682	103.935222	12.907829	8.538927	3.897405	4.755645	22.677501	11.678462	37.468197	1.378039	39.499801	4.089752	149.142079	23.838220	18.827694	 
60.571041	8.329836	128.209011	61.962366	74.978289	10.979626	77.593607	5.541286	146.594363	86.703058	14.317923	122.757417	6.191141	11.466547	7.949332	86.651529	14.630889	77.142955	98.873776	45.028357	143.631673	9.043003	31.466826	33.739060	15.905785	6.325618	40.882807	34.855727	19.983930	20.111777	80.971234	10.109781	16.729176	0.608509	29.760905	27.346992	4.882282	48.259239	1.805789	6.964250	6.164422	40.331379	18.014383	45.306994	12.443730	14.852775	29.196452	18.746566	139.761314	20.571016	21.371926	20.922863	24.688001	128.850558	78.338503	8.817303	36.429339	88.134216	46.680361	25.192368	3.092869	3.730920	16.003410	57.226513	4.793849	 
35.948205	49.377799	16.293422	74.223855	55.879200	15.048812	28.580703	86.133448	15.467279	146.613432	82.873903	52.636251	23.213044	42.647910	75.663676	0.810534	10.483342	15.040680	19.999616	12.308403	86.724691	26.218009	35.765991	67.455444	10.286326	5.775168	84.453092	25.004810	18.749547	74.161167	0.341273	62.161597	365.237004	24.487020	10.731803	32.020197	92.898155	111.897679	25.672920	2.458272	12.331737	7.323393	43.953376	30.497187	31.989347	51.293526	92.321912	27.672501	23.838873	40.849487	94.824627	66.381472	7.201754	14.408620	18.838873	31.119810	21.210052	4.799156	13.082635	96.825007	31.721979	19.922535	1.353214	31.440303	33.297478	 
2.332132	8.894034	21.074774	24.714270	104.290613	18.836307	17.041249	32.332887	105.046676	22.160584	20.801402	127.250648	7.317070	85.532694	5.726058	35.680903	0.900600	69.707967	5.576732	73.948855	15.789854	111.168464	20.312543	38.367157	84.625689	148.672154	56.583356	30.958241	22.649367	12.798119	31.876399	31.255623	0.796413	5.936429	69.152436	54.499184	23.335654	67.140832	46.113010	184.806433	28.825464	17.363701	11.320423	7.263736	96.612649	67.048402	3.625558	4.310430	131.478134	31.609053	4.867165	42.361242	22.059788	70.918213	16.801720	21.920431	7.652589	17.721206	18.446932	90.015442	10.078059	84.763259	23.368975	9.277132	1.760693	 
34.118981	33.694920	11.777420	57.681169	37.733217	32.007046	19.406794	132.283783	54.815826	10.731442	0.622638	96.141515	97.763337	1.837154	14.768578	108.925610	27.787962	9.820947	23.993775	0.244834	3.475841	18.152502	58.692306	24.258483	47.465708	4.790442	3.447702	17.412941	30.921212	51.506535	49.571112	7.082210	106.866224	1.285759	18.457695	37.666068	15.346281	4.004219	13.043855	3.563179	50.893779	39.113730	12.215111	51.651798	54.378086	0.802402	14.756913	65.984125	105.380139	39.074028	4.061131	52.746073	5.787254	76.552648	19.378413	89.228515	182.072126	154.744793	0.378650	23.269146	13.180002	14.063323	20.800225	13.903579	3.962090	 
6.720240	33.870408	36.633636	33.728953	19.706027	5.917104	24.918179	2.353214	27.439182	35.000065	14.791918	54.312581	28.461137	12.139559	37.082112	112.879153	23.912426	19.981404	13.529894	26.323674	16.017968	12.676461	64.273969	25.898546	16.999609	9.228457	8.104119	15.782499	53.309145	9.584133	17.320603	29.462826	65.619436	8.616949	34.479101	8.465427	18.961771	19.447125	53.090264	12.084567	3.654807	49.392972	42.375401	109.720132	5.757993	2.274303	27.135181	45.451289	13.228236	4.294213	123.994605	22.148250	32.111324	1.095319	77.118965	10.071954	35.098145	10.283851	66.933731	17.064699	16.864216	141.692594	7.284292	24.898091	12.487392	 
43.728783	2.022227	10.534953	67.465877	2.324696	14.825246	17.098229	175.884649	26.161973	35.324049	41.647281	47.313648	15.005556	12.672999	64.928256	3.897122	3.026808	18.076303	8.545751	10.232587	6.131636	0.518341	93.227306	85.436121	26.922458	8.000340	81.634124	0.435954	43.029732	36.848116	41.989545	46.139607	0.322353	95.984520	3.267872	22.572387	69.194319	25.152402	85.001275	6.619274	86.628455	23.783188	10.234717	2.554903	29.389656	32.585638	5.018117	69.507870	78.517917	4.627408	22.190646	19.048315	26.212451	16.789918	75.923479	32.620289	11.728938	12.850990	26.803728	0.976524	11.666618	45.447986	3.751980	21.766095	3.348172	 
24.265478	1.475223	57.437550	31.862216	72.035959	0.216038	42.060076	13.561054	153.045582	76.623691	118.088754	64.582879	11.887872	16.555078	159.185611	34.522343	28.685847	78.844647	26.065216	49.062279	55.324657	1.815351	0.893317	9.937779	0.967947	1.513705	7.969158	5.610095	25.416314	14.851661	1.159943	28.078569	17.670404	18.008875	15.768318	7.388336	52.784498	45.358485	65.071505	34.819034	14.426020	0.726092	85.053507	23.310271	44.968397	5.747289	0.723079	1.273506	97.112032	16.424952	32.318958	4.189488	70.705867	184.094194	41.936372	81.864099	14.113163	1.055258	87.959382	23.935887	44.226625	18.852562	63.475426	6.591210	41.064576	 
83.514508	5.548935	74.398340	94.480212	7.160543	99.484387	17.707463	17.201162	1.551305	37.161312	0.705643	2.067222	13.899534	129.621501	54.840006	2.318849	4.682969	9.280854	5.664491	13.670125	17.654846	35.548781	102.731698	12.350713	5.915810	105.289265	8.423158	11.705232	18.413100	37.958463	9.694784	24.204851	31.694684	1.710619	11.987698	6.628556	17.181310	9.231521	46.507825	34.046890	5.219657	37.828864	11.953895	113.299431	8.070109	42.104803	75.393840	4.144544	18.787308	59.797969	17.508689	53.670831	56.454273	7.261585	3.898682	4.675376	35.811190	84.398444	35.529463	137.899914	26.401656	91.442100	15.741497	86.791287	3.814394	 
49.702731	86.825892	4.410984	30.056797	17.901939	51.816543	57.063423	30.234643	44.228007	16.620994	129.052027	14.465930	64.616922	44.959883	22.934951	64.490719	152.000517	136.376558	12.318240	64.709480	127.282381	54.019008	7.182451	24.725597	3.314224	5.309534	8.871222	58.613944	37.276898	165.116494	33.840631	111.989960	51.446748	7.451999	19.532725	33.846754	5.180792	2.969058	8.343922	11.847815	47.304539	11.853339	41.052158	4.128344	108.246774	8.434465	5.609476	150.217859	42.098385	40.001766	51.521357	26.000344	154.204271	8.042900	70.964413	142.288973	11.801391	8.866332	47.097646	34.308147	83.440402	8.839504	37.266066	3.184586	4.432150	 
56.579182	53.234520	1.575638	9.415509	78.045027	5.500434	11.464158	94.636616	75.431711	100.663731	40.213381	48.024757	21.734105	23.733476	140.847259	64.232676	20.377520	1.066036	36.450371	39.942652	5.309865	5.097421	9.307054	10.157377	53.031574	1.128291	81.251640	25.133963	86.462759	40.495501	10.288541	81.501614	13.969605	2.505188	35.264227	45.426496	23.580840	15.804979	26.283952	28.158293	120.651129	52.098255	39.781684	16.495407	101.668382	3.980481	2.895864	50.325767	22.237762	90.060078	19.250056	27.049112	49.932618	160.987747	5.377401	5.763754	86.784511	17.695101	78.200203	11.658496	29.816050	157.779694	7.845537	26.885420	54.823981	 
39.360379	11.491601	113.234199	36.422857	130.894669	15.286079	21.299320	40.377335	32.972706	11.296528	11.208974	38.448851	98.114840	30.127733	10.446368	70.002462	29.502095	24.018938	62.801810	23.314714	82.465668	9.215014	3.931623	10.450295	27.750028	35.214884	13.545717	8.840142	47.894106	4.369214	17.950938	53.168034	37.605819	115.985735	29.942752	1.730045	8.702821	10.962338	13.138746	13.888310	10.115083	52.104053	62.422514	66.732522	0.922233	90.836697	26.151740	12.401924	45.591831	71.698831	177.577147	5.669887	119.584242	51.841696	28.623311	6.268305	3.372764	25.899588	59.636446	137.566579	2.082758	9.290752	24.815854	34.783490	76.090617	 
7.615684	16.360863	43.412975	64.397430	83.492165	57.515283	53.657933	63.710163	97.702845	1.662361	23.432309	72.213126	21.084222	12.191341	18.606151	1.869847	15.135485	8.313734	10.215467	66.343093	22.426253	26.863976	17.694841	17.514300	30.911466	3.215912	48.433856	9.768132	43.668505	103.134598	40.216899	7.928998	6.409723	39.223194	30.474915	7.665046	20.322566	43.335233	10.294883	0.786933	31.960526	26.945599	24.240786	0.608798	28.780923	13.109743	119.167309	29.460095	82.952323	5.096380	118.924238	8.920495	20.529326	10.484861	58.130295	28.324292	34.685630	23.795300	53.828261	51.710125	30.917126	85.523671	22.918932	14.579161	36.256287	 
19.179636	81.710160	9.643873	42.834546	16.164679	1.891759	56.856857	20.905778	184.613689	23.065537	25.647894	88.241539	34.089582	1.498415	169.244707	16.733679	164.095164	45.115151	3.862260	62.873704	14.509784	44.162537	78.698859	42.177949	17.759779	65.653251	2.285242	27.100191	9.309492	28.825967	18.713441	27.566263	14.114850	14.869367	125.689511	25.178962	32.274212	35.672357	38.442052	7.453361	54.910278	29.678677	55.428859	22.639515	2.200500	29.161973	31.161750	25.121967	16.614445	145.444333	16.265767	20.482975	2.360677	49.699651	4.721721	16.140103	20.427176	19.492905	51.093874	81.799742	63.914648	4.835171	29.548804	10.897877	21.516015	 
11.853251	9.004156	20.439426	232.504830	23.716035	37.604399	0.918927	14.588642	34.407099	73.357675	45.913054	111.265055	48.336490	9.834376	66.198129	65.785116	81.215249	13.557445	2.196656	154.999873	51.292323	5.713090	16.412047	110.213537	30.735237	32.191367	107.497972	23.620339	63.493043	3.235760	7.775543	53.609266	1.790188	160.319003	40.478690	40.555207	76.670442	2.637046	70.776046	15.500874	8.873980	67.485400	15.881355	75.411335	11.938437	73.731284	7.275518	14.543192	17.921366	47.969023	72.657068	139.595967	72.670849	25.572175	1.616489	16.422137	25.184909	58.664837	48.036389	38.734377	61.978999	16.079822	46.142385	12.073251	110.505042	 
90.573782	51.836454	92.107765	56.482660	25.020681	81.012880	54.558903	137.408110	36.145327	73.235051	67.247658	41.370113	26.271611	1.500823	62.420104	90.631337	26.761133	103.369093	5.589106	27.087511	186.419904	6.075335	5.340199	40.096836	121.609624	56.680411	31.070532	65.877001	66.199453	6.550235	3.152571	179.949269	57.811617	4.838650	35.026805	22.913667	59.136233	7.009978	25.353467	57.392748	30.745817	12.173105	68.591221	12.513084	80.858940	34.057613	27.053980	10.589664	35.453913	25.809808	67.924551	28.914536	20.652306	6.805692	25.979184	42.272665	17.927173	13.623714	48.957008	17.883227	84.161412	11.683635	8.383542	55.400578	5.246836	 
204.750497	11.458881	4.627951	53.235705	29.063054	20.293549	12.776332	27.301539	5.611894	5.591626	36.917376	68.052690	40.798317	37.645095	45.531783	39.568505	9.288679	29.052931	35.690096	4.452769	13.089688	19.898711	77.708748	33.018604	22.479708	18.320023	30.466803	34.001340	11.606308	0.729539	38.356847	2.785508	38.799387	14.165331	18.298571	44.726051	12.599092	7.802672	29.137928	102.883825	3.087432	4.299974	3.241503	138.386580	56.699833	1.866992	10.031619	15.987211	58.702395	24.888552	82.977935	6.508901	42.907026	2.815932	15.431213	29.319859	56.273571	0.436685	75.099064	97.038693	0.635772	4.126996	9.984388	34.742407	70.956195	 
34.471367	10.523192	5.970121	1.268585	117.211878	17.138173	45.611542	42.029596	6.681677	26.831941	9.228833	5.294648	55.057322	6.747965	69.855835	46.956910	75.223543	30.761172	23.700911	20.333883	7.891729	120.460385	106.657017	18.056011	89.239775	45.521836	36.193840	85.785184	99.363983	38.440375	34.380587	73.553713	13.893056	67.217535	18.847469	44.973885	31.411480	2.913648	50.029201	7.531786	10.069018	55.414919	22.179182	6.409886	58.261120	14.853780	4.448628	1.522732	45.915444	8.005663	17.375288	58.623485	10.971280	6.862216	92.266197	26.176643	13.630201	118.814500	18.703149	2.049995	84.192250	31.688196	60.183217	9.177071	31.241924	 
4.025595	198.701316	47.997471	43.038668	15.764285	60.059822	19.392037	4.565858	38.268692	65.764032	6.478470	6.260582	18.048647	4.274461	40.479381	69.943646	14.949235	7.310392	10.271555	153.031803	91.989371	15.037064	5.122912	72.176246	12.630240	71.575501	90.095126	18.519535	66.434376	16.651722	27.707869	7.035575	7.338726	5.068904	2.147729	12.351333	3.266861	76.412231	44.471679	18.856346	45.701102	26.761986	22.559439	25.225632	45.776147	17.587855	11.122121	62.695670	41.066819	2.303901	42.860650	32.040460	7.339292	1.658589	48.107884	159.239409	43.577569	57.420931	65.031420	98.092219	11.445771	166.570858	20.234535	11.428716	59.488122	 
113.516504	11.652522	35.087991	2.247993	13.337431	4.530445	13.218268	70.076656	6.289149	11.516195	8.784333	20.139430	105.591805	324.091562	120.393663	47.430707	5.080288	66.047049	119.911732	16.378261	101.668169	30.872609	40.525131	27.415156	62.793190	36.502897	117.425749	2.853111	71.165738	16.558739	17.980785	42.906717	18.440601	106.524954	8.418533	14.744570	57.167544	18.001142	62.614352	64.102949	14.107378	11.115111	38.254956	53.580848	116.221381	77.574097	7.644485	48.799780	6.688873	13.041354	11.221903	56.338303	53.354177	28.503432	46.446694	30.570426	36.494491	3.663222	13.644061	75.312824	30.306987	13.399355	18.873240	46.597366	86.545731	 
2.959586	8.200437	24.091515	5.975055	5.020687	50.543406	40.849825	13.290424	90.175076	43.080411	52.110691	33.586599	20.071675	44.754976	8.953457	3.333199	93.562036	18.180896	37.448689	30.261429	127.706126	22.447663	53.649700	17.867172	10.866291	145.199979	36.694006	110.398513	21.115950	0.335301	38.941075	49.021279	43.818746	69.563700	19.912823	13.881411	52.642255	15.360752	0.214574	9.721620	40.500763	60.979890	3.548435	23.966436	7.317524	1.632137	24.831981	10.232531	5.468021	21.874180	25.183796	37.807032	1.922368	20.119513	45.698461	109.608875	21.809402	30.408793	11.403649	6.206062	24.415601	116.499881	49.365128	0.621375	16.656632	 
0.960785	45.399254	86.587158	31.948737	14.145504	13.158411	11.713081	89.025513	11.212828	3.926204	26.120488	86.900314	38.813276	4.726149	46.574744	59.447329	12.155149	33.599530	134.999273	15.004015	2.928587	46.954988	11.990872	80.186283	198.522796	44.941833	23.518133	30.209636	26.829932	91.535502	81.063832	2.838121	7.310276	26.892774	1.926878	25.288978	3.569016	54.665457	23.018809	26.571298	111.659449	30.341535	63.771140	21.343457	12.206594	16.146889	76.930559	55.515425	25.130654	16.635571	56.145086	35.499049	18.671921	7.977084	38.490220	4.425306	2.052308	38.661858	150.823816	25.757931	18.780494	11.551839	139.212844	62.411623	10.776640	 
6.390217	2.603593	22.036492	4.545355	11.282547	27.191346	0.850828	62.899335	22.779967	1.081897	10.247539	105.519604	29.776284	87.693998	26.459314	21.181631	70.092988	207.215891	13.338509	39.400457	24.938423	81.806534	21.568781	113.453696	54.651328	44.081704	51.917057	14.271162	75.076420	71.758088	2.976773	48.378990	6.334660	17.251211	130.169133	12.528800	14.003190	0.461120	160.474100	5.650389	12.346009	7.205856	4.739733	11.515580	3.491410	25.724532	11.112986	169.760850	23.212166	72.483882	15.264087	21.163824	33.043555	16.303276	10.956229	49.758360	49.905146	3.211631	97.013345	39.450611	14.513079	252.288124	7.392544	29.527059	93.758768	 
63.800914	29.757272	63.102723	48.806048	7.525300	8.486720	10.968002	43.565630	28.384763	49.377824	15.656469	41.413690	172.182401	9.946425	32.995997	16.333530	11.405503	34.959989	94.837826	16.651377	14.607177	29.710677	7.290416	13.960147	81.984313	18.044452	14.955331	4.713011	19.052009	9.995994	29.060269	15.248096	30.109475	4.290067	5.246437	58.080675	34.837433	54.488475	4.524632	8.986598	9.578208	85.366485	23.890728	142.796019	49.509449	0.228363	1.924182	29.002619	68.548837	27.155471	78.726570	86.049511	17.938527	4.288861	9.278130	27.723220	23.501882	19.215411	18.515333	28.907970	2.304039	6.221753	61.567816	39.975158	101.979148	 
78.173060	54.630384	46.226243	40.549502	76.209666	21.944399	92.034154	16.232234	20.202794	10.367689	95.823341	59.387587	65.881100	16.811464	22.398989	64.186322	22.696599	3.069860	25.564113	10.179507	5.714454	21.918763	58.991716	11.764122	40.174563	20.278362	25.128258	24.096258	13.572331	48.828022	2.651414	19.729148	36.650911	0.922648	38.235102	6.175518	13.964566	18.437605	36.119798	30.976940	166.985037	24.673460	86.586505	9.832403	54.493024	9.303739	2.618882	19.442596	69.699665	43.286781	8.967471	29.997524	3.966421	13.218545	22.463762	28.179980	27.954140	63.017065	88.524824	0.508679	30.782141	5.133214	3.896029	8.983100	11.794116	 
30.544490	34.782160	3.389357	22.192580	87.084809	64.286277	35.039011	24.001821	39.603578	44.623898	26.252242	20.281390	45.594519	61.453048	20.026698	30.888519	101.795996	6.718107	9.125242	17.582415	2.698373	10.889263	9.633341	36.530750	22.361554	68.157788	102.700534	61.890542	155.422645	60.317541	75.243017	2.045620	29.576438	17.985179	19.191585	8.627241	0.472516	12.619901	63.549279	4.018477	2.354099	85.615174	11.966231	2.022712	87.091157	13.440898	100.277781	9.584071	95.695897	53.864424	40.182874	3.205866	159.766444	0.642839	203.440826	90.877381	5.373009	12.667330	20.344704	58.002285	28.332229	157.937966	20.501789	19.217348	65.512295	 
46.391629	0.624392	49.814294	35.594137	5.513954	24.502995	52.074164	48.732973	25.294581	31.607694	20.380691	14.741650	105.042481	25.154133	13.134754	47.820060	120.516239	32.847532	14.875079	12.138092	3.914426	62.796320	33.121307	30.780769	0.641829	47.565241	187.658740	21.485695	8.844791	8.483413	17.192674	4.695161	1.942804	3.579717	56.357241	33.578440	48.569135	62.995657	60.051324	6.068895	42.363019	13.493569	20.608851	30.617579	40.670133	4.796579	80.465162	8.435589	18.980239	46.266677	145.589073	14.251792	2.663280	158.157778	27.276025	86.813665	55.016504	127.494500	9.667678	24.800599	33.436223	2.679775	7.101527	5.611341	2.621082	 
56.101827	4.002008	47.648484	1.114086	42.873344	24.915080	7.534713	11.390426	6.989452	84.360700	20.024067	93.114497	47.130757	15.677681	109.706057	37.265896	21.540309	28.805258	0.574234	52.626189	8.122599	16.490787	13.224239	8.603219	15.073115	10.796558	19.585983	55.178864	8.516227	19.656662	4.351516	65.174696	79.086245	28.396117	37.911816	93.230914	109.358983	33.837115	7.118071	54.379352	47.477453	3.539089	3.326588	0.331090	26.549422	34.843591	9.965161	37.751695	35.198299	63.099270	71.241668	34.260787	1.511192	5.513439	5.449572	2.062166	6.518489	188.491387	20.154065	50.284954	11.056499	26.449301	82.513954	32.197761	22.636879	 
33.475240	7.252988	5.988653	41.008866	15.817189	10.669949	10.357297	12.222480	2.159661	37.813624	6.652348	18.976292	35.287659	6.495511	2.405936	28.490650	6.375470	131.880638	112.226170	86.848506	50.340003	79.536878	14.897172	13.601411	8.651891	15.022878	93.009884	19.893459	27.751669	9.516114	21.580108	1.095441	3.808002	3.689366	28.124733	5.030164	44.817896	87.574681	3.919178	61.122901	21.168328	2.580089	37.568499	2.686309	39.245878	28.391128	54.878510	76.490773	28.215924	5.429726	0.566476	5.672943	63.149590	29.014324	9.011688	12.858887	51.125401	18.096372	3.262765	23.788139	171.027158	27.481582	67.620777	11.901813	34.022073	 
20.542186	10.872725	35.135846	34.372877	7.944594	17.183425	7.880608	31.343036	19.174369	34.193257	27.104955	14.962175	31.426657	140.650804	83.859862	35.510481	2.649926	43.021217	22.934080	17.608474	51.420509	6.052563	14.389465	7.150238	101.883033	21.391256	49.216743	14.479778	33.783165	8.599967	14.164919	13.577364	82.146786	44.751734	5.862768	42.904659	51.046709	88.556557	15.446453	74.616669	48.503805	1.863762	163.883864	52.948658	2.038940	23.776081	1.310619	23.900440	5.170132	0.860583	4.628882	48.643971	51.232114	122.394153	5.812320	37.329507	2.700443	92.561428	89.849539	8.602856	28.431555	45.095482	13.143624	98.760269	1.372191	 
12.825606	84.165393	44.658400	71.768771	41.433699	42.653213	31.031409	2.412304	37.452632	106.675473	26.673496	98.530620	49.867098	0.728303	134.231546	10.430299	47.232937	7.721262	40.833186	27.678648	125.888270	60.223709	10.570774	45.054275	8.144065	9.908564	127.015176	15.730474	123.433352	14.676002	25.547219	68.173121	12.888187	31.644270	11.428869	18.558056	134.687185	7.775655	42.515657	43.594381	139.388966	29.949723	0.333335	19.750271	7.174280	1.203198	194.155992	5.712670	46.340677	120.965094	101.218633	92.678132	22.801774	16.354108	31.860951	59.147916	174.022129	99.255466	12.220901	14.452016	17.417047	3.221962	217.562042	38.915821	12.428218	 
12.265998	21.500427	20.251385	29.361805	66.434454	51.670395	7.600294	32.134356	48.849507	10.805213	132.913550	89.167139	24.952822	81.621616	61.194622	79.864130	1.024677	2.261077	55.045598	74.926655	15.145452	39.027153	87.772092	98.487195	0.742659	99.106260	8.106423	76.993084	76.353847	21.959836	28.665309	63.978447	26.093814	89.334426	13.164413	8.356222	10.704741	2.136012	83.019466	34.414169	20.709138	13.744786	12.071963	95.106853	85.651474	10.363816	7.518763	20.946100	102.671937	6.509626	15.889698	9.758311	37.273265	28.351801	90.429551	42.286000	7.807326	69.508433	49.578942	40.482148	2.296756	74.597949	78.074456	83.540147	135.966622	 
10.897260	29.456870	4.685429	30.472678	24.983418	19.933398	41.147435	18.325672	223.574523	62.321893	26.625247	48.764371	12.999609	12.623521	33.259325	19.802322	7.423494	16.269810	57.004708	32.269547	12.112679	4.183616	27.133463	43.766178	0.776939	18.729208	8.273842	2.191522	53.054473	144.849881	30.878265	18.523892	8.770634	8.104429	93.160442	42.061232	34.320424	25.278980	10.501379	35.379850	77.470883	21.194129	36.455486	45.598204	38.988444	85.968641	3.142722	6.774492	117.133948	99.783959	4.943984	31.038138	18.476534	38.287559	30.068397	31.551064	19.518264	26.631033	44.570506	66.771827	79.890936	52.774049	61.110762	46.612524	4.153849	 
6.045598	9.296684	33.965769	50.305386	19.938278	130.407300	2.631036	1.130581	3.922601	51.814257	26.585882	0.460946	20.919840	5.938782	25.428210	19.038546	175.657628	50.515101	106.256430	36.264967	2.844121	22.709989	42.386497	8.083670	37.745434	20.615188	64.533022	3.692508	49.573148	26.428781	33.094139	36.639065	72.755779	60.177971	20.046578	4.402302	16.570766	68.516524	38.049436	86.089705	54.251412	53.294457	0.531871	6.180364	8.843634	86.405761	67.523262	78.362509	7.068870	5.579856	111.877237	69.240651	47.172974	26.265879	52.316112	72.352243	101.181438	22.867052	39.011431	50.473647	25.996038	107.312660	36.167408	120.309871	236.413792	 
37.074735	42.414620	33.897981	7.942425	60.638097	142.715686	54.826211	28.991647	10.157376	120.154642	150.021275	78.477090	26.375831	6.834634	1.605657	12.571934	2.211484	17.428455	28.033493	6.318163	77.333898	4.416422	53.973861	84.058284	7.073248	6.349747	23.272285	88.172781	29.346736	85.903572	14.701499	56.903305	48.414837	4.517616	14.542365	7.355931	5.777902	206.337161	83.726831	62.991879	21.153879	2.283310	4.137623	21.038376	13.673910	90.500764	27.632275	2.811881	15.349149	13.320382	22.188848	1.463158	0.357636	32.712216	3.950577	14.076304	19.528050	11.728354	26.883290	36.135675	23.717229	94.484111	0.965658	10.514946	56.635745	 
7.298666	10.674350	5.862740	18.563738	53.926198	170.234595	18.101511	94.795575	18.002850	12.334514	49.865895	27.110214	18.946012	1.290721	12.831147	23.103147	14.944877	27.887211	57.263826	9.019199	1.145588	48.645470	4.847163	22.690148	46.771367	28.317194	98.139842	21.165548	39.344991	137.068274	28.113716	1.038096	56.515799	3.217737	11.748212	5.302337	30.216925	76.342745	35.329891	8.158408	33.476988	33.699247	26.249980	31.395220	169.369585	18.451133	33.462443	8.353725	44.552519	10.555488	4.216733	83.283535	56.731443	65.694069	123.855918	25.977960	70.121955	25.334882	8.147277	28.371167	12.017350	97.171935	125.540035	12.221470	30.069247	 
60.448455	56.964684	13.828692	78.578210	120.502598	99.713969	36.063327	87.077905	14.194607	130.415650	82.693711	294.647178	36.391216	23.111233	3.458650	54.303984	125.380023	74.656724	7.648634	3.409520	174.268315	30.740448	14.502227	27.920810	68.743300	37.357185	16.831092	44.763958	30.499010	17.561226	59.793484	6.950613	89.791067	40.121118	25.310007	91.479227	26.164966	53.230221	16.503792	49.534496	23.365962	17.632167	13.818855	69.796181	60.479772	59.254446	21.484198	54.752219	8.055843	6.493034	50.323538	2.353543	3.953106	13.825539	35.246667	5.784752	128.467334	138.592285	18.718474	4.973903	5.661357	36.806790	16.814353	0.940101	7.548386	 
14.800346	28.476254	5.485250	39.304489	11.248361	27.006703	21.664252	30.470558	17.243714	8.864750	31.360471	3.642328	42.946324	35.567051	2.416125	5.136318	5.832254	25.636594	21.289833	10.429331	13.686116	6.177023	17.458636	56.678281	16.785546	5.953013	23.699909	40.419348	104.941014	1.893679	46.485187	15.013668	0.856007	14.310830	43.901503	78.909405	10.297215	12.701022	2.189973	7.840891	15.701987	24.029534	16.564539	41.805682	31.795703	62.055719	10.798443	6.515924	57.325658	0.773718	91.397870	40.347433	9.366536	34.845404	63.094693	0.254477	7.945586	51.155501	77.722992	49.336243	20.307810	17.392265	50.144458	8.919139	19.672974	 
20.261418	10.867024	10.154540	4.905650	6.302841	4.459226	93.040572	54.915218	1.733092	4.025701	92.363231	2.825171	52.293156	26.748777	42.176625	95.631372	14.116950	36.269067	19.874151	19.300873	19.085990	34.832946	15.476911	1.592604	22.905740	31.625708	37.379152	21.883550	13.938453	5.176164	20.006177	136.575034	36.425917	60.787408	31.696103	20.454240	19.818159	26.409872	38.753458	5.312548	45.596531	17.014809	62.940706	27.164117	133.399705	8.231181	4.296837	48.005445	141.175752	1.332804	26.341578	61.313980	17.783492	1.354902	25.138286	89.644042	26.885600	12.718764	112.658888	20.430729	30.260383	4.943038	19.779612	15.447980	15.110422	 
131.706239	9.008886	231.424833	24.428194	4.756850	4.534294	165.388374	22.686847	7.034874	20.806997	80.106794	23.053696	2.080208	73.312184	14.678854	47.548264	19.631034	141.318357	4.589643	17.249675	25.972355	15.869566	46.478299	2.142007	33.137785	14.121958	3.747460	1.492952	3.119282	3.245723	47.616425	36.454040	47.036141	11.702272	86.442453	14.572643	12.058748	29.139734	188.833947	46.825957	71.868346	20.252764	128.379976	35.948306	139.784575	98.818511	10.424765	52.759806	15.542015	126.362300	5.613265	2.313935	19.635612	63.070752	4.297303	124.796028	14.882379	19.837098	40.245689	60.889164	26.127309	17.459056	91.142420	13.850008	47.906603	 
113.985468	7.732315	11.709652	27.793844	48.364741	128.186514	1.341697	7.544427	83.295021	6.083707	12.683509	4.377548	15.530611	35.061281	21.933239	43.024703	132.935082	17.607579	49.302548	20.997067	5.842225	60.529357	9.501021	166.137693	1.592405	18.352276	58.981751	0.798504	3.175734	32.209824	4.283400	48.731108	16.461266	86.611109	20.883690	63.098261	40.154494	11.643643	75.790308	37.997359	19.554500	86.107573	66.852727	130.070807	0.955857	26.607407	22.601051	115.860495	0.906164	9.506618	5.755836	14.802473	31.736238	70.064170	6.808925	20.790069	12.496637	35.742201	45.613267	48.687087	66.170111	3.263196	2.754670	57.650443	56.385442	 
38.202812	68.081328	21.150457	23.926577	0.422210	30.476421	33.290872	4.653093	12.261964	14.483679	9.085752	56.620551	24.557159	36.166309	117.975325	4.814966	6.346206	8.340843	37.132675	25.683828	28.552200	20.119294	5.933612	35.237949	19.179589	62.350280	3.041287	16.101998	36.144085	30.427753	2.813706	65.604732	16.769825	52.695055	96.569769	8.189940	15.773030	109.704416	13.359155	39.341700	2.403622	16.586669	7.687795	44.284158	0.950051	46.064728	95.346298	107.156655	30.343619	64.427238	20.790798	49.182927	14.155664	100.444853	0.767791	4.567892	2.149118	8.720027	0.334509	2.359128	36.822613	2.747795	37.490010	15.373743	9.033383	 
24.493049	35.509633	10.679845	41.330291	18.405204	22.308700	122.434919	34.647905	40.178921	44.101074	251.401575	30.640965	38.924016	6.477862	37.146693	13.460713	63.316646	58.014151	22.347837	0.243559	23.657080	26.003350	41.967757	52.064901	51.949683	25.455605	8.711410	9.127697	1.731503	29.239185	62.429423	38.387825	31.583646	280.414009	29.523952	59.269948	21.961995	13.945040	34.872443	69.562303	20.037224	29.935973	35.239384	31.821192	0.523133	3.781448	19.852578	39.222565	6.259175	82.239396	1.188939	50.980401	72.893425	17.758698	5.593285	10.451100	19.570428	1.315549	77.798994	7.921924	12.445527	85.618865	12.731856	9.708495	56.747105	 
25.610758	40.500811	132.448357	22.681634	19.920753	162.575948	192.424821	48.078303	39.277006	56.581377	35.495828	45.048752	47.851900	44.070076	30.517018	17.930434	26.691442	57.656397	33.654040	78.929829	23.774660	188.970208	49.515689	11.867853	7.878694	11.321830	39.682120	62.104437	37.431704	27.861573	38.782664	24.378851	69.955582	48.265892	6.634355	205.320953	0.721162	12.321288	34.998558	51.002958	0.886922	0.974484	65.298774	5.789037	23.595344	32.194471	36.741356	20.390571	128.239795	42.568381	77.949119	151.602294	65.679931	14.531706	26.883057	84.890483	34.939922	1.742386	4.886326	8.876279	76.947576	9.749157	48.532145	20.504070	41.901761	 
19.207004	37.734353	51.968337	52.000453	35.541684	36.260203	4.223481	165.636320	49.524486	61.233863	118.750406	1.827852	45.505067	138.243991	98.834889	18.851706	54.972577	38.512401	78.084831	57.454436	3.787930	38.996469	0.846618	43.257384	32.811308	238.720041	51.605928	63.288203	17.423315	72.463151	62.875029	4.186613	37.893611	7.491183	78.547677	26.389880	47.554819	11.878061	5.684865	108.653439	39.392943	153.929557	69.336943	21.239636	19.668462	2.223025	4.665441	4.088021	4.755057	40.623500	5.544794	3.976366	11.047503	127.591247	0.806490	104.270670	61.477650	37.422496	4.647417	7.327576	37.915134	4.466490	2.219848	10.865139	23.103118	 
66.512877	8.046721	21.506146	98.763849	47.396019	15.218603	56.041237	6.860408	51.314516	25.465331	8.609837	79.317311	33.008156	18.731763	4.112754	8.112601	16.855303	14.925693	22.125136	2.542967	1.030238	50.707429	6.324337	15.451908	39.219883	62.759451	8.369231	25.662299	28.699450	18.960681	1.268171	15.639893	18.834099	12.567317	24.674232	34.212416	20.290563	13.223182	106.891791	31.743808	27.804139	48.938017	21.299562	5.934435	14.963656	70.842100	2.583989	48.964741	81.274282	36.383291	46.349278	8.120018	154.217112	32.049789	16.992607	1.624785	21.858799	11.566023	5.175384	21.153505	7.026462	88.291745	154.028857	33.810592	10.240763	 
21.907825	77.919068	18.170708	99.336892	10.330116	46.344121	0.426538	50.834944	53.241761	53.327805	17.420916	2.671693	0.830113	17.913932	39.827754	78.516940	11.103651	81.224525	74.182293	2.762350	19.285195	18.251091	38.362991	129.960292	136.416236	1.936851	75.376183	31.896381	38.665013	14.467593	0.577716	3.923767	24.181230	10.917599	30.796340	17.169845	73.821207	13.055195	54.752219	32.149210	9.594347	28.595238	11.988726	25.954255	15.669666	20.339606	8.201001	13.430439	42.004041	42.581257	1.275000	15.975343	75.044981	46.742507	0.836420	16.508735	9.301126	80.987344	6.534387	1.571466	12.626717	4.187633	7.941600	6.593684	27.979050	 
46.146023	6.169164	7.288716	87.034752	0.926130	60.283645	1.875491	11.740299	58.164016	7.773482	67.267644	34.249070	14.063825	27.345398	89.147979	64.438561	4.037743	57.109995	108.179309	50.601953	148.378419	23.612384	28.966920	45.795898	22.192398	26.554935	136.836396	120.014751	26.251705	43.287708	26.451863	60.406492	48.033915	131.731999	55.001951	65.953868	132.502496	20.373478	23.332592	107.880776	63.341343	0.786413	65.444176	3.654417	96.012866	5.828184	21.691097	9.736066	50.687903	43.181131	107.432571	15.275815	15.418510	46.292133	29.187844	80.034586	9.598510	3.957377	14.735415	4.031711	129.276667	190.637922	2.181176	26.937844	26.600415	 
156.173359	117.595124	28.756513	12.672553	47.082166	7.362286	7.731148	10.685991	54.081496	6.611875	38.983686	31.868543	163.391933	62.978239	123.425555	67.196880	12.881479	21.388797	203.049099	41.373944	55.726352	16.381662	74.151511	11.899054	0.258032	3.155321	30.605181	34.302044	11.889740	20.116907	69.934750	13.160627	7.438747	4.168867	8.353121	75.929752	69.837421	18.421951	29.198446	146.919949	54.724003	26.050775	13.728516	52.482710	253.647688	52.507053	74.549001	117.660162	4.513359	17.823449	39.514473	76.177014	111.811724	12.234057	85.035409	36.433021	14.577116	125.286437	67.215837	7.536440	166.182523	37.413777	66.545929	1.367913	62.742857	 
7.094108	26.583558	53.696429	59.312889	85.043485	47.470698	9.544911	114.489560	45.916989	10.102638	124.239088	20.603568	12.703142	27.230114	9.383957	23.095010	74.191080	24.353161	199.895600	57.174882	15.246878	45.893449	16.406787	15.608762	53.837901	5.038879	16.582351	50.980872	90.174054	6.130784	68.537701	30.191992	110.316325	55.981030	25.253247	22.109309	23.119696	21.968069	38.740003	17.646603	9.837184	23.280250	115.012524	56.953358	6.169499	51.529964	19.781597	96.822624	7.502860	11.762775	25.843715	41.421208	1.539107	17.650334	39.905508	21.301965	87.071324	16.514247	90.235533	46.189239	5.533043	14.713074	25.197800	52.266965	10.649394	