64
0.000000	28.408681	11.680659	62.066049	10.242279	59.840975	94.708440	8.572696	24.694164	12.912063	136.547904	33.174365	3.448766	1.566977	14.571530	16.046306	30.514421	46.833011	8.919085	8.019398	92.572965	84.495160	17.411367	4.604320	34.494977	27.853113	42.101965	70.875075	53.718477	3.417598	13.125333	54.188883	14.443485	89.301563	9.184339	14.094551	7.101604	13.233338	7.222622	176.538332	8.276739	102.680408	14.660079	112.924919	104.011987	44.860038	3.022212	21.374005	29.975595	162.151277	12.287805	26.712629	2.394050	29.819929	15.299919	6.555306	7.271596	3.425176	66.636743	7.959883	30.342962	102.358248	6.610424	41.994804	0.427000	 
9.830746	2.250006	14.510041	10.163668	100.422429	35.262112	9.474272	86.818722	22.777909	15.457720	9.090361	26.910431	47.042370	51.961277	3.007302	15.224817	53.024657	59.782951	8.611499	9.805176	60.382604	46.214041	1.103385	18.221945	13.823770	8.117349	87.179548	52.579156	60.095815	9.610695	36.820367	31.978086	14.799504	38.634832	11.593354	21.946403	56.284095	7.058704	70.896405	8.516818	68.244886	10.619676	63.590251	18.987357	19.737265	112.265078	42.838889	75.249885	69.068046	90.090025	2.631357	23.511636	34.048712	171.455040	9.127896	35.710726	47.577349	4.618487	84.044413	31.350985	38.450427	72.559145	23.953265	14.691087	13.259188	 
91.114844	32.233095	2.174300	10.733297	143.787653	67.127464	20.999313	14.090833	30.042824	4.245859	17.411249	3.811239	44.404056	68.929443	61.464132	29.996474	57.108716	34.088153	28.947088	78.913296	11.618420	117.928357	68.419159	60.192264	5.594358	79.408060	2.797422	0.385021	6.723968	43.676008	80.706226	78.527338	8.534962	27.966320	48.659367	112.682808	15.171616	25.444329	28.831588	17.096119	0.781795	137.951685	5.461526	9.329485	83.508587	12.824255	3.949731	17.840681	30.131601	42.516352	46.026762	63.759777	15.137772	4.141660	20.017820	62.437666	56.165687	12.341516	291.070522	37.953326	1.704039	7.912757	24.578525	17.976721	43.660672	 
100.774729	107.874488	118.967462	42.237816	7.909965	18.037806	13.968440	24.110240	66.369835	1.916826	35.459006	26.323162	28.963179	36.851561	55.493823	5.567383	26.665684	10.143113	60.253404	27.721870	56.349915	202.890409	26.631361	1.470830	7.992333	32.693330	65.087980	97.579304	120.582877	42.838427	62.716278	128.663989	20.352938	190.130438	35.950406	79.210287	1.507090	8.968978	17.521451	81.112057	36.014546	10.766068	15.797392	243.679575	40.483262	24.790709	10.160779	105.150407	42.493279	214.478965	35.127456	22.818150	106.993543	36.845970	49.962832	16.104508	24.461491	75.835556	135.423824	64.513339	10.629056	60.798900	82.625174	46.888171	26.287644	 
58.548402	96.306686	31.821734	19.868228	5.676301	9.963255	46.942595	68.112648	208.174107	70.369608	144.389491	61.974027	60.847968	3.004374	68.756715	36.982957	18.483603	24.995304	64.349661	15.667949	1.903503	12.201186	50.038481	9.531527	70.666734	1.544231	42.768933	40.903991	65.079624	43.323992	21.607975	43.899886	10.759056	57.872131	62.041348	6.584026	29.789859	0.644308	64.986709	39.018233	49.642336	7.095418	74.326475	27.448636	5.010846	99.705902	1.462182	18.020300	62.588940	100.111190	92.132570	18.488614	41.407528	13.106093	52.347079	48.285572	14.798416	79.813834	6.450919	97.443117	21.169097	63.538435	102.076258	40.413270	22.533493	 
37.162532	21.608369	77.792276	74.217667	49.699845	5.879511	2.210178	1.695866	38.755896	90.759398	50.916502	28.925075	81.282399	69.801827	70.980171	181.098939	25.989362	40.763187	14.185894	206.130180	11.315426	34.556124	36.296965	17.324001	44.512387	20.951458	18.237658	30.547867	27.880848	6.539024	99.740033	30.930708	62.410555	28.425354	8.885899	20.078713	68.868988	59.056505	18.013227	50.484368	40.881459	4.543588	10.908416	6.004004	233.778535	106.491694	8.203743	80.222413	1.135726	93.641058	35.918921	23.493101	91.296549	85.726913	0.404736	18.803615	35.792888	15.394800	7.187730	123.215446	18.162929	75.485091	27.615956	64.227002	37.585610	 
0.627701	24.321442	67.991271	103.606297	11.903970	18.521472	13.040692	10.773112	23.890100	56.033386	30.184511	63.981568	29.706304	21.630579	3.529831	9.061457	174.549737	47.382663	58.371601	7.509223	27.952188	104.194187	50.331238	4.957173	9.377509	8.848203	117.542253	13.722563	31.507702	66.876640	37.056769	7.708723	89.834392	50.221093	35.933914	38.769409	14.364298	43.426201	76.074322	19.232771	38.508818	7.634193	28.007064	13.976513	39.643960	1.698402	37.432479	2.044071	34.972586	4.027417	70.732438	1.954435	12.694919	10.127587	17.948646	57.641998	35.450229	17.954164	35.181429	76.630236	50.933061	68.048452	30.894469	44.265504	23.681659	 
6.125610	28.541053	18.904104	1.474652	8.743858	23.571947	9.462914	1.636444	84.391479	6.132253	51.466911	98.153145	14.333544	63.902448	11.671211	21.347854	34.805112	61.224446	12.634642	56.661297	49.309540	48.818859	60.564306	1.722649	18.787723	65.037718	14.057272	102.945215	1.811884	48.746828	47.759176	3.717314	21.047008	15.047075	3.379551	49.790719	3.609487	3.957954	61.354774	68.652438	85.127002	40.026499	36.259048	11.505265	24.599448	32.693639	89.801223	57.770309	45.511539	66.155403	118.829193	62.379923	12.466230	5.147752	9.975677	64.678144	13.309337	250.827663	29.659511	33.696660	2.505497	1.713718	10.600491	11.537863	40.618792	 
44.618224	36.354972	1.363138	14.181562	28.772194	133.750933	1.124459	75.432354	4.053500	9.670127	36.508780	71.474858	21.537332	31.210338	3.243105	10.961756	38.298867	87.357567	22.529602	55.752436	129.316082	22.691791	11.893861	196.882317	11.215731	48.599563	21.628932	49.470971	49.700227	39.947017	29.574506	60.681916	48.732563	66.748372	28.415613	7.993583	113.853376	76.555726	11.656422	27.434555	17.153817	29.175299	98.191494	17.920209	59.723365	13.223586	22.181730	1.742798	29.300851	11.199313	52.632865	80.414692	33.851749	22.779567	27.744967	144.424035	152.586862	17.714955	0.628463	39.375756	36.755570	26.324114	46.502556	67.605559	31.250143	 
18.162640	20.178825	48.651295	13.811678	177.679615	56.453420	67.915708	18.153064	12.117555	3.760635	247.018446	1.909641	31.808142	0.774517	46.397898	5.932953	69.151779	42.858248	63.016188	65.394115	92.562929	85.201728	19.679530	32.695903	77.976138	5.270636	17.608146	11.588203	43.418669	66.368319	3.049668	57.999940	15.872081	13.110019	17.263281	80.583052	33.787478	2.535326	35.664396	16.877026	26.693559	72.263133	2.275242	117.037967	29.948210	113.674819	47.363457	67.202626	8.349437	3.962528	22.869674	29.170847	0.860762	11.824051	9.357565	8.318047	6.034055	22.861827	20.539347	8.719155	31.002299	36.092533	24.331100	44.883456	24.165297	 
7.659554	44.431486	4.758234	39.107893	9.364305	61.552826	71.438410	6.781113	2.615156	41.441933	4.782093	33.190028	39.639571	189.257542	64.424385	25.296395	25.698129	122.202731	5.239717	6.969680	17.127880	37.338316	2.842369	73.618555	9.440841	10.986222	26.257453	10.001171	1.083910	123.390316	52.009052	14.107165	2.166980	13.271455	18.449017	53.066485	7.379242	15.773092	79.723069	11.675210	7.906694	60.484755	104.894678	55.545206	10.756507	7.851313	54.278690	13.332682	72.307893	12.174881	14.687508	90.700965	14.579023	63.817844	22.131679	2.131354	41.453846	107.588546	30.223043	45.944148	21.672866	8.155685	7.295715	32.459855	72.328962	 
24.760953	34.910251	13.606219	37.452330	64.344035	7.723728	4.676501	72.202032	7.942014	15.769505	88.600767	4.389373	17.570077	0.381050	39.439486	24.433129	1.759044	28.495593	84.092885	23.309802	24.949104	48.076097	25.868695	29.463198	17.436899	94.743078	0.485178	9.880264	63.697926	32.871659	44.795331	8.706203	48.649586	23.439473	30.819399	15.024461	43.925229	35.746795	103.699885	14.708059	107.280198	6.370637	57.165146	17.897117	19.525305	3.637595	29.835431	71.684457	32.718600	73.340272	47.279702	0.317785	181.019573	7.451215	133.053305	46.462411	1.895216	31.681926	154.358255	31.834655	7.116654	177.898685	87.555564	8.071493	95.403683	 
66.152507	53.376646	5.124611	8.411809	6.698616	58.438201	20.924626	70.478872	91.543101	14.353070	14.329263	70.140592	6.176093	3.678020	72.872582	61.158502	121.247884	14.068131	45.241545	15.369080	16.228541	133.393481	100.152002	40.250924	10.048596	12.610213	40.636722	22.020689	51.746901	3.953840	25.079147	251.459649	15.953428	10.747156	12.432009	10.939328	45.948741	54.969343	1.689852	27.658327	13.061798	51.739805	27.412442	10.901148	35.586488	74.621410	23.653431	66.466803	96.275934	64.102198	11.919967	3.675738	55.859599	99.075695	7.165229	64.198232	5.624506	3.082425	124.159324	50.227575	115.839378	23.696811	55.524878	185.490717	26.738029	 
24.839746	13.036634	23.130557	9.941403	44.722292	56.100601	156.460110	93.166565	24.818322	42.488379	2.255997	31.443687	35.092920	4.875474	33.280586	22.681679	22.373566	5.648215	34.065311	99.331167	61.090658	24.355650	34.972507	21.581415	16.125296	46.905621	47.576844	3.156434	41.425139	53.941565	157.933019	2.714540	68.909548	25.135291	133.679953	16.580318	121.021838	34.466704	36.643393	27.718025	11.077849	47.769593	18.312939	28.345357	99.188222	116.443747	103.131012	5.152325	7.519807	17.449989	0.326738	5.609460	29.954513	24.656830	112.909795	58.485508	179.708188	1.184475	41.745717	46.683745	45.624208	20.773365	15.081535	3.471740	46.996297	 
2.431360	61.339205	1.877256	3.828483	3.588169	22.493407	27.616828	21.009465	32.252653	5.748192	125.735451	51.666123	10.826830	2.738470	25.093396	16.664492	49.261613	98.746294	42.907397	6.566296	24.805509	9.373638	43.234278	49.749639	6.239296	86.280683	65.544178	49.418758	6.248568	45.263660	29.198690	35.240249	0.923086	38.603830	98.412488	33.575550	3.383754	2.043038	3.310682	6.175149	50.909787	29.787333	75.210485	29.488062	152.508128	3.630079	46.623796	40.807458	21.645115	22.432596	64.980963	10.204788	17.122193	10.045703	20.113216	5.277585	132.771575	11.893588	55.097724	5.076743	60.580242	69.692437	30.894795	29.440037	28.908890	 
159.174134	55.929548	0.619688	22.948997	9.193667	59.647549	4.626058	52.441328	26.187667	37.343483	25.042523	0.508380	38.500924	142.031239	33.739073	2.167688	26.596392	1.068450	175.171608	151.013185	60.709582	80.711133	45.756715	107.436266	87.875347	1.649590	19.172650	25.377801	42.908972	154.218029	6.424538	124.684933	16.161975	43.856759	36.243677	46.042103	21.527814	30.704129	128.605099	14.986625	57.531231	50.250535	62.604112	4.342383	53.243405	18.792288	25.403471	75.428624	49.589474	2.786764	111.722308	17.316145	13.536866	12.440237	118.217809	5.972798	25.915975	14.541453	5.808022	2.125603	45.611061	33.228931	21.798258	53.647017	93.154869	 
26.826770	76.525798	23.618174	18.467849	75.016555	37.725585	39.328382	66.708347	7.700159	34.401022	0.546529	39.362975	11.063402	8.262778	22.738978	3.469875	5.273321	15.198613	103.922516	44.648013	20.315355	202.925913	60.668017	64.974304	25.254063	2.898122	111.229788	3.248289	0.632255	22.544756	19.200159	52.181107	68.762061	39.810423	7.580005	31.779818	98.210904	65.617368	2.125932	41.345095	98.502440	66.129134	5.787681	54.969406	44.223849	36.976715	18.764970	129.099601	2.768412	50.031503	42.953964	17.297512	20.401773	127.776270	96.473042	9.208174	4.295646	229.442716	12.546718	7.319666	97.881469	111.850170	44.145050	142.464691	36.489483	 
65.487881	68.697822	52.131881	12.759298	32.188954	3.225852	13.288024	13.529994	27.370876	65.747114	111.805704	30.554475	25.075447	27.050202	148.722138	63.592280	23.769940	19.489936	16.215739	63.618854	44.078476	52.700687	19.083869	43.949935	9.392386	45.322627	15.137136	25.737440	75.118138	53.588769	10.552039	4.210644	214.917148	31.907119	20.182016	78.662704	6.954347	6.304385	28.490463	73.660020	41.991641	45.935692	76.234010	190.733973	8.293459	77.566476	26.314072	19.754581	125.673204	28.643133	58.399786	25.560977	187.211826	22.989857	20.941611	14.570781	29.852982	65.435907	74.809605	46.174222	39.983962	17.223079	118.779991	2.004948	50.610916	 
28.120903	146.224513	40.708506	3.320215	91.256780	19.824455	30.904242	91.319751	67.291771	36.443343	8.163203	31.603734	17.077163	15.710998	56.594084	9.090379	0.932222	1.788083	9.506974	11.410923	19.826092	39.365376	91.378181	3.519393	71.102104	67.565380	17.939135	42.312056	48.349634	21.101853	63.927133	14.079456	63.213119	11.257759	14.013087	50.631182	83.554571	27.454450	53.065242	27.669089	39.116490	5.402345	78.855350	10.407080	26.384573	6.118873	6.239995	24.120837	38.917722	12.374853	82.876997	19.870628	45.368810	4.068438	17.084471	44.033094	66.103741	15.361314	13.800064	42.197668	45.354011	61.636302	60.498320	3.235335	24.166093	 
38.824891	10.834047	16.437226	11.820082	143.494127	2.070269	3.103872	101.357964	93.442519	41.162553	1.928081	133.758408	82.320760	44.284568	7.211331	114.714587	60.768806	2.920350	93.538165	1.655911	25.678535	5.085899	77.421443	22.030998	37.971351	2.468501	11.347440	78.513176	28.909364	6.646217	107.636027	56.429170	20.113643	8.808470	217.995443	96.729728	41.263520	81.888007	147.497270	47.378402	9.442998	8.288831	184.325162	88.725057	5.290426	3.475336	19.213696	25.798483	13.467036	16.570557	97.042939	36.679402	30.205931	3.679871	69.022705	144.401451	15.069884	20.247223	64.242234	20.401121	95.537389	79.205503	78.067920	10.949461	53.720345	 
17.681155	45.906798	0.409804	11.260664	13.499247	62.775970	5.784425	40.475352	25.806153	1.357710	11.585201	42.192793	16.195722	69.975913	52.589360	66.420377	24.044560	1.315279	96.342240	57.461823	6.206179	128.700452	8.623541	93.835544	115.829844	41.171192	28.896599	14.820797	40.152924	3.417757	70.322601	139.366707	178.807499	47.942550	64.916133	20.252944	7.596848	42.802410	126.407117	0.159269	47.484536	22.819946	42.769292	20.735287	21.213487	7.565782	118.870995	32.428090	84.664649	30.081330	98.806596	14.534071	0.349532	77.308930	38.968411	13.320049	21.757548	0.746592	53.811602	3.101349	76.083307	38.624314	134.240292	7.545237	14.018694	 
63.344081	6.499712	64.197296	41.247989	15.395238	29.052388	27.562630	5.552544	1.650716	5.046581	22.593422	170.053048	16.801502	105.737027	25.675806	62.760491	17.706458	45.669571	6.155993	25.364192	18.755653	0.366413	11.080204	25.325379	53.489901	142.868154	61.545737	87.384702	31.867392	2.916248	8.800053	17.448700	15.604915	40.737389	20.652064	121.032860	87.629705	42.238519	100.445810	72.163035	63.176912	14.737836	23.750696	5.119910	47.466596	139.729372	32.439602	64.126104	8.076625	28.651760	180.476679	31.139198	22.778305	13.664544	27.996503	58.233007	25.281458	44.089760	40.478397	14.777469	41.802645	18.839554	7.230358	26.228534	38.580459	 
71.732679	1.721376	28.259023	29.197792	34.004613	35.486012	0.635892	7.297423	54.189224	20.737744	6.244573	35.874072	4.877963	74.775236	94.970804	114.993534	8.881158	86.427677	4.486975	43.559476	53.451782	67.889608	15.132258	59.391295	19.192421	29.235040	12.080743	17.062234	7.136530	132.225085	60.907865	75.958066	19.027251	23.015131	48.916154	35.382998	8.759137	23.993319	47.796822	25.395058	17.572853	0.281410	47.038073	38.723004	16.634128	57.861376	42.892818	1.064215	11.424578	30.060374	97.788708	79.385669	22.239700	77.813408	3.467045	106.785592	59.720858	55.372306	172.046365	128.833657	17.124409	119.509055	2.106366	23.310475	0.514283	 
38.243731	70.649366	5.078371	7.025304	15.694529	22.335763	132.743300	48.006562	41.297651	141.482373	90.983923	82.134727	59.242571	53.488151	39.805923	9.383855	13.568767	46.914853	44.750392	68.720985	32.177467	79.918496	14.986903	14.433744	13.820387	62.214108	57.034496	3.796495	16.315859	90.054557	79.115769	10.191392	25.754520	6.127993	29.938179	7.523339	0.457921	62.462007	14.933203	33.310065	46.064501	51.781970	106.452312	2.502510	11.290810	19.143516	11.748560	0.510721	39.440744	49.929736	70.583570	6.492816	36.775149	1.890621	1.613701	11.353471	2.347686	20.585602	31.019768	52.995911	85.138002	28.045721	35.769135	14.546805	24.973480	 
45.280719	67.983730	45.633233	79.423357	16.402809	10.676372	4.855968	120.208872	30.110252	14.495519	16.030412	91.193439	39.271404	15.443835	15.296824	62.975861	38.017335	1.269208	32.906269	95.436051	6.126454	52.755433	6.378383	78.286419	1.635062	13.223584	25.173886	73.602160	82.984041	9.789903	0.573054	2.150515	55.186147	32.985806	3.709309	19.279872	40.480738	91.010877	105.362135	56.758258	4.909302	93.641541	13.585652	22.198653	15.710748	1.185334	21.359637	75.654883	129.275582	84.378873	53.132623	57.685523	29.074441	25.494177	22.396733	25.977514	110.969514	41.970880	63.114950	38.172447	37.179329	16.019958	13.530158	37.513710	114.725115	 
67.128331	2.028221	78.933439	3.066852	82.429357	36.596021	13.398488	50.683346	28.782117	152.056965	1.117355	4.722122	48.037846	24.506168	2.373304	16.331048	12.222311	1.093370	53.238759	21.399816	42.330633	77.454023	32.077450	39.402589	34.936871	18.046014	57.713367	17.133240	24.540086	16.791545	23.558906	31.113997	95.045275	11.580317	2.207410	116.061143	199.735084	85.184935	6.971426	20.966090	56.204226	37.330766	12.227279	23.556239	0.806660	23.888370	5.630958	128.765489	11.877067	14.707492	99.077868	11.898395	34.663838	13.713483	55.338272	3.191255	20.288554	33.982626	13.699630	8.913719	27.472429	18.532022	12.758839	53.215116	14.666054	 
15.100020	38.749315	42.404030	59.404408	18.077648	96.791306	63.061327	7.718639	13.256304	39.317325	47.019712	14.232173	162.318431	21.052602	31.700670	74.221501	2.872172	61.774533	34.796438	49.913930	28.216119	90.288003	17.654604	187.076922	61.439523	69.232384	6.259415	19.017692	23.897860	5.289554	35.773605	30.792136	24.944243	18.135961	2.216660	5.882695	11.787082	21.529146	28.842393	122.292709	3.895027	24.360700	26.398645	46.302966	16.819368	51.634387	8.044268	28.282538	21.853128	15.029016	38.350865	10.326391	15.596923	7.200768	29.110262	17.463134	18.874002	86.063190	87.359768	37.308945	10.576638	13.571664	48.473758	8.850765	34.352012	 
10.703078	35.310551	244.093282	20.410127	7.598196	3.833245	13.336020	3.837879	49.752892	25.942695	16.351717	10.436237	50.720352	75.446442	37.080114	24.620393	3.053744	57.963511	39.789361	31.594934	22.761147	67.819441	83.516654	20.572911	61.078505	27.591564	31.337104	24.902306	3.792750	12.218362	77.915369	34.240436	44.031909	16.633487	27.668720	47.227026	24.747520	3.257132	0.227238	7.923035	21.857430	4.171011	77.090746	13.835699	18.930730	58.398953	9.271883	48.604414	30.973941	32.197134	190.092074	10.024890	25.103441	3.687953	16.573549	100.678577	3.288391	11.692804	80.239160	24.676741	178.223996	16.399607	210.832624	12.646577	0.163910	 
22.410702	98.118029	3.804973	12.578294	3.087301	96.178771	18.764102	90.470179	16.285210	28.894469	35.785861	60.875572	11.664213	94.086405	8.863043	29.543214	17.331610	42.637750	17.976520	0.754384	150.293509	48.641659	13.366387	13.204338	61.153084	4.958039	19.236818	37.133113	8.485620	6.006743	55.966678	5.790417	43.325494	1.376508	47.384385	73.790604	19.398637	23.358365	17.519455	12.402219	91.769583	58.802152	1.727528	60.887433	1.791822	23.827919	19.900116	35.249839	29.645479	37.085507	8.302718	18.074937	0.729266	15.421690	19.299045	15.152758	20.522811	82.342844	2.477778	23.015006	41.374448	39.845066	14.020401	24.100399	3.147677	 
6.674356	10.701233	37.258306	9.299476	6.335309	83.685053	11.813721	17.799644	23.481671	23.498010	40.430191	5.390332	10.969333	20.153874	8.000291	25.828107	47.581757	29.674785	25.367847	68.213610	41.625256	38.002474	74.856925	49.842016	4.835163	73.952069	2.006705	20.883106	1.663024	3.946817	13.649930	87.703399	12.318701	9.689177	4.551843	38.507845	31.639177	16.923106	16.841911	166.554263	1.165354	6.414107	92.955960	47.599378	37.952230	13.535211	157.180289	31.892600	13.443588	21.934282	97.032181	14.851256	0.905483	34.762308	7.379404	36.345740	51.706419	62.000691	29.012986	22.818258	23.420349	48.548858	174.979073	14.845605	129.487177	 
4.293325	50.077279	15.267734	9.001688	25.777029	91.937219	13.711726	46.160478	8.321616	61.105829	119.873867	58.394303	11.902029	78.139323	15.044502	2.273521	8.859195	81.549428	21.822511	63.296868	121.384280	26.569234	1.546282	19.258380	28.511410	23.991861	63.294293	3.030989	9.913397	67.003008	6.135047	80.564899	7.172261	67.145661	46.434957	45.036441	21.656745	4.001709	39.560252	18.973027	63.756384	13.739584	12.403102	149.685069	7.648716	29.512399	22.805895	19.055339	37.000365	28.986116	90.076792	27.450539	8.719433	9.325443	19.206391	16.956396	13.534988	19.623297	6.578507	15.317716	5.892299	17.186211	34.096433	159.780443	25.849549	 
38.986580	41.585021	16.387218	37.182329	39.029312	37.856832	131.089565	46.970315	25.315567	53.509787	26.751126	5.269924	45.302385	10.723802	40.266344	15.397191	64.210418	6.950863	94.915892	177.711198	2.021301	28.308511	46.774265	108.368050	32.831772	2.169894	48.973885	65.538358	7.628117	1.935888	50.228137	4.581465	36.134593	81.031659	7.167630	27.155872	13.234153	104.705093	6.704524	52.255255	18.922983	15.989813	10.690297	12.654242	22.778765	40.362085	16.847861	71.174591	46.495494	17.413761	85.641651	46.842820	100.568520	4.890265	5.134077	18.579349	6.540703	20.119906	12.226283	18.665876	39.736883	5.475416	67.480427	57.464597	47.224578	 
34.493672	100.747720	16.999658	14.438884	23.536412	57.852133	29.494497	8.816431	62.629192	55.145946	47.434017	16.389015	65.672626	21.605394	7.727196	115.886422	138.773195	5.967993	64.857444	49.613051	41.049763	27.624636	27.411627	17.424954	5.079350	77.721618	37.397831	182.065061	141.982709	44.205538	69.772990	66.769269	2.055894	30.750760	36.734252	50.531035	10.284146	50.039392	56.205899	35.311571	8.043990	20.862298	73.804894	40.443105	15.579798	45.997308	11.436097	15.402907	130.192447	25.859340	10.354701	147.127677	28.845811	105.328430	0.306191	13.616675	22.543729	131.543074	70.582075	103.981654	1.219064	3.831799	21.868728	24.234161	12.295762	 
41.249833	20.652688	16.368846	23.929638	54.754522	26.581282	39.801003	2.412520	8.569775	0.923620	17.992082	4.963656	1.910742	22.259351	17.715048	18.607180	134.782400	9.900690	119.367635	99.131631	23.325049	8.855549	110.819444	95.647618	16.964973	101.709111	50.750696	5.973781	15.345202	43.415668	11.778636	44.032135	90.154677	0.846341	13.940850	3.224015	24.077245	0.967662	1.281693	11.235856	13.936556	32.783062	61.887008	8.205953	14.661629	104.604937	111.813620	122.782054	13.194635	4.517658	48.631384	113.455057	16.038879	129.089319	19.222564	101.410487	13.136846	38.456338	11.012788	6.215394	41.711494	44.176680	13.271908	37.314058	187.802420	 
15.843080	0.654286	56.099926	45.087624	15.801585	13.288164	47.489599	12.596167	12.225185	4.942063	24.783595	45.718623	40.532415	14.476929	28.317504	10.683793	26.982136	31.959434	26.732075	2.075363	23.549258	13.416861	18.267929	2.585829	1.531337	4.894834	28.128308	18.018458	24.198547	54.834535	16.459521	2.253034	24.620367	74.794434	8.740474	80.865226	74.390137	29.604064	18.901962	64.672220	12.956707	216.778653	18.646443	55.379135	31.664433	49.437301	13.962497	4.581731	10.727218	30.290328	4.012589	48.592542	19.597346	59.222000	16.202990	32.747962	10.811126	62.580077	10.941850	89.889813	6.749059	57.423537	12.229629	64.251251	23.674042	 
18.776292	47.244882	31.580417	32.568279	2.910354	109.601834	95.768044	1.391539	81.641458	37.480392	2.316910	55.645146	12.871137	38.413305	7.825326	161.086401	76.711141	45.011549	13.736517	17.198076	11.717460	58.943180	1.525261	92.907406	4.878118	26.437333	13.573686	15.247403	14.540485	73.596593	25.882138	30.914849	32.724571	17.601341	8.125302	6.880963	6.377810	36.920787	9.939470	18.262909	53.480980	61.851143	24.779460	32.482088	3.703492	90.111127	4.509391	44.579065	24.970332	49.765588	20.012309	45.918155	37.433285	12.997498	31.039926	11.465411	56.560530	37.600058	71.642022	23.656028	12.131556	19.974089	164.410947	4.496337	99.741268	 
153.092252	31.369443	97.124600	11.134793	76.161558	24.932161	25.119808	96.238738	19.652413	62.737235	2.981107	2.451723	20.212415	52.877166	23.624598	4.449954	148.746847	29.958162	40.778063	13.828005	34.210816	18.335421	3.771094	5.536933	4.373089	85.318309	107.911734	23.363882	34.975045	9.485295	3.671428	30.798635	3.503852	48.098404	49.408827	17.853974	0.495573	36.161674	38.572463	27.531674	2.737484	43.170026	23.382537	169.359369	15.080738	56.928778	122.783363	12.331097	6.583805	6.681064	29.880241	25.770282	27.050377	80.408976	83.865999	86.197459	16.235192	49.003527	57.192619	85.467612	23.057984	65.619057	66.677831	31.307768	30.311378	 
41.972626	97.617719	20.502139	1.725925	23.580322	100.798537	127.196269	44.201902	2.488560	12.979400	4.594256	31.660458	59.606636	5.785666	93.265400	16.473723	51.714218	41.437731	111.136360	2.964386	7.210308	61.185820	53.032288	9.635963	67.588058	21.758996	25.445136	14.805765	55.899066	35.234828	25.184180	40.313171	44.792020	20.184388	0.201145	57.517602	3.468332	1.563547	43.769126	141.215994	77.748373	24.524679	24.854508	30.100029	7.884110	32.351963	161.326299	25.920405	12.240132	54.044364	1.610892	12.938384	47.530404	83.048414	46.626755	8.613696	76.954147	20.163223	36.364662	16.575305	42.045877	55.410799	6.879837	53.015293	21.731657	 
37.747207	53.843494	14.638697	10.695658	33.008684	61.753788	84.604867	64.754559	22.288957	44.090797	10.665976	2.867842	1.248447	22.157734	0.375830	4.687989	40.636631	7.838322	9.202353	24.579153	49.221575	2.192271	95.506020	49.917947	125.631788	36.287185	16.774935	32.472972	90.544017	86.231946	5.336129	80.173276	39.019837	54.093235	35.947428	26.459185	0.864806	13.425998	1.916776	11.741571	20.220855	45.506895	40.136602	10.135774	52.996865	11.655600	29.915256	66.827216	6.518124	125.733665	65.407762	6.713437	51.356475	1.571513	103.418471	98.616310	10.285964	0.490519	18.336236	3.619992	69.454492	52.822329	74.184526	22.875211	11.615610	 
13.983633	39.563237	13.270747	4.334423	22.260219	20.056847	20.136527	15.213740	24.979770	33.056759	6.193144	3.316033	16.042036	18.784048	6.269535	65.130889	24.237731	43.764018	28.436417	37.491962	0.425069	9.022430	51.556908	92.081422	62.571629	56.397573	14.466183	6.474561	56.897933	12.237407	49.731079	4.882209	72.311049	4.951281	6.853859	87.606499	30.596864	25.889331	82.936164	1.526572	37.684855	61.160970	15.995670	62.519778	8.578871	5.053549	3.922394	39.528543	4.708166	3.920341	2.075213	17.553969	3.384049	58.650285	75.651058	60.249117	10.405874	7.007236	12.293479	56.009786	17.945614	74.846273	11.627265	37.503588	21.672073	 
23.012996	24.354992	10.128217	86.750415	39.704275	21.551382	185.029685	2.087522	17.994386	33.143721	13.241658	8.691646	29.120932	27.798440	14.169623	117.781826	39.742747	0.237968	7.617040	10.331930	19.329960	43.612724	38.601845	23.828035	13.290602	1.457001	93.550369	21.776240	27.262422	21.655819	88.118274	22.957942	62.730678	15.591980	7.796622	45.169277	17.711415	87.409872	22.421273	11.670271	0.794350	25.005899	33.298416	12.851530	16.946319	4.948214	14.379571	71.593954	26.749449	9.142726	7.161228	103.023395	70.521748	26.807442	18.382118	72.988800	9.024475	23.575042	37.724068	69.632518	0.748075	42.757044	20.432413	94.364136	62.357423	 
41.279043	8.062979	0.927375	120.245178	107.384679	72.200382	30.730165	46.492283	9.993763	44.019348	0.620656	9.329936	29.460232	4.392011	5.603272	24.201161	9.016761	90.529802	44.417321	68.669664	58.301022	28.351746	3.233433	74.612535	52.068041	41.935168	24.664343	11.763187	33.482848	113.848163	0.371922	19.928823	12.024694	38.138956	66.702536	104.337894	3.247139	31.985881	54.964628	60.696798	7.371502	0.056489	6.931492	4.461212	8.709375	3.571254	2.824245	16.250848	156.579586	5.081551	23.095711	48.719116	29.863848	14.613467	98.351242	52.793969	80.598526	53.719217	60.344989	14.540760	46.640974	34.776182	30.369551	54.298103	55.974191	 
37.336591	18.943133	48.770148	50.984103	18.882789	34.373037	42.732883	28.238660	39.814672	8.692567	3.783250	34.141615	12.774152	44.059457	135.139939	50.480169	37.909796	1.514734	11.008812	51.567702	62.758685	1.030342	29.175218	29.057650	8.916795	29.607710	13.032339	13.448534	41.667949	27.925086	140.642377	40.806608	11.427750	3.966470	15.414577	4.129175	87.125240	150.560252	1.155093	23.632403	75.647907	20.564836	0.760345	38.265161	43.600750	32.370943	27.062309	113.472270	20.057681	61.035080	84.449494	7.475809	127.864445	13.352127	10.213492	4.017578	25.505134	11.953438	16.268694	17.518620	46.376279	104.290147	24.861588	63.107372	27.731786	 
44.096798	95.602488	43.768531	5.675642	23.603035	10.705775	57.151435	4.133119	18.378691	35.806865	46.853216	43.209855	18.446401	38.147013	56.452392	67.996506	55.125328	45.024807	41.755713	10.085593	59.989034	5.058130	17.935769	9.189776	28.556738	20.008785	30.515174	36.820671	7.608477	7.141046	6.129927	102.956249	5.265265	30.632792	26.180624	15.558541	25.140789	14.784119	7.624857	15.020066	81.465810	3.459698	49.446231	19.758190	19.046940	52.837946	52.584227	71.029303	69.480394	97.209826	25.902146	3.959943	2.338516	11.455435	8.524168	107.361630	106.071540	30.531691	45.540299	16.087538	70.623650	85.098768	148.434924	135.901187	15.315439	 
7.681119	17.119046	138.752984	70.782067	2.931801	15.627465	27.819295	57.810452	6.145553	51.184759	97.339075	69.061343	10.370715	31.923206	16.327909	34.778173	68.052326	59.720224	116.960196	4.246823	0.387430	222.759846	18.742118	32.624390	37.209467	117.386034	13.216123	28.479924	77.177953	32.222465	21.647562	57.229460	27.112317	8.832493	8.434604	13.616442	6.224500	2.671107	11.059066	7.490420	18.088497	47.975884	36.725863	8.047480	3.108461	85.527822	14.588081	42.573800	46.368976	9.891434	19.046058	60.040129	6.824280	68.035196	1.260591	181.347572	19.494754	27.145252	11.375868	11.620511	1.671840	37.447060	2.436770	18.568356	0.961498	 
11.247957	3.598178	46.930767	43.673067	56.633562	53.951561	3.887044	29.902077	8.318236	80.603299	78.043717	5.601400	1.388555	19.263870	78.687355	34.407516	1.318164	57.622665	5.848879	15.141912	13.033761	19.428126	0.698993	104.350432	42.431780	18.020046	6.162975	10.645938	0.579175	19.531870	20.340333	6.548253	9.038718	124.272711	25.707389	12.352598	30.785491	19.375856	24.519567	33.537848	65.278789	18.552241	62.997812	11.557734	56.663812	35.039084	21.299959	42.543769	13.663190	13.739600	17.255123	42.012906	57.607690	25.021346	2.439667	118.334594	35.586781	59.564369	12.635700	8.346177	39.895166	123.641636	87.112232	14.902712	11.417658	 
35.752118	56.514765	0.316457	80.099569	6.370444	27.003819	89.324454	99.840236	9.206795	50.180677	89.170555	27.406289	51.533851	121.417727	45.833931	24.040479	154.994175	29.459411	9.479850	29.138638	2.621672	93.104434	33.954291	3.630037	35.294330	13.876854	60.854068	29.803648	34.190362	16.241180	66.945320	27.277065	61.630667	81.825709	30.244621	58.526358	25.427865	19.701791	60.803483	14.730875	95.106085	0.452643	75.401635	42.822910	23.972743	93.602174	3.296951	8.699493	323.762336	30.246355	14.113402	95.088181	99.146373	9.195768	35.378682	5.458518	10.462859	1.666975	6.603688	82.599397	30.932409	41.504714	116.661169	39.666929	5.715909	 
4.411121	41.956337	15.413872	37.468439	1.855324	13.722846	30.729553	77.872143	12.707892	42.458694	129.986423	23.810647	109.118359	41.411396	63.196359	63.303603	14.549741	67.065278	164.071749	4.783298	0.914256	17.890540	19.158590	11.464654	65.794530	8.409181	12.849161	77.557387	24.115875	90.077030	23.268270	14.106435	6.469144	157.553602	163.322295	77.783867	5.519033	30.260648	17.062316	38.257598	2.188827	4.950198	21.460460	109.098537	3.239103	75.491946	44.986761	5.294984	6.791056	40.899314	27.559626	32.925872	8.440950	37.088408	10.750496	20.559897	61.398744	9.579727	59.031306	7.507352	16.626940	45.150334	87.601191	7.160012	82.750970	 
36.530222	122.354120	74.507276	53.149843	3.964209	20.978939	40.402724	76.750893	52.888383	124.507745	32.083856	5.679591	17.158949	106.568059	17.143148	37.114220	11.711373	1.218721	53.899694	0.394439	3.374897	44.292736	199.155794	33.122034	11.954883	59.006501	10.093664	11.450246	46.588095	6.703341	3.031654	15.431207	108.871785	36.455267	16.569274	76.726817	38.871326	75.388141	138.743312	16.129948	36.597009	33.774598	17.242598	5.960085	35.048943	7.231261	60.482505	55.593515	10.054372	59.933046	10.759898	8.533652	54.882084	125.428769	55.805105	43.933525	2.472170	55.940052	36.821107	95.877272	32.549320	27.078532	87.643087	120.159960	7.701328	 
25.678356	6.794774	12.050306	108.205233	93.360939	138.766799	33.419439	26.954185	49.736001	54.319998	15.148270	168.247018	9.937457	10.872416	95.418634	105.291963	87.615253	20.804093	35.421009	39.525484	28.605547	8.061905	25.873426	27.696349	80.597960	32.546685	110.617004	105.862700	1.417909	128.846909	121.832460	161.924880	5.309249	22.003311	139.487694	2.977345	44.372212	1.144039	3.804355	63.970897	10.987059	1.388208	113.584547	12.198133	59.271702	47.393864	1.949822	36.949508	5.399115	36.229220	22.817490	22.333517	17.670182	28.440045	169.062267	55.659378	41.301826	250.238770	33.551789	8.238666	47.378334	67.086958	23.560878	1.831868	102.096102	 
120.311393	34.340135	34.274809	23.147111	73.529533	42.714691	58.748684	155.566341	62.558704	8.826005	48.315706	15.113665	62.345076	34.682116	0.510490	1.908738	30.655197	95.793532	18.306789	24.931282	100.342143	14.791450	16.307494	14.431532	40.187376	19.510503	13.828219	51.213509	10.377569	6.978585	16.207103	118.659653	171.278878	6.077756	12.644051	51.424471	5.051476	30.049746	1.227952	17.665172	21.902220	14.779292	42.370406	45.140129	25.822298	58.218294	19.331767	0.264199	37.005519	30.860965	3.478189	112.531802	9.062093	20.927274	172.469607	0.773397	16.195667	60.978595	31.889329	25.612391	64.214860	20.011348	121.339425	9.087939	26.853182	 
45.688394	26.475525	31.548051	106.467749	24.107012	110.324078	51.188862	136.178870	34.306685	33.398952	33.324474	7.537804	20.621426	6.666809	18.188400	94.617585	22.297023	4.554928	8.729305	4.841080	11.805924	52.774835	111.443850	1.700501	14.834765	23.314705	0.748615	25.085851	12.156494	7.057571	20.966363	9.061960	4.989385	132.770552	10.836220	41.842065	24.570567	146.236367	0.468857	3.638183	13.936016	5.532051	62.262181	5.756279	18.600571	73.772617	23.360331	9.314917	27.984694	36.498282	7.088321	5.322195	63.608940	29.921583	33.371963	24.086434	1.274050	26.557756	50.299749	4.647317	93.759675	65.209814	93.422431	7.034284	16.161492	 
35.993560	16.267752	52.238722	143.222912	19.484865	2.029964	35.394102	4.251001	30.744862	26.009258	62.505109	100.119482	23.280206	37.596893	31.467086	9.904218	67.470957	15.079237	85.611719	18.842132	41.816306	24.156612	83.251466	9.104188	8.730583	29.942855	7.410896	44.112642	31.616319	74.561532	3.267484	85.123972	56.166219	0.732130	19.900749	27.691365	106.187011	5.344437	120.513815	76.683104	1.169411	86.238488	46.249963	4.234295	74.951603	35.516540	26.674859	14.890795	145.230429	104.711654	78.510225	31.880839	18.967732	1.807402	206.684910	11.750855	18.941327	22.945184	129.037310	10.003519	4.979508	114.251767	31.494707	100.814790	39.145773	 
35.792523	115.335743	6.636183	14.932859	40.881657	39.027788	116.649904	54.827251	15.352064	52.699305	65.346768	5.460585	139.392668	14.837369	11.247691	25.648271	35.959992	10.659123	3.140859	12.768429	46.013722	28.658825	121.392928	46.170590	39.752825	5.031385	79.623456	20.835713	12.618257	129.108558	1.511639	10.846976	26.028997	35.017214	22.344665	90.471405	180.818698	45.671673	20.855926	30.065235	1.910099	24.653037	12.603594	28.915371	127.572240	58.684209	183.971562	5.513387	2.170006	5.347899	63.276321	14.490537	57.259225	8.075354	21.146923	0.784766	14.592582	4.855491	6.759022	22.470750	27.759820	6.135971	11.267554	37.125899	10.147077	 
0.944596	36.588651	9.864378	3.711192	12.940545	4.727867	31.737299	26.261388	7.682726	10.898345	40.768353	64.823032	20.886718	75.110737	21.876059	22.361622	33.029305	8.961411	8.922288	47.877086	17.274601	5.942769	7.955041	49.790402	134.933803	40.216252	0.818601	97.165367	17.858574	13.479120	2.877765	34.952691	34.346932	32.413432	3.615520	18.394716	24.496919	98.320608	35.885352	31.971434	81.253270	16.657386	2.421641	3.471191	10.599442	70.648712	91.733413	2.280565	57.393528	18.029855	18.059270	26.400986	71.933470	17.633628	2.481929	1.740919	3.300223	1.749527	0.934728	18.269163	67.460482	32.086824	60.855797	8.109790	53.997751	 
61.128132	48.913737	7.430134	67.125835	3.178652	5.164057	27.073836	31.955660	21.508783	31.596593	1.042101	12.761253	26.244516	1.234297	84.138015	17.036713	0.660557	9.238730	17.369375	140.716811	18.428895	24.866768	19.148280	19.288492	65.045623	4.091470	21.073101	10.134605	1.294929	18.332658	112.312809	98.619990	117.503683	166.281751	29.293033	0.526068	43.971628	2.946639	7.153573	10.937481	36.417464	2.297018	65.144501	179.666108	33.302881	38.925310	41.719318	12.956479	116.523437	37.766469	3.063071	3.047834	31.229048	26.898839	14.186693	6.570753	1.584996	14.969535	43.240670	128.073181	0.765990	70.614347	5.449367	44.475364	54.828610	 
26.154842	57.889728	45.512246	32.369010	15.127638	50.246813	25.327964	1.060862	76.368160	60.794818	3.264616	24.945089	64.580620	23.840716	12.497259	72.679943	6.291903	26.351634	44.481465	21.737355	27.005609	26.337110	108.396955	28.886619	19.182238	68.661442	2.129666	71.733228	18.674978	26.131564	4.416029	30.253469	82.807084	7.759780	26.361887	145.253273	170.788115	4.070199	45.601820	27.847951	38.602628	2.680451	12.434738	16.047362	95.684892	11.256644	16.622684	15.725052	4.198451	139.048038	16.278867	43.260728	152.050583	3.900655	3.766207	33.376065	7.807544	53.169823	62.810876	97.588346	5.600327	63.271806	86.745619	7.111536	52.979769	 
19.987696	27.538375	8.633023	5.941499	44.616583	2.257950	3.919088	58.318150	26.755620	33.855168	35.562194	8.735937	45.817180	50.136796	124.200533	47.760605	21.523242	56.811219	48.159371	59.947307	58.602583	1.634472	8.227155	14.795213	62.560857	65.950255	38.981582	85.484818	22.336596	94.613656	27.219634	83.958972	11.978510	47.333200	64.253367	3.255613	51.121036	12.944718	42.989113	26.016004	23.454690	46.098668	6.965765	57.521399	19.407421	70.513009	21.969751	53.595561	18.579826	24.922139	90.660087	10.706890	30.029091	79.617379	20.208367	35.207439	10.960190	21.115219	45.005840	142.802955	29.426822	34.434214	51.573559	12.577878	149.162163	 
36.584749	3.689987	8.121492	82.526492	19.102443	103.871949	53.385871	109.486387	218.730871	73.138993	71.370758	48.506376	73.025133	66.087901	9.565374	3.481908	53.847223	28.170568	35.455955	6.603753	4.424594	0.163676	61.391483	50.082995	55.303439	24.286401	3.844023	82.425895	24.707478	46.431117	7.395723	12.337828	8.820199	51.981099	29.662476	8.172599	17.328839	18.066120	6.579909	95.879567	2.915994	2.112378	57.091382	8.628217	28.242375	61.357002	119.904221	34.159564	28.410474	28.200688	4.029491	70.876685	77.650423	41.753918	33.392709	10.178490	19.810677	62.101337	2.920723	19.873406	50.672991	5.657341	138.719400	40.048841	11.087212	 
44.202499	31.893114	20.488340	76.552738	76.650732	85.487104	9.128459	37.156672	98.746125	50.438182	21.365809	32.788572	21.245402	85.157323	27.583333	4.164780	1.759184	67.521256	19.091669	39.507981	4.593871	0.548650	57.519145	66.537732	118.712823	14.894462	6.773340	174.782933	56.020040	66.112635	82.977442	5.976868	205.692117	180.955670	1.283081	9.449818	115.645490	30.385515	16.418763	11.015255	13.635507	40.938825	56.984884	81.530020	42.389823	42.926069	102.260538	140.171559	52.816353	15.214440	11.338156	52.213973	22.798279	41.511857	50.359258	63.694736	22.948300	26.469824	14.569382	4.626025	29.863640	54.452563	8.572703	107.561025	6.724377	 
48.786164	34.515753	50.112066	7.738476	11.542639	7.262760	0.825902	24.872287	36.401098	45.775767	4.933199	1.000174	14.057984	19.934318	22.076368	45.616535	29.025002	261.800892	2.481277	7.152852	23.311694	22.553938	11.802130	67.084190	33.665602	67.173434	3.324085	76.220299	10.873678	1.870116	18.798574	204.558693	38.704024	60.372830	36.841512	29.270419	10.892719	26.088290	28.025429	68.990291	57.782041	7.885389	73.451813	59.566474	22.868696	28.635875	24.105352	6.601886	45.367235	12.279604	8.213378	13.119583	116.133786	12.628208	0.957130	41.082763	29.844241	25.212998	21.419196	32.344597	9.782063	0.088720	25.366778	83.413569	19.301681	 
85.586401	26.799967	108.308490	40.874534	56.205404	44.142316	17.042630	95.171619	10.982293	151.909704	7.368975	45.478732	58.638409	37.759541	24.106534	38.183745	7.116607	23.689188	88.759781	1.745766	14.860600	28.822009	3.335799	159.316200	4.922883	47.574817	56.189657	21.039804	51.838251	33.125120	22.839212	23.467795	2.772035	21.163342	33.194145	0.209032	27.281492	0.494346	14.198929	40.683514	68.046835	44.295167	76.354656	22.457881	19.561719	43.909632	2.371925	8.047590	57.851480	36.391804	20.450400	69.189885	33.136491	51.959251	64.137341	1.687074	42.491777	5.647658	30.062735	4.586049	4.371837	3.078474	39.154617	6.626096	10.687244	 
125.662374	6.332825	1.285029	30.704891	27.395204	35.858030	10.552595	14.402645	30.101507	29.596719	6.519990	20.135957	37.181214	12.367740	77.286615	130.854328	50.105229	69.650044	188.393959	24.375817	91.581853	27.130294	4.788512	16.613142	69.484123	5.936022	166.658286	89.943663	35.696248	7.384871	34.898969	60.228513	46.481837	22.606771	3.253822	34.624089	31.316741	33.238363	24.053359	7.324889	14.973484	3.828793	11.576042	35.156866	8.722441	4.631023	17.745651	37.973993	11.554372	25.765286	84.394497	44.166480	113.067953	32.977110	0.996209	66.384453	4.109653	24.902587	40.217200	34.661184	76.644751	126.457319	0.532542	49.871928	56.493845	 
5.526090	93.092043	337.191303	31.889861	151.561034	18.325327	10.688936	20.656028	75.115392	10.870314	28.332466	37.380903	54.671155	2.518865	5.932246	21.250602	36.744933	45.356924	47.659510	7.976953	3.786249	21.543124	18.639061	6.018169	7.123202	78.323355	11.989151	37.205387	48.735262	1.282098	13.679840	62.517097	76.616918	5.981089	93.615888	113.953568	45.200916	19.438918	77.501179	1.548584	12.314424	11.240490	104.245807	2.902358	4.606421	4.591975	12.365252	7.638631	5.830802	115.181918	45.863118	46.903888	54.624915	65.631296	33.140697	103.907173	28.253571	9.567518	12.864002	31.370193	45.744713	12.380385	5.328596	5.535238	50.840861	 
62.994030	67.368921	32.539146	43.590299	18.141829	41.935130	1.564968	32.451892	29.017015	38.217165	61.713640	34.342709	17.767508	8.829574	116.638350	25.202080	33.277361	55.338364	44.753441	22.787208	98.451341	20.819529	45.576502	5.849173	20.065089	2.458203	35.710462	32.481138	30.996081	26.689093	86.033789	110.060658	104.904733	15.172521	55.614082	25.423526	48.762577	44.926477	3.429966	59.296487	31.352763	16.205233	37.578016	144.999544	4.777792	42.031000	17.917367	19.595129	73.483589	114.421340	83.688446	411.960799	29.753634	7.343092	23.264916	73.731392	9.229761	76.078615	25.505231	12.382601	36.990652	7.331726	9.130570	108.326045	6.529445	