64
0.000000	41.148368	96.855532	37.273081	41.223020	1.970820	48.706006	65.102329	70.020779	110.829508	92.663013	42.304866	14.549403	32.076410	2.694804	2.541333	16.057290	6.795365	77.677323	83.698762	71.211695	17.356419	14.334741	27.735188	12.649934	9.934807	47.148772	5.137739	34.183767	44.635070	40.049994	179.064580	96.237448	15.073850	18.577022	41.785877	14.802749	19.430032	34.116247	62.548953	47.571518	12.731411	25.110057	127.814567	11.075715	25.677451	40.890091	31.845366	20.741982	22.925670	114.968999	25.840450	15.601180	15.858913	0.503187	51.294319	3.554525	30.567417	36.771698	30.240849	85.086250	65.787262	1.486941	139.273878	69.844194	 
28.292718	5.852689	38.254680	93.929633	75.154415	8.481199	6.756649	36.725817	9.121208	30.448075	61.093458	4.373663	6.371156	81.084782	84.063138	46.428112	33.804369	12.082866	10.612789	4.440078	31.593500	17.355945	63.325275	11.994414	27.212958	2.953473	67.042465	6.424685	108.050324	4.073615	14.329987	11.099755	14.876616	4.456743	54.134225	13.380077	95.888200	36.373775	48.756828	29.120003	18.221121	29.464689	6.951796	71.387548	15.180157	41.703938	64.362992	7.083026	20.124681	23.277965	63.726554	56.835210	61.823629	23.759154	23.718164	67.943654	24.586237	6.884036	4.813711	13.534370	48.893786	6.126179	5.867950	106.293295	18.245987	 
19.102365	40.851703	7.739266	40.062031	59.097692	44.848485	30.900328	99.754751	10.179473	5.500386	3.088009	41.397041	6.275277	58.014409	0.704266	143.264764	177.399626	50.038144	8.230558	8.571371	79.031191	10.386106	17.849933	2.813003	28.022761	4.993100	63.088958	84.978175	78.944651	50.489930	54.532695	17.341410	2.710249	4.956726	32.411459	3.302063	31.656986	46.316786	2.735993	69.471924	79.762868	34.432605	1.626563	37.229261	89.333595	5.604394	15.694298	63.880883	8.620402	142.713939	10.143557	64.506568	103.344665	29.779583	13.596163	34.930915	10.777781	59.124643	47.383316	27.197945	219.497263	7.088282	0.979621	52.504704	91.210729	 
18.205366	53.779811	4.542531	4.184206	43.659910	72.580062	10.378336	65.688536	20.525937	44.059368	21.144663	20.406751	6.037312	15.310409	85.490383	5.186625	13.865520	101.984415	139.533771	24.082161	1.647491	19.988913	10.271071	25.181789	13.598593	17.493512	30.582219	52.083358	1.749935	11.367824	12.008148	70.177200	4.908384	13.205832	27.062962	44.355604	107.176118	63.064339	66.470041	19.315170	109.617782	37.170649	17.380162	52.795082	6.936214	82.519457	4.073165	24.149105	12.525738	24.077847	19.516751	17.268069	83.426243	18.577830	15.564313	41.608666	35.733240	33.296469	0.921182	10.215648	14.424461	49.505197	121.395183	17.954085	46.089627	 
17.353089	18.822408	18.005247	60.510973	7.892765	13.768888	92.984966	5.546735	23.286977	49.942766	33.616127	15.413727	34.684203	14.406543	73.422621	9.039053	8.189287	6.239174	18.404640	0.990505	38.694271	30.420546	115.831751	1.123451	11.609151	32.726872	97.932708	23.979115	22.766156	19.144855	63.722267	34.467987	8.309000	1.069118	51.154597	3.612328	54.909181	67.014107	4.644276	18.390382	11.433080	62.610299	3.342205	141.219948	6.210587	24.248041	1.449811	32.125887	22.553714	21.906719	41.453628	26.992843	34.934561	12.074838	29.308459	40.614992	10.009573	50.845251	47.454356	11.661667	9.483675	1.446573	24.850044	35.427124	1.214209	 
5.419594	13.455157	20.739732	12.334097	4.308223	12.009923	115.524319	19.845419	12.080641	11.272289	81.984601	36.604462	74.497700	125.715629	44.814905	16.341208	8.216918	36.527409	1.048048	34.155624	125.717137	88.779510	133.335086	104.461559	59.846274	53.565298	49.833681	32.254228	48.202159	39.909762	31.140547	44.261201	25.257831	5.837215	44.507729	5.947983	2.222690	28.664374	7.970901	36.256923	51.727191	27.708356	2.526361	2.207227	23.656736	25.413670	1.758834	49.673330	17.034285	21.667921	46.731278	4.430145	42.467656	8.790854	20.620428	9.030713	90.549910	49.417855	125.122163	12.770735	16.122884	54.519372	75.602544	31.196719	46.992896	 
30.517920	69.510348	15.906886	155.796473	37.653750	13.037776	1.177380	18.069104	112.484911	140.803889	19.434445	25.270424	14.932237	41.685511	14.669794	20.148408	235.147058	78.268515	9.366401	24.272178	29.946569	18.692782	2.735310	9.020969	4.220191	38.568360	5.351497	15.436793	26.911745	293.923092	27.259122	23.078726	23.468732	15.428086	50.058453	30.677402	54.923666	76.311444	37.390744	55.550728	119.884805	91.512523	68.962241	4.675696	35.639540	39.316285	11.464167	58.726548	15.315455	4.795580	65.930437	107.830711	8.678651	88.032451	10.766845	19.511993	128.428906	18.137148	36.757065	73.813239	19.738677	55.641061	8.353886	5.491597	47.563484	 
98.108397	59.375089	136.054183	165.633199	16.864975	67.558012	12.271633	17.905243	47.564005	28.430476	86.352360	103.012802	10.560408	40.903567	5.571782	55.034069	82.007479	49.228030	32.283598	59.957890	105.255612	26.151575	199.280268	100.421228	27.519401	11.169824	27.536286	50.549840	128.974640	22.659430	3.858109	51.647786	8.042151	50.615320	83.702597	105.011588	26.755516	18.804218	91.482484	7.562123	145.106906	15.067487	108.241533	12.162996	11.116041	15.338593	55.089894	48.854920	63.644287	9.941435	55.297682	19.777417	94.709687	12.986805	123.613269	13.056235	38.816976	167.072990	12.944340	38.200654	8.765253	2.718428	19.653931	17.398580	18.739861	 
5.465395	98.790529	8.522905	35.100601	41.989216	34.430889	63.614525	2.809932	6.668309	62.467478	131.678080	66.375699	13.359961	11.417200	1.437898	11.257974	0.998031	5.158221	10.518293	22.923549	2.957566	42.563058	88.379272	40.679155	8.390808	11.078227	53.028907	55.331533	164.366741	50.389671	58.792713	24.732269	9.112420	24.914698	2.607532	100.746469	165.744349	0.605716	57.924068	14.638293	13.560093	35.684420	49.666054	29.734107	8.382449	3.907288	67.224170	102.306100	22.648574	119.120534	148.290210	98.257005	17.956399	84.169230	73.307390	9.207418	85.791040	93.710007	2.929253	44.162284	68.898171	4.761605	53.184102	29.111160	7.431745	 
21.773613	54.193638	55.963169	46.651866	5.489633	33.275197	52.512389	4.999328	72.552024	3.320024	9.784788	37.112636	97.679604	5.367221	10.864062	2.457823	143.842023	110.093363	8.653379	14.736744	8.074997	100.558902	78.248220	25.853537	81.125722	26.638631	20.346082	32.838754	6.892101	2.002737	273.358802	24.298074	30.207750	49.647196	21.790757	64.465664	35.769900	83.029072	24.748689	2.631638	39.828903	71.990121	0.823693	71.482968	59.858710	23.728292	27.081438	98.822840	49.624021	18.851531	3.900767	10.016219	17.759237	1.216884	31.252628	171.788145	68.916103	97.147265	67.831670	17.138589	43.657934	8.066430	13.834189	21.025867	16.820872	 
25.937573	30.949641	2.108917	98.311290	136.065749	2.842444	232.371297	43.382664	48.176328	14.510320	0.236620	0.748950	37.165317	28.212724	6.519302	24.678862	2.823144	27.855595	30.574197	72.246737	56.781541	12.487672	16.653374	9.038481	42.788387	5.485446	15.163912	7.693137	10.918635	64.205836	26.287177	114.000143	126.258628	21.462472	45.185996	30.119249	176.909057	36.605763	19.330322	37.560764	84.667380	72.825612	30.789187	11.108988	5.975336	8.508104	28.240856	67.120146	28.457635	5.587607	56.056961	2.836352	84.744778	147.099779	16.110373	239.045980	6.471496	4.011727	11.420373	72.665281	56.945389	73.784499	5.689723	38.110307	14.379451	 
47.686531	2.184181	65.409135	23.539781	20.765808	44.483700	12.216455	43.180122	4.072122	2.161934	72.922332	12.826599	21.624717	4.075075	6.963290	44.794135	64.655711	28.683840	57.188373	114.361826	31.046491	94.857207	27.158934	46.549488	4.974251	30.723095	74.139877	6.949342	16.558468	43.675501	115.440744	2.063888	24.651109	91.178604	22.561921	4.298219	38.077013	30.003179	92.317710	68.154066	49.281596	35.524416	72.041307	26.881782	1.984044	28.472280	4.366890	32.626523	16.975341	1.413934	56.819842	22.583995	20.501153	20.859503	49.810061	57.704714	40.264840	114.606950	79.974232	61.313161	23.037008	85.809503	74.092934	13.036421	66.662220	 
4.828626	5.225729	267.100058	26.680116	16.749545	6.711042	37.715524	51.681737	61.925519	93.112380	23.539414	32.868326	10.848443	8.375112	36.680770	147.994267	98.012166	11.860290	6.936572	59.237121	26.984778	67.945122	10.908246	27.904154	9.469510	105.739694	4.864665	72.297077	99.088933	141.590466	48.919530	53.657194	123.168562	12.052910	1.076472	120.227993	4.433559	17.279731	25.368089	66.841217	3.209240	1.705823	45.273657	6.207090	124.560171	5.150627	12.598079	34.535408	14.525674	38.909243	46.764434	55.005231	33.415068	27.720186	46.800918	6.761080	35.536240	104.883208	2.433008	20.416742	15.322386	16.631186	3.212715	153.574231	129.773865	 
19.367473	50.230697	29.483726	99.273111	5.931543	3.885860	6.103797	1.723836	8.695464	24.467699	2.899230	31.707689	3.182972	1.592457	21.656737	163.335432	2.284546	62.309874	47.699930	17.889329	19.480705	3.273790	92.210660	8.276592	11.553679	139.640783	12.256318	1.528256	65.560680	49.155460	41.030159	13.698178	24.834281	44.206934	7.966014	21.712942	17.175067	5.470011	74.962956	100.036290	1.970981	96.774202	13.021859	4.548089	39.976404	17.287258	68.983917	32.044699	32.749047	1.052165	12.904202	62.163380	14.954445	37.062169	0.909685	64.227793	55.385062	38.701872	0.905457	191.745314	86.420585	18.506899	48.028813	90.095406	23.444495	 
20.111789	35.713939	122.393711	23.053008	72.411473	7.595514	4.102237	42.194415	59.307280	3.061126	123.051977	49.204770	37.657046	6.582531	0.673522	9.456881	142.172213	29.923918	183.577032	58.058096	83.607741	23.420113	95.229062	40.757408	18.443137	9.340209	23.677362	60.032278	48.902225	108.745831	1.868944	8.804549	83.695524	21.511031	15.086859	51.004751	25.190049	10.840557	94.597482	9.019553	76.065877	40.727727	10.445842	8.375149	15.403864	19.930875	117.842121	18.737247	58.329378	4.722523	38.112631	56.536936	1.573398	30.131191	14.017846	260.283721	26.969142	2.159953	81.638621	20.186366	26.058760	0.554843	21.642500	62.211807	38.491101	 
9.797407	4.170764	25.517329	55.650032	6.193604	44.280317	6.338376	35.672060	162.679361	23.367043	77.037635	53.158384	21.973713	25.089929	236.410549	9.540567	40.861397	56.783951	33.962342	16.596859	21.762271	15.692034	23.510358	16.186637	4.234485	55.182084	2.278285	73.179471	25.481913	1.624930	114.033172	102.073595	18.230532	58.694783	85.644846	9.216651	51.960316	18.944718	1.611811	135.437269	22.438405	3.768659	12.033007	13.218460	65.049136	91.927416	36.276819	2.498578	114.380298	6.427971	31.876844	7.649686	13.388606	14.926006	46.481564	78.871816	61.625446	35.709697	11.446334	34.798726	18.865922	42.440450	182.525341	55.235190	5.086271	 
81.218378	119.078212	35.333612	154.794836	71.972249	21.155358	20.090473	3.161099	1.700768	15.177406	87.457286	9.572322	124.888450	7.562650	43.552588	31.865807	3.805101	0.926693	59.951976	31.594632	2.866294	50.130187	1.537547	14.533890	129.477488	30.690908	22.479900	89.002708	40.880750	25.907021	21.899696	5.833851	59.582245	53.093023	2.098794	8.693469	40.755252	46.405474	62.835225	61.633258	11.362643	27.402786	18.953546	14.326360	16.249058	70.017612	46.941886	167.415122	9.257282	3.531082	142.878706	18.020286	13.314525	6.479113	18.740850	32.875076	30.376555	79.813754	64.210557	27.681097	62.144914	17.738821	59.376019	37.770632	20.226787	 
14.009476	14.283106	11.030426	113.264893	9.139114	35.819377	12.103508	148.709075	20.419389	10.129950	45.008030	37.049324	23.479095	13.290135	54.420459	74.379133	40.723351	11.214302	49.958100	1.052189	65.121890	35.807594	3.271939	13.428751	23.387035	44.311182	6.034744	43.258590	20.108051	29.657460	23.928464	70.358479	50.504416	45.435918	51.320885	30.024731	28.085387	10.885673	27.865023	19.810049	8.808132	51.857804	56.655752	35.886932	100.105223	32.141977	3.625517	22.935656	21.437352	150.206362	62.616848	49.731893	61.698493	4.504063	29.309112	28.094795	90.800613	107.547405	101.289497	6.749459	37.383622	36.865557	11.424969	123.569382	11.591188	 
39.976722	22.348963	63.641904	66.681445	64.576862	35.049736	42.079343	17.640668	66.145711	13.886812	33.539112	99.406829	65.947543	13.785963	5.971194	3.079331	25.724758	3.379288	5.593434	25.631967	17.423675	101.239912	21.969529	12.389406	79.612409	4.103210	85.010138	8.940521	76.376779	4.619070	37.908890	26.403244	24.649883	25.279126	80.141478	10.155106	121.240750	9.207978	30.286253	32.159049	30.347491	14.636571	5.924628	31.143536	81.054018	36.999967	61.337229	16.590971	15.306457	58.155537	100.181912	12.297995	89.070010	92.550488	36.088678	81.871327	44.658423	6.628879	15.657444	52.144191	18.923860	38.632837	5.046280	28.628961	29.573494	 
79.740665	22.863737	143.215574	10.647499	33.064197	7.162790	5.478950	51.844827	32.836208	21.243338	38.674081	69.861380	2.330475	1.296510	115.179051	74.715402	12.298974	17.243611	32.441383	4.986471	9.082148	15.393212	36.004896	168.086949	49.383867	0.502430	56.971258	4.718255	119.619859	133.627883	128.151814	7.478948	56.178999	9.559173	27.026307	10.009228	174.855558	70.414881	5.277418	24.121650	22.801973	8.708716	11.432684	17.894655	0.440825	8.459119	75.959685	33.445191	16.577280	24.745262	2.977225	48.237024	7.890169	61.982287	6.389840	8.540441	76.214804	10.897732	2.141312	4.274706	36.452395	62.990342	34.105858	92.010360	96.855410	 
11.062365	107.301437	0.824773	86.719041	43.365048	23.477435	1.737528	11.102440	33.872300	19.994125	7.198264	27.736065	153.934213	42.089677	17.855994	0.879487	36.570410	50.257627	1.885173	77.563959	6.722903	76.859122	51.145129	47.371336	69.040025	41.987095	5.322170	2.069967	33.823592	32.605347	55.305348	83.274379	43.490244	71.598505	125.961986	4.798156	153.096295	102.527879	1.229010	13.792521	7.290544	63.334186	25.213930	3.917043	3.441037	89.924879	13.248510	13.224439	15.882511	17.029595	1.944332	62.455654	5.630840	14.827573	147.029056	49.289000	40.191020	3.476099	44.024519	89.142627	6.204598	15.085522	56.983823	3.481875	32.537343	 
37.519659	18.495057	25.733966	74.964866	25.422241	44.967259	21.584828	17.906643	61.511184	68.227681	5.913169	2.882975	8.767323	20.220119	113.120724	139.344831	24.493422	44.016933	8.323662	142.775924	53.227982	0.667345	0.587255	209.959643	9.309719	95.294259	63.291642	1.286312	20.049185	50.082792	59.706087	20.619905	43.696082	48.005998	28.849487	23.452965	48.668143	3.641089	28.426809	4.404911	2.438385	0.803371	34.996084	115.483990	14.358368	1.712189	15.301262	46.031469	25.165808	65.899641	64.690209	11.945017	6.394391	53.505949	30.879199	33.005179	23.686811	58.852884	73.218763	24.533600	6.622466	31.528339	31.023140	2.778457	23.604210	 
36.782248	52.801839	17.912356	17.288951	1.542681	5.737780	81.748205	9.901458	69.403277	7.155239	16.814712	32.537210	28.066674	81.345681	135.583753	97.287766	81.593695	99.240681	78.764930	37.217729	41.955198	15.350225	0.435379	98.694767	60.906741	2.288570	8.592787	37.108928	21.811872	2.496849	67.181364	10.862927	65.464152	14.340969	25.749493	11.906185	188.516280	7.580474	109.627055	10.758833	51.875674	31.149940	21.306327	12.692098	14.984363	121.899351	3.489648	102.197681	1.803840	13.972622	28.611184	22.697305	29.785164	0.949453	66.853814	47.807674	63.405526	42.613899	20.427176	20.627123	6.021285	158.195478	99.319151	98.641328	18.154246	 
34.730634	7.666974	5.725433	4.125866	25.081382	22.275254	63.240816	80.496131	49.948960	7.627417	8.258193	22.652647	2.890798	13.482814	104.989035	26.780523	29.523854	61.686615	7.570642	76.926688	8.376030	19.145425	7.906418	4.368363	54.636462	138.187952	39.813164	7.570532	36.788208	80.927707	13.648229	100.855134	3.760129	16.890974	26.733411	33.806839	55.316990	41.960291	18.433627	52.001326	26.076575	72.230365	22.726733	34.333973	15.033553	23.511399	19.183810	76.643384	1.376076	6.366517	9.469151	38.142270	17.901863	28.299175	9.526853	8.805107	57.911302	57.192223	22.235183	48.632092	11.885600	20.212891	76.865703	31.499378	23.217639	 
20.517656	0.818457	84.465880	15.571939	134.261439	27.543322	14.789367	161.430857	15.471236	29.959984	12.062086	79.149930	156.479033	23.895547	2.942947	23.968823	49.947826	29.958257	20.925261	61.261582	93.642527	28.733336	5.767612	38.666460	7.112831	16.582130	78.190826	32.658293	120.607672	17.595539	15.877518	3.883996	116.435008	1.424410	62.665424	11.966184	17.107396	2.675812	36.462600	5.513159	41.068160	18.219742	5.820692	20.432413	4.987777	40.736886	45.900838	43.464778	93.382801	4.920228	111.547082	98.066158	19.296558	97.836473	13.961465	32.182410	71.961750	5.415401	9.122738	1.131284	14.985294	9.303627	24.784423	37.822634	51.388892	 
58.887730	87.123119	47.318647	29.684118	17.376731	99.051243	5.784619	77.530964	87.198736	20.822719	6.093893	47.362503	18.980408	75.765869	21.755173	64.851860	123.176861	138.175659	62.597046	39.309925	39.305009	7.175285	4.416001	8.878059	48.151669	11.365215	7.318621	103.826385	101.044831	27.788922	21.780761	2.467617	64.678528	1.389050	31.560279	59.425326	64.374316	44.027154	24.609801	29.679635	42.226126	28.522636	84.471298	37.142355	3.058574	41.806032	1.117162	9.718573	39.592386	8.000178	8.566050	27.966281	33.110602	79.628184	6.707542	7.077216	15.029556	1.980681	26.594596	19.191283	6.617209	28.976279	26.365658	15.866635	3.835154	 
1.884571	38.277380	16.729082	53.440543	19.448549	6.477263	17.362861	33.592357	7.718204	54.779845	70.296201	57.814018	17.984803	77.792025	24.430797	37.227022	32.671807	15.804476	117.945096	6.546142	70.649031	22.859200	100.356108	20.881238	68.324957	9.761352	4.569173	31.018978	28.530235	32.617803	16.885357	62.445269	71.732400	25.335310	10.742171	3.142681	3.993155	36.188564	21.424699	6.662290	36.770658	13.808743	3.902309	33.864429	0.679936	84.094984	11.188428	15.294917	3.294934	9.122328	73.345911	1.724116	36.010583	52.242302	42.809340	31.504799	28.462573	13.959451	5.084795	15.595161	20.947906	9.698220	108.011482	4.109050	50.370326	 
72.561492	18.848903	51.533524	126.602994	31.387355	42.652883	20.930812	22.467226	38.069379	74.926471	96.932264	16.960953	17.154550	28.643419	35.362238	99.271586	26.309532	2.350980	20.489964	43.238159	34.965397	96.188878	65.824682	8.966617	7.603560	40.032897	143.952117	7.095963	19.341422	98.232048	26.152337	37.472339	17.495342	15.889928	12.543851	1.122255	97.011895	23.429760	23.275709	79.372637	23.450979	61.003956	28.223124	15.803424	29.800606	24.345721	8.480212	9.562391	114.160650	49.741191	33.893675	38.909158	64.780308	16.323341	13.148328	12.310489	116.285527	151.432191	10.483023	4.552345	11.722192	129.656302	35.202711	2.593618	43.571257	 
14.412059	64.858636	48.670732	72.892946	7.264293	200.742439	46.646759	17.263158	57.515499	38.470443	75.194016	56.322192	1.054724	31.790796	5.174359	79.630357	22.293342	42.223097	19.722563	2.728083	46.570555	83.810365	33.934999	40.711647	2.620899	59.602737	8.085163	4.559777	12.573490	29.996733	44.709203	16.591657	2.470629	12.715080	4.545031	200.342358	1.341985	11.935207	61.701135	76.517111	25.584214	10.834504	10.373405	58.044546	25.503947	8.333216	65.979342	43.204105	85.891949	50.963207	7.090857	30.744727	9.781203	92.893216	208.850718	10.509782	128.513638	35.073099	39.095100	15.991691	96.735873	15.408672	45.044659	8.645001	38.203434	 
22.117976	41.160429	30.813167	104.203198	29.593227	53.079940	54.601611	108.898257	20.212223	67.470503	22.737209	29.163105	4.159380	12.683188	4.514085	32.865862	28.005900	5.011504	34.052783	28.923131	42.451972	0.526244	33.197058	0.611511	9.027125	53.929663	9.995067	9.476451	46.198514	6.349567	80.502551	10.949155	16.466068	10.209288	57.078668	2.433851	43.020695	57.261823	21.774125	37.925439	18.907855	110.353750	0.503878	121.303825	29.714066	5.937316	17.345827	66.259299	8.303107	10.281074	24.488693	9.159760	81.542002	73.707993	15.431751	7.012328	96.570257	7.308569	10.708596	5.193908	12.977845	45.421495	16.876633	21.971931	8.032239	 
28.509258	13.328157	77.545964	57.943145	54.561377	52.001082	5.048188	11.638517	66.460465	1.430551	37.888364	59.660176	130.737645	27.914216	49.092345	13.203843	43.400041	2.638774	82.282882	9.065727	44.463454	41.895206	13.422794	91.515216	6.893859	0.310294	105.355686	19.517060	12.660171	92.749841	0.354335	9.298049	48.394433	24.298738	20.038573	20.203211	36.298387	33.908288	1.149134	9.252406	54.407785	25.644429	24.122032	13.597530	127.514111	10.519491	22.828077	61.703762	7.890686	122.467501	29.704185	14.681840	3.418687	4.166884	13.730888	7.891585	46.437700	15.192455	9.636169	9.960744	56.200282	14.467569	59.419918	20.378630	6.557009	 
9.802389	21.252057	65.459171	11.021850	90.101215	14.800874	135.556683	37.490167	3.220849	35.851299	19.457741	16.430028	12.285169	8.597121	21.345798	101.872245	122.603675	118.955370	56.768728	5.373532	28.336365	31.995288	42.730876	42.403099	157.905489	23.258140	25.472370	81.837037	65.269468	52.331590	0.648930	26.923685	129.167550	136.077299	15.317040	12.223749	13.445080	5.420154	38.307081	143.239067	17.617541	33.115449	70.073453	3.122623	177.979593	133.827459	111.673488	48.724851	5.670180	11.368196	14.511016	8.631751	29.025829	29.977497	91.798010	22.569614	2.444116	35.778641	20.082540	101.247406	19.735853	74.659930	1.780595	221.682440	37.657049	 
87.847360	65.362449	59.433103	21.525186	66.356636	38.874138	20.776114	45.774231	10.669301	24.842288	7.937824	35.656405	42.628707	35.073980	85.848839	125.762362	15.471823	79.000198	13.492741	16.523074	19.567937	91.737188	5.616452	66.925677	71.814523	110.554719	50.848202	11.883408	17.459141	23.984340	15.616263	116.208559	12.035345	4.749166	7.385147	36.653630	11.741641	80.787078	38.785129	7.099535	34.663572	2.982111	17.584414	42.763374	8.234174	28.090202	66.555611	9.473454	11.644271	34.329576	73.818507	156.882110	31.004673	61.021673	11.538212	11.548908	2.472756	35.723397	6.198542	56.765367	67.701233	53.378953	17.654705	10.062356	63.810143	 
24.659285	2.706025	38.953756	87.285234	48.020838	8.332258	22.447942	210.121803	19.361319	180.233174	84.897838	25.407684	68.714719	90.066534	2.414507	12.241078	3.962493	81.783047	0.734929	6.947718	63.745731	50.325826	1.919870	26.021969	43.920150	37.406587	0.845679	11.622404	5.511336	6.159724	45.897412	38.051903	28.606626	45.450819	31.640437	31.242319	31.582952	155.233740	115.634858	178.104538	1.975594	98.674346	14.643092	6.049708	17.867690	7.322379	55.989397	37.596193	70.084161	6.853925	65.471460	63.040828	142.620107	27.382946	28.707936	26.546696	21.229591	30.866752	74.807241	26.319792	6.929804	7.617221	3.012048	0.985383	60.144092	 
27.457569	65.034687	75.259977	39.651645	29.417922	101.422367	106.374416	68.191830	1.935769	0.945945	60.253098	21.805562	41.086135	11.516910	109.311416	56.235380	7.191158	1.872408	56.385827	18.855549	0.962857	16.830845	29.077062	17.083471	17.364660	10.663402	119.960766	55.200319	39.227369	11.073854	24.276139	31.000800	15.994447	6.317711	6.391461	17.479786	41.061049	13.809641	23.390810	133.186564	9.774443	16.100620	30.035351	167.996196	11.205061	8.518755	13.033291	0.907589	19.921476	2.558128	135.715439	4.100688	0.853475	3.513870	76.106967	16.230172	33.874822	90.714470	150.271446	1.395673	32.624949	24.525236	134.366503	36.218063	37.296298	 
72.947734	124.796176	2.754118	31.834009	28.390369	13.640833	6.262219	64.548719	68.144491	12.179703	18.426977	89.933426	40.771682	65.316400	6.679475	40.322798	9.164888	5.143529	27.179032	3.837925	5.797116	71.533411	28.466585	30.941577	19.486087	11.429630	1.539554	12.001456	53.934046	15.038943	59.439789	2.737388	52.621218	293.584305	1.307185	2.152152	10.885968	31.702855	29.933835	4.328301	20.342843	1.451102	18.253765	30.170247	28.317217	41.207091	24.958007	74.605657	33.183370	3.976314	12.270178	55.985343	73.347872	135.502697	155.993031	229.275638	200.275422	34.916080	90.496737	29.201177	71.333342	76.970902	9.300474	1.788912	7.483965	 
4.370836	88.400568	31.665332	18.484111	29.844583	49.474200	2.879332	6.186606	28.315323	13.701390	2.059496	96.281585	10.732401	8.444770	91.757301	11.632809	150.936541	1.192490	100.701509	39.707335	47.958222	91.144742	32.842531	6.015590	23.386086	41.065078	22.418414	66.552889	2.765258	31.998337	47.875017	169.390488	24.707681	9.634542	23.860890	8.992137	13.429972	25.820017	91.191157	13.079881	72.500844	123.595789	123.804970	63.599146	16.911618	7.509812	5.423393	20.411452	49.464240	21.679513	88.620502	22.543441	36.808438	10.265977	72.767988	65.957661	18.749481	88.312353	11.536940	8.156274	1.182403	10.800317	36.277064	19.814931	30.301121	 
27.020018	116.677562	0.989123	37.844873	26.592544	30.193204	5.180473	8.313222	41.712032	90.882352	12.204709	165.239370	33.141708	17.167860	120.156375	0.431461	16.557359	129.663327	42.095017	20.526029	93.339244	48.709059	5.875515	72.164229	39.651359	74.903701	25.436588	14.818763	52.460223	10.035938	39.804585	33.747913	4.193218	6.179549	7.778057	51.471083	46.863025	5.032487	24.818061	14.733367	27.113810	58.239754	36.348761	14.437378	23.512305	42.724247	107.234690	4.859781	42.513532	2.482630	36.177527	15.522888	33.871838	21.935549	15.389806	53.111960	0.312807	18.846885	9.902947	4.427650	39.064022	68.119330	91.331061	5.796590	39.863857	 
0.584614	3.870230	47.977542	46.050883	16.315568	82.935840	14.210131	116.848809	13.356342	54.339743	2.750423	45.460065	33.272579	4.848585	90.581578	0.580703	69.904103	34.406534	1.895736	19.821493	178.043812	57.070609	7.619985	29.807519	11.926761	57.446572	67.319773	71.007821	0.782914	27.944284	27.621326	30.621931	34.181249	53.532267	109.459202	28.754512	10.153102	73.936659	5.679865	89.629525	40.116126	5.529244	47.722320	11.207415	32.836390	91.668906	12.164902	19.459473	6.904014	118.586785	4.871068	66.196722	117.598173	5.657055	10.049073	5.518721	26.813627	43.759563	311.308935	28.411005	58.565049	2.837174	3.017265	18.134383	17.681417	 
124.369847	2.505789	27.415053	3.230147	11.016507	63.459558	33.577498	31.212023	32.157771	11.891304	166.504480	34.028408	124.961814	4.573351	26.562895	21.029359	8.424865	33.547210	15.459458	30.976490	20.964935	36.365239	25.733839	53.754592	2.769640	115.526494	27.871884	92.838044	17.687928	73.795253	1.635468	58.592515	44.885746	50.730801	124.334768	69.009153	7.755668	41.586123	43.469332	1.700126	17.761238	153.537389	81.854302	10.518457	87.945839	22.091528	39.473183	10.537863	18.025939	50.401382	37.378850	28.180364	34.644555	0.618239	19.353641	5.152372	28.004850	69.285148	19.583441	28.515566	61.924796	2.255339	45.439480	24.932853	11.292877	 
18.646035	19.035260	8.194198	47.042053	24.012970	139.477942	48.071628	4.067093	20.897836	111.315352	19.414643	9.418796	46.423472	13.085365	130.057310	116.266072	31.106475	6.978014	14.926929	32.952897	4.706732	62.555934	23.625769	13.142797	20.110877	25.920574	23.330266	1.778087	51.198828	2.652830	114.386793	16.661809	28.718816	68.163103	77.746448	57.323409	23.081859	24.390120	2.789656	43.157247	17.687092	9.003731	72.721462	10.595975	24.201739	9.758324	67.955678	14.079925	14.974536	25.108795	14.046003	35.254534	1.087396	4.293641	2.108959	105.160634	6.119270	128.164400	49.534041	13.861045	28.440096	16.674638	103.599089	25.149641	46.346776	 
13.626135	36.968719	23.984270	75.134414	75.622504	48.525858	8.285524	66.288700	6.319398	98.581866	0.379533	60.200546	53.675849	44.772667	6.217489	66.206770	136.127882	125.626681	96.468635	110.539961	12.487145	10.158833	13.880828	37.495771	0.422015	5.105351	17.305066	32.337567	11.986929	36.976100	11.564625	34.721807	13.843955	11.569240	62.051954	2.429281	33.815888	44.654075	42.443286	8.700636	16.949105	1.534878	2.749255	18.074880	100.758005	25.114232	102.691874	131.972877	35.377377	88.088259	25.301840	84.656128	205.510829	27.639997	15.641778	8.199742	3.804338	6.853779	65.898416	80.503660	12.019281	93.150541	10.695956	42.312525	75.805939	 
15.477973	5.737327	13.626735	24.265579	102.171110	3.519776	91.854454	19.542505	52.315957	85.910938	24.696954	5.591411	46.588214	70.895216	3.055140	47.667054	5.644786	82.275934	42.861466	25.300995	100.257315	9.618611	34.292857	44.406885	16.533944	1.303602	57.523556	40.348817	21.597055	116.001651	27.916953	44.455975	42.743587	8.523872	61.009274	11.901804	42.965781	141.885904	1.415768	8.137957	35.517190	7.777007	28.002175	50.075641	75.687399	33.455549	31.178248	30.612254	3.840463	6.625581	2.003224	11.629914	18.755647	11.759127	4.247408	77.077619	86.333019	25.770043	25.767886	82.162826	92.730851	26.919216	16.146789	77.671248	22.737164	 
110.361061	19.814378	19.115628	33.112117	11.911728	31.856203	44.436783	12.835388	161.212065	20.367554	16.652057	34.281754	3.774637	43.587268	104.349457	53.511155	21.405290	79.768752	36.303528	31.153128	9.316715	65.026935	11.634731	15.348202	1.155857	34.182594	97.600978	78.230809	74.122135	23.230065	0.793787	58.689836	69.760514	45.310020	183.784146	57.722603	42.967851	56.791055	48.184714	11.359691	33.721362	85.926236	17.713395	3.725799	8.527444	4.800898	3.274091	95.758729	11.668271	6.993260	76.752929	6.209850	6.865398	45.446726	21.897409	42.984350	20.087272	30.795947	28.187983	4.296381	0.641642	81.730325	20.045739	90.849859	12.230722	 
55.344960	18.526960	8.749875	28.157514	11.564367	113.017952	4.066108	10.425458	20.640985	0.966530	15.249362	94.400561	51.727931	2.577063	23.106809	187.922749	71.027415	233.589619	13.269079	40.786887	5.476013	96.699546	13.319844	14.905515	28.224448	4.573624	122.678306	23.710111	34.468400	37.870596	193.294060	10.167557	52.989740	73.297997	12.484572	73.559247	38.560516	4.484967	2.888797	44.253340	94.659973	62.451022	12.567504	5.364384	5.756828	45.790615	50.985368	15.863059	19.241674	1.650484	24.989646	47.481871	15.426947	36.627532	66.616788	24.647209	35.680966	11.254814	1.012198	61.641699	127.468402	148.128255	17.228624	0.499087	36.351815	 
99.946299	75.534257	18.497001	40.767161	89.808129	10.488417	5.895562	46.681085	41.275171	35.322117	21.022097	87.722673	48.772136	20.940026	6.564850	111.488147	130.703500	18.855346	2.670747	26.028354	2.714400	18.369731	96.207844	44.634229	108.029288	49.131015	49.715145	9.967894	10.185046	55.632391	28.502782	39.199111	32.825759	29.921565	39.010785	11.560818	2.882396	37.371651	62.132038	6.236857	4.524951	8.639013	29.187504	55.872286	52.070632	3.775945	18.710552	5.546089	10.891967	37.965973	76.619535	81.144185	1.784258	4.397743	47.032635	45.502535	14.105075	30.139938	54.008736	125.758778	34.948742	90.259974	17.045625	40.677685	27.124937	 
10.110987	69.631576	16.414463	36.957587	80.066047	4.726573	10.532495	21.362634	8.763354	34.682641	2.858701	15.131962	4.218544	40.649530	41.296867	17.477402	41.325732	25.381616	2.361141	52.540324	34.877403	47.280900	38.168093	0.593814	27.970589	88.742885	11.816425	23.805249	31.812026	2.939944	2.425488	7.134610	7.189393	101.164221	58.819814	65.207866	147.045356	60.969847	17.335441	4.733071	28.480003	74.476014	23.328182	11.895174	30.805611	36.378929	1.618837	7.973924	4.628414	35.473767	18.533791	34.655506	9.697398	12.481882	8.930315	20.868206	85.238854	83.069927	32.378686	39.062193	16.812911	6.290016	19.511480	7.408988	53.183954	 
111.879343	25.232845	263.379236	251.865754	13.112932	68.641811	2.737645	16.845403	10.612736	38.485090	3.997655	27.133365	76.165434	45.176688	41.395987	50.832471	5.486036	74.977973	69.439770	49.854564	86.836415	56.246163	23.552941	54.347778	48.945071	24.848214	7.446365	38.733840	39.662162	107.492813	99.067464	55.097548	26.064185	83.494992	59.799400	32.021946	19.472824	51.009148	72.587019	6.460601	63.016174	244.032962	126.951644	29.169640	25.404531	51.830734	9.582143	32.416146	10.877342	30.123681	84.651849	77.750121	103.435641	5.680976	47.044474	71.212644	59.204322	67.177943	48.848513	35.726175	4.069534	35.661004	171.403799	174.255688	116.397659	 
69.934817	27.269528	12.351558	9.188120	9.091390	9.792976	39.349102	65.101608	3.670350	53.741943	33.817139	48.602611	0.879811	61.695650	16.214672	23.003853	0.618955	32.558744	36.212938	52.959710	59.846325	22.041531	47.633741	90.445129	32.463195	107.496507	83.402477	42.645448	18.162739	75.177273	78.832059	83.175167	4.952213	83.790907	33.776852	54.930691	53.004045	12.363486	15.412470	63.912705	116.083242	40.283109	1.283068	3.785298	24.290607	5.270037	47.934719	0.523277	4.983262	172.417440	82.116579	50.732942	80.981570	147.124213	62.791945	27.964533	36.553186	54.710216	25.883056	37.434083	34.182392	105.916138	20.639725	5.185869	13.317521	 
18.161854	5.696501	11.075846	4.678019	16.612763	52.031062	35.883718	6.043277	30.216476	1.645863	13.090023	20.624693	96.383335	27.710524	11.074200	29.630723	55.251309	34.508949	5.354069	16.737075	95.840571	14.943207	74.112608	171.352676	38.279838	27.391425	65.061802	55.621442	47.006078	89.252362	54.532147	189.858980	17.970665	3.073818	6.751641	31.544057	18.857406	35.640134	61.903716	13.396481	44.355493	245.912793	4.425620	21.897970	31.834955	50.327233	20.028420	21.404905	167.942988	0.888235	2.897250	30.312486	24.094478	29.082311	50.841486	91.115620	156.651431	1.822335	75.779721	35.100940	17.196748	27.729595	7.839006	19.764457	0.440747	 
71.294451	229.232898	16.901251	6.122284	4.237378	55.807622	48.331041	88.291012	0.425376	92.974385	120.696637	71.296671	24.175149	38.689268	11.856695	32.737488	35.515776	48.779902	23.462719	99.099289	3.099424	13.099675	7.200477	8.905661	92.832304	20.488293	132.707374	244.618515	36.168094	4.584751	24.803480	41.464140	44.653282	53.324663	64.510311	51.893145	14.276307	88.043560	31.769526	32.303300	0.847342	41.548755	42.097065	28.677371	13.354533	44.385936	44.657666	60.666509	31.991048	4.743188	7.761569	2.377410	11.752485	16.278738	59.804850	24.678098	52.879050	10.640269	18.993549	62.113126	31.770450	5.916566	59.651345	22.535527	35.643571	 
43.852563	20.926348	49.700726	102.368480	29.627104	14.740189	0.601851	7.298212	70.267280	7.021871	64.885068	4.253105	55.915267	35.295155	2.804512	62.355186	48.629329	15.405580	4.216523	29.026916	16.633460	51.561306	113.640916	55.072426	100.907318	17.847881	3.948412	94.196877	12.320915	221.702159	10.480602	3.832809	40.575455	37.920460	37.525862	4.703741	31.929636	2.066386	13.574677	16.093719	45.775695	9.322985	8.434785	8.592963	13.926411	52.956973	120.634186	121.033826	82.300186	15.337904	18.878828	2.368975	5.305682	100.025560	7.904759	23.489997	7.677085	16.312140	16.974399	114.319002	6.672630	79.666494	12.027953	42.425794	29.771371	 
49.286252	8.203692	15.887670	37.181435	47.004867	13.768399	12.684901	8.985606	118.742592	0.639436	6.595103	38.158303	42.026150	1.299733	42.076966	105.680176	1.675999	34.205070	2.148781	141.912596	34.231646	17.447397	23.824242	11.306796	44.819793	9.658003	27.817263	20.991495	10.363543	64.064337	10.184113	9.789317	2.488663	44.145210	21.655034	33.210122	95.875070	30.951716	22.459534	11.764514	37.264546	139.432883	24.547857	10.086118	13.232687	60.699342	10.444461	52.516526	6.602603	30.254347	24.690754	40.863733	23.005240	5.611000	18.360247	8.245535	3.198429	33.481292	4.701250	6.826565	42.567701	7.440594	2.289801	61.334685	39.756318	 
15.430206	39.314164	12.814682	65.700726	15.637866	9.720238	18.230152	18.423835	40.618086	3.265020	12.999052	4.027965	51.141637	8.309033	40.254333	51.808276	82.008722	47.119434	21.683316	21.045658	10.667447	6.939448	5.012313	37.051820	44.456615	4.781975	5.666024	55.736208	9.745335	19.916874	68.088139	7.583576	33.890449	203.458203	123.888350	24.565954	32.941249	2.043662	72.098736	77.726721	5.011614	86.720221	45.561047	4.624864	96.913577	29.084525	74.682069	20.881536	26.097497	2.542602	128.384231	55.382558	33.013214	2.699429	25.030209	30.351881	7.413946	21.659232	8.683746	4.991426	42.599462	11.429732	42.730346	4.754622	95.802632	 
31.637607	86.575090	23.727879	43.384077	16.590522	92.123232	72.926952	35.192357	20.868135	12.296851	10.965993	189.203010	14.702131	88.254742	30.544854	2.639459	12.742398	13.258194	3.795306	110.134703	100.068979	109.435491	62.335678	5.600072	47.115974	33.795950	145.416408	28.401676	58.055265	11.165767	49.063152	3.487600	26.220358	33.998019	17.668949	44.343891	72.642576	50.653577	14.585871	68.802859	1.051535	92.356578	25.880426	51.693089	108.284148	36.119691	92.905523	4.540291	28.676488	19.711900	19.700007	14.865513	9.164826	17.770828	2.865383	4.265230	41.096795	42.538591	55.560957	25.474412	4.628336	65.829807	5.694144	1.163850	7.161200	 
60.638418	2.035587	39.420619	63.811192	26.162403	15.493909	31.207088	48.498492	89.446893	30.799456	36.807900	113.526569	37.150532	10.572223	69.209676	74.792612	14.083196	110.357802	12.512032	7.469354	52.029296	65.068753	32.612005	56.589847	10.454685	0.935046	13.857616	68.983280	50.453288	3.310181	28.301991	99.631874	21.249644	1.423091	16.295523	18.561263	26.475841	15.659807	178.496541	17.324515	25.688917	104.468481	27.180919	68.081502	55.430767	6.287007	51.479992	91.583374	72.233458	122.117539	28.534764	1.319352	120.033935	23.406305	63.307704	0.481977	8.131266	86.227441	15.211850	151.738069	8.766207	22.361330	29.951680	0.527745	21.752682	 
74.147745	32.085753	102.685994	8.503177	51.953689	67.021967	68.494043	122.460557	10.167319	27.407316	42.112348	47.271445	228.067128	2.021190	115.316543	15.334865	3.000967	51.276337	84.691591	18.814052	0.975219	50.146737	40.034703	4.728636	91.516168	1.956207	7.907937	6.489949	11.728911	51.038116	32.429426	100.065673	11.828499	29.571384	63.318547	9.249979	62.302456	73.868023	33.741089	5.339153	64.428013	13.934231	186.080863	39.487233	20.547048	50.315293	20.815106	44.850831	10.343323	11.828848	29.013005	26.072529	8.235290	80.530615	105.854891	57.659380	7.907255	53.105650	53.369353	8.712439	48.458775	37.313928	16.895214	106.626915	51.026992	 
31.792080	7.268797	78.863964	64.769898	62.470141	76.526507	267.453244	31.427410	40.826197	90.090462	65.902258	57.592215	15.709947	6.512010	80.952814	96.579379	10.045898	21.019540	28.939530	105.090371	32.295215	13.036310	14.063220	58.451101	47.343768	13.629155	63.438546	9.503078	83.416996	103.629238	59.197502	16.810690	2.378959	15.057100	9.641381	18.050988	6.146089	28.411407	10.574640	7.621180	20.947731	36.032977	4.985792	171.644328	49.631740	55.089134	124.943494	17.406505	7.844427	78.064359	68.362612	2.798483	19.486448	4.673064	0.749978	55.560867	28.825190	11.308577	74.380119	87.140323	41.351338	2.752642	42.719163	2.245256	2.878053	 
38.445753	0.894991	35.934272	42.233262	44.024279	59.203282	31.115672	23.705858	14.695423	79.607859	31.744000	56.007471	4.172086	81.024516	22.540109	96.896388	30.600757	43.651406	52.135847	16.898108	8.272939	24.328248	1.072260	28.515899	6.125855	41.967535	64.132049	18.464490	9.643399	19.356658	0.840889	62.723050	38.692494	158.078978	16.278012	259.508051	62.182642	82.328395	2.071072	36.705480	14.905668	21.262770	19.027422	21.798305	6.845813	92.743676	12.728800	275.481138	38.109352	85.357714	10.198777	22.779667	65.031689	46.912893	109.285009	19.747115	34.907332	64.605258	6.152563	23.092910	57.832221	111.845227	92.712613	140.479247	5.994613	 
40.823830	3.440973	111.581902	19.830766	39.159198	37.082405	19.872571	83.307088	10.869142	25.501599	0.563766	11.818184	50.725555	42.379002	65.060727	1.329148	39.837159	7.197668	41.640721	13.823747	6.772298	8.723233	9.391922	80.252397	37.694508	3.258555	13.150947	16.501269	95.752969	74.226504	48.186295	41.746088	3.836239	49.198080	30.262196	25.153284	127.114661	1.853348	60.941408	32.857141	76.572163	30.637746	43.750951	16.264803	22.554301	16.743108	12.070208	17.237410	12.729410	5.249473	54.478481	15.796384	10.819160	44.122842	80.763666	17.900697	14.699967	81.065213	7.039655	4.677410	127.965247	25.483179	144.489541	113.485176	61.771106	 
0.717034	147.266480	75.720150	61.069626	59.965417	74.539288	102.764813	18.061954	2.792865	34.582111	134.908432	11.914164	125.135083	68.994186	55.401471	27.204713	43.160239	124.822706	2.027898	54.272715	13.557451	7.385108	1.574059	43.337881	121.884011	47.300008	9.491217	26.990432	13.889291	6.786588	17.137648	170.091590	97.105420	130.728620	37.690116	21.231066	47.865325	37.062520	20.639810	32.990358	5.166574	16.129461	0.575052	4.404456	37.980043	12.386571	171.551366	16.244420	44.652490	89.882318	29.011289	27.295438	87.302100	13.961292	46.271185	30.145765	29.892733	28.284038	2.991746	28.602608	0.101119	23.713804	4.672840	4.242926	14.966227	 
3.207214	27.800610	109.515299	36.146961	98.597407	6.089893	9.014667	72.637907	64.822319	121.659558	16.450800	74.276627	2.670224	3.188966	70.622734	59.465484	33.303318	56.481064	42.598915	88.530096	88.124116	61.645427	14.728676	11.952893	25.933028	93.723283	54.298922	35.949296	26.904948	10.208671	19.335721	20.651455	62.432424	25.761737	18.038065	75.338930	40.703024	18.547541	22.738543	107.274947	70.532009	16.479407	99.489006	26.253659	71.589101	27.631232	31.201540	98.718878	118.020833	6.541818	102.416407	4.447041	44.647362	17.616764	5.607572	4.001722	58.796653	98.079562	17.986574	28.336038	2.609972	3.847352	6.102726	4.718463	7.531848	 
6.373039	9.359575	107.248693	17.487411	18.610683	6.235731	50.867408	9.946557	60.274605	75.961968	11.714281	41.466185	137.894418	19.169599	53.518372	96.296026	173.629178	34.771694	2.242239	9.106355	26.553117	61.830277	2.396131	17.236200	173.353367	6.932463	81.979561	13.689133	43.241550	5.783778	6.139331	29.757949	38.450862	10.538158	6.494027	34.032849	19.709054	3.821556	25.660968	49.110574	62.993302	6.928084	136.762512	43.043197	21.742327	14.314777	76.163332	12.196240	0.482241	31.425534	18.240844	5.177979	33.013234	6.885252	8.217317	3.603979	2.155787	21.945031	11.363095	208.593927	52.149318	49.760805	14.198498	27.017169	30.050679	 
24.268959	13.648679	71.492048	29.211693	4.880760	20.588485	65.021696	56.057321	38.165296	249.156997	26.294615	117.999961	27.927942	23.013580	22.143594	3.537009	93.633142	106.341903	48.259225	99.646612	9.303696	63.254246	38.041120	33.017198	2.445693	0.502118	43.645033	16.467743	6.057197	39.130287	55.263665	82.251431	19.328596	146.773937	14.161512	36.657388	58.409072	13.234323	7.704888	3.980457	12.008291	194.531764	56.310580	4.526121	50.492006	62.175449	6.172627	39.690076	34.246204	54.145499	14.523865	11.583333	16.264977	27.486712	11.178261	10.403503	18.788461	61.872180	59.550288	56.426399	90.356550	7.969741	21.495679	2.398448	9.211985	 
7.115967	11.603747	42.238973	20.118979	34.121787	0.972165	8.507223	41.192840	32.223997	122.134395	40.447343	7.553689	1.848130	60.566813	16.945713	10.654247	94.478344	30.489762	39.236074	24.386253	49.391218	36.949628	4.569364	30.567927	60.410232	71.318863	24.943321	15.024408	16.513392	26.289283	92.322592	24.746099	184.959166	46.535256	3.293527	5.341721	14.142341	61.289181	40.896787	163.200805	14.426712	45.458702	24.007116	17.198908	178.723538	10.710036	64.162980	22.720791	7.172564	169.259274	45.674950	69.893641	89.614019	77.773086	97.940306	106.519592	2.086285	42.645318	59.447664	21.222853	32.413485	14.918754	117.084665	9.359298	10.488655	